05 0 0 0 0 0 1 0 0 0 0 0 0 0 0 0 0 0 0 0 0 0 0 0 0 0 0 0 1 05
0 % 0 % 0 % 0 % 0 % 0 % 0 % 0 % 0 % 0 % 0 % 0 % 0 % 0 %
1A 12 9 14 9 109 85 115 83 0 0 0 0 0 0 0 0 0 0 0 0 0 0 0 0 1 0 251 186 1A
75 % 64 % 78 % 72 % 0 % 0 % 0 % 0 % 0 % 0 % 0 % 0 % 0 % 74 %
1A1 0 0 1 1 137 111 125 102 0 0 0 0 0 0 0 0 0 0 0 0 0 0 1 0 7 4 271 218 1A1
0 % 100 % 81 % 82 % 0 % 0 % 0 % 0 % 0 % 0 % 0 % 0 % 57 % 80 %
1B 34 26 30 16 509 380 452 313 2 1 1 0 2 0 4 1 0 0 1 1 2 1 1 1 14 6 1,052 746 1B
76 % 53 % 75 % 69 % 50 % 0 % 0 % 25 % 0 % 100 % 50 % 100 % 43 % 71 %
1C 8 4 4 2 383 273 320 240 0 0 0 0 3 0 1 0 0 0 0 0 0 0 0 0 9 4 728 523 1C
50 % 50 % 71 % 75 % 0 % 0 % 0 % 0 % 0 % 0 % 0 % 0 % 44 % 72 %
1D 0 0 1 0 67 51 57 37 0 0 0 0 0 0 4 1 0 0 0 0 0 0 0 0 1 1 130 90 1D
0 % 0 % 76 % 65 % 0 % 0 % 0 % 25 % 0 % 0 % 0 % 0 % 100 % 69 %
2 666 477 464 277 312 218 254 179 0 0 3 1 8 3 5 3 0 0 0 0 5 1 5 0 24 9 1,746 1,168 2
72 % 60 % 70 % 70 % 0 % 33 % 38 % 60 % 0 % 0 % 20 % 0 % 38 % 67 %
3A 1 1 0 0 134 99 128 104 0 0 0 0 1 1 1 0 0 0 0 0 0 0 0 0 3 1 268 206 3A
100 % 0 % 74 % 81 % 0 % 0 % 100 % 0 % 0 % 0 % 0 % 0 % 33 % 77 %
3B 87 69 70 48 75 55 78 56 0 0 0 0 0 0 0 0 0 0 0 0 1 0 0 0 5 2 316 230 3B
79 % 69 % 73 % 72 % 0 % 0 % 0 % 0 % 0 % 0 % 0 % 0 % 40 % 73 %
3C 195 124 131 78 579 409 460 331 5 3 5 3 14 7 12 5 0 0 0 0 4 2 1 0 23 11 1,429 973 3C
64 % 60 % 71 % 72 % 60 % 60 % 50 % 42 % 0 % 0 % 50 % 0 % 48 % 68 %
4A 7 1 3 1 170 134 164 130 0 0 1 0 1 0 1 0 0 0 0 0 1 0 0 0 10 5 358 271 4A
14 % 33 % 79 % 79 % 0 % 0 % 0 % 0 % 0 % 0 % 0 % 0 % 50 % 76 %
4B 2 0 2 1 209 173 181 152 0 0 0 0 0 0 0 0 0 0 1 1 0 0 1 1 6 2 402 330 4B
0 % 50 % 83 % 84 % 0 % 0 % 0 % 0 % 0 % 100 % 0 % 100 % 33 % 82 %
4C 0 0 2 0 202 149 175 137 0 0 0 0 0 0 0 0 1 1 0 0 1 0 2 1 11 7 394 295 4C
0 % 0 % 74 % 78 % 0 % 0 % 0 % 0 % 100 % 0 % 0 % 50 % 64 % 75 %
4D 19 16 15 10 443 350 392 304 4 3 4 4 8 6 4 1 0 0 0 0 1 0 0 0 11 5 901 699 4D
84 % 67 % 79 % 78 % 75 % 100 % 75 % 25 % 0 % 0 % 0 % 0 % 45 % 78 %
5A 48 27 25 8 432 300 371 240 1 0 0 0 9 5 8 1 0 0 0 0 3 1 1 0 16 9 914 591 5A
56 % 32 % 69 % 65 % 0 % 0 % 56 % 13 % 0 % 0 % 33 % 0 % 56 % 65 %
5B 63 46 37 26 217 155 196 136 0 0 2 1 1 0 3 2 0 0 0 0 1 1 0 0 11 7 531 374 5B
73 % 70 % 71 % 69 % 0 % 50 % 0 % 67 % 0 % 0 % 100 % 0 % 64 % 70 %
5C 1 1 4 2 159 116 162 114 1 1 0 0 2 2 1 0 0 0 0 0 0 0 0 0 4 4 334 240 5C
100 % 50 % 73 % 70 % 100 % 0 % 100 % 0 % 0 % 0 % 0 % 0 % 100 % 72 %
TOTALS 1,143 801 803 479 4,137 3,059 3,630 2,658 13 8 16 9 49 24 44 14 1 1 2 2 19 6 12 3 156 77 10,025 7,141 5C
70 % 60 % 74 % 73 % 62 % 56 % 49 % 32 % 100 % 100 % 32 % 25 % 49 % 71 %