DOUGLAS 375 303 211 128 1,070 848 884 690 6 2 3 3 9 6 13 6 0 0 1 1 3 4 6 3 117 69 2,698 2,063 DOUGL
81 % 61 % 79 % 78 % 33 % 100 % 67 % 46 % 0 % 100 % 133 % 50 % 59 % 76 %
NEW_LACY 30 22 22 14 397 334 388 307 0 0 0 0 3 1 1 0 0 0 0 0 1 1 0 0 36 23 878 702 NEW_L
73 % 64 % 84 % 79 % 0 % 0 % 33 % 0 % 0 % 0 % 100 % 0 % 64 % 80 %
TAYLOR 3 2 0 0 343 272 331 278 0 0 1 1 2 0 0 0 0 0 1 1 3 3 0 0 16 10 700 567 TAYLO
67 % 0 % 79 % 84 % 0 % 100 % 0 % 0 % 0 % 100 % 100 % 0 % 63 % 81 %
WARE 1 1 4 3 204 168 191 154 0 0 0 0 2 1 1 1 0 0 0 0 0 0 0 0 20 11 423 339 WARE
100 % 75 % 82 % 81 % 0 % 0 % 50 % 100 % 0 % 0 % 0 % 0 % 55 % 80 %
WARNOCK 2 1 3 1 160 132 134 109 0 0 0 0 1 1 0 0 0 0 0 0 0 0 1 1 8 5 309 250 WARNO
50 % 33 % 83 % 81 % 0 % 0 % 100 % 0 % 0 % 0 % 0 % 100 % 63 % 81 %
03 0 0 0 0 0 1 0 1 0 0 0 0 0 0 0 0 0 0 0 0 0 0 0 0 0 0 0 2 03
0 % 0 % 0 % 0 % 0 % 0 % 0 % 0 % 0 % 0 % 0 % 0 % 0 % 0 %
100 0 0 0 0 0 1 0 0 0 0 0 0 0 0 0 0 0 0 0 0 0 0 0 0 0 0 0 1 100
0 % 0 % 0 % 0 % 0 % 0 % 0 % 0 % 0 % 0 % 0 % 0 % 0 % 0 %
400 0 0 0 0 0 1 0 0 0 0 0 0 0 0 0 0 0 0 0 0 0 0 0 0 0 0 0 1 400
0 % 0 % 0 % 0 % 0 % 0 % 0 % 0 % 0 % 0 % 0 % 0 % 0 % 0 %
TOTALS 411 329 240 146 2,174 1,757 1,928 1,539 6 2 4 4 17 9 15 7 0 0 2 2 7 8 7 4 197 118 5,008 3,925 400
80 % 61 % 81 % 80 % 33 % 100 % 53 % 47 % 0 % 100 % 114 % 57 % 60 % 78 %