ANNA 22 16 22 12 53 45 50 38 0 0 0 0 0 0 0 0 0 0 0 0 0 0 0 0 3 3 150 114 A
73 % 55 % 85 % 76 % 0 % 0 % 0 % 0 % 0 % 0 % 0 % 0 % 100 % 76 %
ELMODEL 123 93 107 72 98 78 94 68 0 0 0 0 1 0 2 1 0 0 0 0 0 0 1 1 2 0 428 313 E
76 % 67 % 80 % 72 % 0 % 0 % 0 % 50 % 0 % 0 % 0 % 100 % 0 % 73 %
HOGGARDS_M 103 68 76 50 59 46 65 46 0 0 0 0 1 0 0 0 0 0 0 0 1 1 2 0 4 2 311 213 H
66 % 66 % 78 % 71 % 0 % 0 % 0 % 0 % 0 % 0 % 100 % 0 % 50 % 68 %
MILFORD 70 55 51 41 81 66 73 61 4 1 2 1 0 0 0 0 0 0 0 0 0 0 0 0 4 3 285 228 M
79 % 80 % 81 % 84 % 25 % 50 % 0 % 0 % 0 % 0 % 0 % 0 % 75 % 80 %
NEWTON 254 195 188 119 288 211 243 195 1 1 2 1 3 2 1 1 0 0 0 0 2 1 0 0 6 6 988 732 N
77 % 63 % 73 % 80 % 100 % 50 % 67 % 100 % 0 % 0 % 50 % 0 % 100 % 74 %
05 0 0 0 1 0 0 0 0 0 0 0 0 0 0 0 0 0 0 0 0 0 0 0 0 0 0 0 1 05
0 % 0 % 0 % 0 % 0 % 0 % 0 % 0 % 0 % 0 % 0 % 0 % 0 % 0 %
1 0 2 0 0 0 0 0 0 0 0 0 0 0 0 0 0 0 0 0 0 0 0 0 0 0 0 0 2 1
0 % 0 % 0 % 0 % 0 % 0 % 0 % 0 % 0 % 0 % 0 % 0 % 0 % 0 %
1277 0 0 0 0 0 0 0 1 0 0 0 0 0 0 0 0 0 0 0 0 0 0 0 0 0 0 0 1 1277
0 % 0 % 0 % 0 % 0 % 0 % 0 % 0 % 0 % 0 % 0 % 0 % 0 % 0 %
514 0 1 0 0 0 0 0 0 0 0 0 0 0 0 0 0 0 0 0 0 0 0 0 0 0 0 0 1 514
0 % 0 % 0 % 0 % 0 % 0 % 0 % 0 % 0 % 0 % 0 % 0 % 0 % 0 %
7 0 0 0 0 0 1 0 1 0 0 0 0 0 0 0 0 0 0 0 0 0 0 0 0 0 0 0 2 7
0 % 0 % 0 % 0 % 0 % 0 % 0 % 0 % 0 % 0 % 0 % 0 % 0 % 0 %
TOTALS 572 430 444 295 579 447 525 410 5 2 4 2 5 2 3 2 0 0 0 0 3 2 3 1 19 14 2,162 1,607 7
75 % 66 % 77 % 78 % 40 % 50 % 40 % 67 % 0 % 0 % 67 % 33 % 74 % 74 %