SOUTH_MILL 603 439 312 204 287 171 219 132 10 3 14 6 9 3 3 2 1 0 0 0 7 2 7 5 25 12 1,497 979 CTY1
73 % 65 % 60 % 60 % 30 % 43 % 33 % 67 % 0 % 0 % 29 % 71 % 48 % 65 %
CITY_HALL 181 149 140 90 146 93 130 81 6 2 6 3 2 2 0 0 0 0 1 0 0 0 2 1 11 4 625 425 CTY2
82 % 64 % 64 % 62 % 33 % 50 % 100 % 0 % 0 % 0 % 0 % 50 % 36 % 68 %
BODDIE 309 215 132 79 141 97 113 73 0 0 0 0 2 3 0 1 0 0 1 0 2 2 0 0 15 8 715 478 CTY3
70 % 60 % 69 % 65 % 0 % 0 % 150 % 0 % 0 % 0 % 100 % 0 % 53 % 67 %
COURTHOUSE 119 88 78 48 385 184 289 152 3 3 2 1 10 4 5 3 0 0 0 0 4 2 2 2 15 7 912 494 CTY4
74 % 62 % 48 % 53 % 100 % 50 % 40 % 60 % 0 % 0 % 50 % 100 % 47 % 54 %
FIRE_DEPT 386 321 258 200 207 152 179 139 7 4 6 1 2 2 3 1 0 0 0 0 2 2 1 1 17 10 1,068 833 CTY5
83 % 78 % 73 % 78 % 57 % 17 % 100 % 33 % 0 % 0 % 100 % 100 % 59 % 78 %
NORTH_MILL 356 289 211 159 603 466 480 374 15 8 4 3 4 1 3 2 0 0 2 2 4 3 6 3 20 15 1,708 1,325 CTY6
81 % 75 % 77 % 78 % 53 % 75 % 25 % 67 % 0 % 100 % 75 % 50 % 75 % 78 %
EM6 0 1 0 0 0 0 0 0 0 0 0 0 0 0 0 0 0 0 0 0 0 0 0 0 0 0 0 1 EM6
0 % 0 % 0 % 0 % 0 % 0 % 0 % 0 % 0 % 0 % 0 % 0 % 0 % 0 %
HA7 0 0 0 0 0 0 0 0 0 0 0 0 0 0 0 0 0 0 0 0 0 1 0 0 0 0 0 1 HA7
0 % 0 % 0 % 0 % 0 % 0 % 0 % 0 % 0 % 0 % 0 % 0 % 0 % 0 %
MERIWEATHE 302 255 238 175 802 644 707 562 7 5 6 4 10 8 9 7 0 0 0 0 11 5 9 6 49 37 2,150 1,708 MERI
84 % 74 % 80 % 79 % 71 % 67 % 80 % 78 % 0 % 0 % 45 % 67 % 76 % 79 %
EAST_BALDW 620 527 454 326 982 777 877 693 3 1 3 0 6 3 6 4 1 1 1 0 7 4 3 1 52 37 3,015 2,374 MONT
85 % 72 % 79 % 79 % 33 % 0 % 50 % 67 % 100 % 0 % 57 % 33 % 71 % 79 %
MO2 0 1 0 0 0 0 0 0 0 0 0 0 0 0 0 0 0 0 0 0 0 0 0 0 0 0 0 1 MO2
0 % 0 % 0 % 0 % 0 % 0 % 0 % 0 % 0 % 0 % 0 % 0 % 0 % 0 %
004 0 1 0 0 0 0 0 0 0 0 0 0 0 0 0 0 0 0 0 0 0 0 0 0 0 0 0 1 004
0 % 0 % 0 % 0 % 0 % 0 % 0 % 0 % 0 % 0 % 0 % 0 % 0 % 0 %
06 0 0 0 0 0 1 0 0 0 0 0 0 0 0 0 0 0 0 0 0 0 0 0 0 0 0 0 1 06
0 % 0 % 0 % 0 % 0 % 0 % 0 % 0 % 0 % 0 % 0 % 0 % 0 % 0 %
06E 0 0 0 0 0 0 0 1 0 0 0 0 0 0 0 0 0 0 0 0 0 0 0 0 0 0 0 1 06E
0 % 0 % 0 % 0 % 0 % 0 % 0 % 0 % 0 % 0 % 0 % 0 % 0 % 0 %
07 0 0 0 1 0 0 0 0 0 0 0 0 0 0 0 0 0 0 0 0 0 0 0 0 0 0 0 1 07
0 % 0 % 0 % 0 % 0 % 0 % 0 % 0 % 0 % 0 % 0 % 0 % 0 % 0 %
08 0 1 0 1 0 0 0 0 0 0 0 0 0 0 0 0 0 0 0 0 0 0 0 0 0 0 0 2 08
0 % 0 % 0 % 0 % 0 % 0 % 0 % 0 % 0 % 0 % 0 % 0 % 0 % 0 %
1B 0 0 0 0 0 1 0 0 0 0 0 0 0 0 0 0 0 0 0 0 0 0 0 0 0 0 0 1 1B
0 % 0 % 0 % 0 % 0 % 0 % 0 % 0 % 0 % 0 % 0 % 0 % 0 % 0 %
10 0 1 0 0 0 0 0 0 0 0 0 0 0 0 0 0 0 0 0 0 0 0 0 0 0 0 0 1 10
0 % 0 % 0 % 0 % 0 % 0 % 0 % 0 % 0 % 0 % 0 % 0 % 0 % 0 %
104 0 0 0 0 0 0 0 1 0 0 0 0 0 0 0 0 0 0 0 0 0 0 0 0 0 0 0 1 104
0 % 0 % 0 % 0 % 0 % 0 % 0 % 0 % 0 % 0 % 0 % 0 % 0 % 0 %
107 0 0 0 0 0 1 0 2 0 0 0 0 0 0 0 0 0 0 0 0 0 0 0 0 0 0 0 3 107
0 % 0 % 0 % 0 % 0 % 0 % 0 % 0 % 0 % 0 % 0 % 0 % 0 % 0 %
12 0 0 0 0 0 1 0 0 0 0 0 0 0 0 0 0 0 0 0 0 0 0 0 0 0 0 0 1 12
0 % 0 % 0 % 0 % 0 % 0 % 0 % 0 % 0 % 0 % 0 % 0 % 0 % 0 %
1468 0 0 0 0 0 1 0 1 0 0 0 0 0 0 0 0 0 0 0 0 0 0 0 0 0 0 0 2 1468
0 % 0 % 0 % 0 % 0 % 0 % 0 % 0 % 0 % 0 % 0 % 0 % 0 % 0 %
SCOTTSBORO 139 125 96 70 322 223 300 206 3 2 3 2 1 0 0 0 0 0 0 0 1 1 3 3 13 9 881 641 1714
90 % 73 % 69 % 69 % 67 % 67 % 0 % 0 % 0 % 0 % 100 % 100 % 69 % 73 %
2B 0 0 0 0 0 1 0 0 0 0 0 0 0 0 0 0 0 0 0 0 0 0 0 0 0 0 0 1 2B
0 % 0 % 0 % 0 % 0 % 0 % 0 % 0 % 0 % 0 % 0 % 0 % 0 % 0 %
NORTH_BALD 238 205 175 143 1,260 1,006 1,040 847 22 13 20 11 16 10 5 4 0 0 0 0 5 3 5 5 45 31 2,831 2,278 318
86 % 82 % 80 % 81 % 59 % 55 % 63 % 80 % 0 % 0 % 60 % 100 % 69 % 80 %
WEST_BALDW 360 320 283 209 444 341 401 313 4 2 1 1 1 1 0 0 1 1 0 0 2 2 2 1 27 18 1,526 1,209 319
89 % 74 % 77 % 78 % 50 % 100 % 100 % 0 % 100 % 0 % 100 % 50 % 67 % 79 %
EAST_HARDW 500 377 279 171 114 68 95 65 2 2 1 1 0 0 1 0 0 0 0 0 4 2 2 0 14 9 1,012 695 321E
75 % 61 % 60 % 68 % 100 % 100 % 0 % 0 % 0 % 0 % 50 % 0 % 64 % 69 %
WEST_HARDW 1,103 922 698 486 396 259 298 219 1 0 2 0 4 4 5 3 1 0 0 0 5 3 4 1 42 23 2,559 1,920 321W
84 % 70 % 65 % 73 % 0 % 0 % 100 % 60 % 0 % 0 % 60 % 25 % 55 % 75 %
COOPERS 151 120 132 97 512 387 445 347 2 2 1 1 1 0 2 2 0 0 0 0 1 0 1 0 15 10 1,263 966 322
79 % 73 % 76 % 78 % 100 % 100 % 0 % 100 % 0 % 0 % 0 % 0 % 67 % 76 %
5 0 0 0 0 0 1 0 0 0 0 0 0 0 0 0 0 0 0 0 0 0 0 0 0 0 0 0 1 5
0 % 0 % 0 % 0 % 0 % 0 % 0 % 0 % 0 % 0 % 0 % 0 % 0 % 0 %
6 0 0 0 0 0 0 0 1 0 0 0 0 0 0 0 0 0 0 0 0 0 0 0 0 0 0 0 1 6
0 % 0 % 0 % 0 % 0 % 0 % 0 % 0 % 0 % 0 % 0 % 0 % 0 % 0 %
99 0 0 0 0 0 0 0 1 0 0 0 0 0 0 0 0 0 0 0 0 0 0 0 0 0 0 0 1 99
0 % 0 % 0 % 0 % 0 % 0 % 0 % 0 % 0 % 0 % 0 % 0 % 0 % 0 %
TOTALS 5,367 4,357 3,486 2,459 6,601 4,875 5,573 4,210 85 47 69 34 68 41 42 29 4 2 5 2 55 32 47 29 360 230 21,762 16,347 99
81 % 71 % 74 % 76 % 55 % 49 % 60 % 69 % 50 % 40 % 58 % 62 % 64 % 75 %