N0255 0 0 0 0 0 1 0 0 0 0 0 0 0 0 0 0 0 0 0 0 0 0 0 0 0 0 0 1 N0255
0 % 0 % 0 % 0 % 0 % 0 % 0 % 0 % 0 % 0 % 0 % 0 % 0 % 0 %
S0255 0 0 0 0 0 2 0 0 0 0 0 0 0 0 0 0 0 0 0 0 0 0 0 0 0 0 0 2 S0255
0 % 0 % 0 % 0 % 0 % 0 % 0 % 0 % 0 % 0 % 0 % 0 % 0 % 0 %
ANDERSON 10 4 6 1 512 378 464 334 4 2 1 0 5 3 5 3 0 0 1 1 1 1 2 2 20 14 1,031 743 0001
40 % 17 % 74 % 72 % 50 % 0 % 60 % 60 % 0 % 100 % 100 % 100 % 70 % 72 %
BALDWIN 3 2 1 1 325 219 273 193 1 0 3 1 4 1 6 1 0 0 0 0 0 0 0 0 8 3 624 421 0002
67 % 100 % 67 % 71 % 0 % 33 % 25 % 17 % 0 % 0 % 0 % 0 % 38 % 67 %
BERLIN 2 2 2 1 138 107 122 98 1 1 0 0 0 0 0 0 0 0 0 0 0 0 1 1 3 2 269 212 0003
100 % 50 % 78 % 80 % 100 % 0 % 0 % 0 % 0 % 0 % 0 % 100 % 67 % 79 %
BUSHVILLE 11 3 8 2 266 180 229 165 1 0 0 0 4 2 6 0 1 0 0 0 0 0 2 1 17 8 545 361 0004
27 % 25 % 68 % 72 % 0 % 0 % 50 % 0 % 0 % 0 % 0 % 50 % 47 % 66 %
COLUMBIA 0 0 0 0 139 112 130 108 0 0 0 0 2 0 0 0 0 0 0 0 1 0 0 0 4 3 276 223 0005
0 % 0 % 81 % 83 % 0 % 0 % 0 % 0 % 0 % 0 % 0 % 0 % 75 % 81 %
DAVIDS 28 22 34 18 556 399 523 365 8 2 7 2 4 1 3 1 2 0 0 0 3 3 3 2 61 25 1,232 840 0006
79 % 53 % 72 % 70 % 25 % 29 % 25 % 33 % 0 % 0 % 100 % 67 % 41 % 68 %
GOLDEN_HIL 4 4 4 3 329 218 293 209 0 0 0 0 5 1 9 4 0 0 0 0 1 0 0 0 16 6 661 445 0007
100 % 75 % 66 % 71 % 0 % 0 % 20 % 44 % 0 % 0 % 0 % 0 % 38 % 67 %
GROVE_RIVE 0 0 1 1 197 143 192 149 1 1 1 1 2 1 2 0 0 0 0 0 0 0 0 0 11 7 407 303 0008
0 % 100 % 73 % 78 % 100 % 100 % 50 % 0 % 0 % 0 % 0 % 0 % 64 % 74 %
HOLLINGSWO 1 0 2 2 244 173 228 166 1 1 6 4 0 0 1 0 0 0 0 0 0 0 0 0 24 15 507 361 0009
0 % 100 % 71 % 73 % 100 % 67 % 0 % 0 % 0 % 0 % 0 % 0 % 63 % 71 %
001 0 0 0 0 0 0 0 1 0 0 0 0 0 0 0 0 0 0 0 0 0 0 0 0 0 0 0 1 001
0 % 0 % 0 % 0 % 0 % 0 % 0 % 0 % 0 % 0 % 0 % 0 % 0 % 0 %
HOMER 12 6 10 5 522 360 450 327 1 1 3 2 2 1 1 0 2 0 0 0 1 0 3 1 33 18 1,040 721 0010
50 % 50 % 69 % 73 % 100 % 67 % 50 % 0 % 0 % 0 % 0 % 33 % 55 % 69 %
POPLAR_SPR 3 3 8 5 582 425 539 403 3 1 3 2 3 1 2 0 0 0 0 0 3 3 0 0 34 20 1,180 863 0011
100 % 63 % 73 % 75 % 33 % 67 % 33 % 0 % 0 % 0 % 100 % 0 % 59 % 73 %
WASHINGTON 3 0 3 2 241 177 253 182 0 0 1 1 3 1 0 0 0 0 0 0 2 2 0 0 10 7 516 372 0012
0 % 67 % 73 % 72 % 0 % 100 % 33 % 0 % 0 % 0 % 100 % 0 % 70 % 72 %
WILMONTS 3 1 3 3 236 166 206 163 2 2 0 0 4 4 4 2 0 0 0 0 1 0 4 4 8 8 471 353 0013
33 % 100 % 70 % 79 % 100 % 0 % 100 % 50 % 0 % 0 % 0 % 100 % 100 % 75 %
012 0 0 0 0 0 0 0 1 0 0 0 0 0 0 0 0 0 0 0 0 0 0 0 0 0 0 0 1 012
0 % 0 % 0 % 0 % 0 % 0 % 0 % 0 % 0 % 0 % 0 % 0 % 0 % 0 %
03 0 0 0 0 0 1 0 0 0 0 0 0 0 0 0 0 0 0 0 0 0 0 0 0 0 0 0 1 03
0 % 0 % 0 % 0 % 0 % 0 % 0 % 0 % 0 % 0 % 0 % 0 % 0 % 0 %
05 0 0 0 0 0 1 0 0 0 0 0 0 0 0 0 0 0 0 0 0 0 0 0 0 0 1 0 2 05
0 % 0 % 0 % 0 % 0 % 0 % 0 % 0 % 0 % 0 % 0 % 0 % 0 % 0 %
118 0 0 0 0 0 1 0 0 0 0 0 0 0 0 0 0 0 0 0 0 0 0 0 0 0 0 0 1 118
0 % 0 % 0 % 0 % 0 % 0 % 0 % 0 % 0 % 0 % 0 % 0 % 0 % 0 %
155 0 0 0 0 0 1 0 0 0 0 0 0 0 0 0 0 0 0 0 0 0 0 0 0 0 0 0 1 155
0 % 0 % 0 % 0 % 0 % 0 % 0 % 0 % 0 % 0 % 0 % 0 % 0 % 0 %
TOTALS 80 47 82 44 4,287 3,064 3,902 2,864 23 11 25 13 38 16 39 11 5 0 1 1 13 9 15 11 249 137 8,759 6,228 155