ADAIRSVILL 194 123 139 80 2,084 1,458 1,895 1,321 6 3 10 6 28 13 22 7 1 1 1 0 5 3 8 1 237 132 4,630 3,148 01
63 % 58 % 70 % 70 % 50 % 60 % 46 % 32 % 100 % 0 % 60 % 13 % 56 % 68 %
ALLATOONA 94 71 70 47 1,210 801 1,097 752 10 3 7 6 24 13 22 5 1 0 0 0 10 8 6 4 337 184 2,888 1,894 02
76 % 67 % 66 % 69 % 30 % 86 % 54 % 23 % 0 % 0 % 80 % 67 % 55 % 66 %
CARTERSVIL 406 313 252 165 1,871 1,363 1,490 1,112 16 9 26 11 33 19 53 27 0 0 2 0 13 10 13 5 394 210 4,569 3,244 03
77 % 65 % 73 % 75 % 56 % 42 % 58 % 51 % 0 % 0 % 77 % 38 % 53 % 71 %
CARTERSVIL 484 367 337 209 2,087 1,670 1,807 1,455 13 6 9 5 34 12 41 22 2 1 0 0 8 5 7 3 348 221 5,177 3,976 04
76 % 62 % 80 % 81 % 46 % 56 % 35 % 54 % 50 % 0 % 63 % 43 % 64 % 77 %
04K 0 0 0 0 0 0 0 2 0 0 0 0 0 0 0 0 0 0 0 0 0 0 0 0 0 0 0 2 04K
0 % 0 % 0 % 0 % 0 % 0 % 0 % 0 % 0 % 0 % 0 % 0 % 0 % 0 %
BEAVERS_DR 149 120 116 88 1,675 1,273 1,540 1,165 11 5 10 6 34 22 21 11 0 0 0 0 11 7 12 9 259 158 3,838 2,864 05
81 % 76 % 76 % 76 % 45 % 60 % 65 % 52 % 0 % 0 % 64 % 75 % 61 % 75 %
CENTER 64 50 32 27 1,194 944 1,091 875 6 5 7 5 16 9 9 4 0 0 0 1 3 1 6 6 219 128 2,647 2,055 06
78 % 84 % 79 % 80 % 83 % 71 % 56 % 44 % 0 % 0 % 33 % 100 % 58 % 78 %
EMERSON 53 41 34 28 946 686 894 639 4 2 1 1 15 11 15 7 0 0 0 0 5 5 4 3 181 95 2,152 1,518 07
77 % 82 % 73 % 71 % 50 % 100 % 73 % 47 % 0 % 0 % 100 % 75 % 52 % 71 %
EUHARLEE 149 110 105 76 1,090 817 1,014 756 2 1 1 1 25 14 16 8 0 0 0 0 6 5 10 7 209 123 2,627 1,918 08
74 % 72 % 75 % 75 % 50 % 100 % 56 % 50 % 0 % 0 % 83 % 70 % 59 % 73 %
FOLSOM 1 0 2 1 472 334 440 308 3 2 0 0 2 1 2 0 1 0 0 0 0 0 1 0 45 25 969 671 09
0 % 50 % 71 % 70 % 67 % 0 % 50 % 0 % 0 % 0 % 0 % 0 % 56 % 69 %
KINGSTON 70 57 59 40 836 601 812 552 1 1 1 1 5 5 8 3 1 0 0 0 5 3 2 0 113 57 1,913 1,320 10
81 % 68 % 72 % 68 % 100 % 100 % 100 % 38 % 0 % 0 % 60 % 0 % 50 % 69 %
MISSION_RO 235 192 190 132 1,804 1,332 1,566 1,166 3 2 4 1 24 15 27 17 0 0 3 2 13 11 4 1 273 150 4,146 3,021 11
82 % 69 % 74 % 74 % 67 % 25 % 63 % 63 % 0 % 67 % 85 % 25 % 55 % 73 %
PINE_LOG 13 10 15 9 719 574 727 562 1 1 0 0 4 3 6 2 0 0 1 1 4 3 3 2 78 44 1,571 1,211 12
77 % 60 % 80 % 77 % 100 % 0 % 75 % 33 % 0 % 100 % 75 % 67 % 56 % 77 %
TAYLORSVIL 14 14 12 13 943 732 879 693 3 1 2 1 11 4 10 3 0 0 0 0 1 1 2 0 113 66 1,990 1,528 14
100 % 108 % 78 % 79 % 33 % 50 % 36 % 30 % 0 % 0 % 100 % 0 % 58 % 77 %
WHITE 24 21 23 20 841 638 812 604 3 2 1 0 8 4 8 4 0 0 0 0 2 1 6 3 125 76 1,853 1,373 15
88 % 87 % 76 % 74 % 67 % 0 % 50 % 50 % 0 % 0 % 50 % 50 % 61 % 74 %
ZENA_DRIVE 412 329 267 170 1,573 1,088 1,179 847 14 7 18 10 47 25 37 15 0 0 0 0 17 11 9 4 456 261 4,029 2,767 16
80 % 64 % 69 % 72 % 50 % 56 % 53 % 41 % 0 % 0 % 65 % 44 % 57 % 69 %
CASSVILLE 270 210 205 136 1,522 1,086 1,375 993 7 4 4 0 62 42 41 19 1 0 2 0 10 3 15 8 310 164 3,824 2,665 17
78 % 66 % 71 % 72 % 57 % 0 % 68 % 46 % 0 % 0 % 30 % 53 % 53 % 70 %
WOODLAND_H 34 23 18 12 481 357 422 321 1 1 1 1 10 6 12 6 0 0 0 0 0 0 2 2 93 49 1,074 778 18
68 % 67 % 74 % 76 % 100 % 100 % 60 % 50 % 0 % 0 % 0 % 100 % 53 % 72 %
TOTALS 2,666 2,051 1,876 1,253 21,348 15,754 19,040 14,123 104 55 102 55 382 218 350 160 7 2 9 4 113 77 110 58 3,790 2,143 49,897 35,953 18
77 % 67 % 74 % 74 % 53 % 54 % 57 % 46 % 29 % 44 % 68 % 53 % 57 % 72 %