PE 0 0 0 0 0 0 0 1 0 0 0 0 0 0 0 0 0 0 0 0 0 0 0 0 0 0 0 1 PE
0 % 0 % 0 % 0 % 0 % 0 % 0 % 0 % 0 % 0 % 0 % 0 % 0 % 0 %
0901 0 0 0 0 0 0 0 1 0 0 0 0 0 0 0 0 0 0 0 0 0 0 0 0 0 0 0 1 0901
0 % 0 % 0 % 0 % 0 % 0 % 0 % 0 % 0 % 0 % 0 % 0 % 0 % 0 %
EAST 927 709 617 385 591 394 502 361 3 2 1 1 7 3 8 4 0 0 0 0 2 2 2 1 40 23 2,700 1,885 1
76 % 62 % 67 % 72 % 67 % 100 % 43 % 50 % 0 % 0 % 100 % 50 % 58 % 70 %
1157 0 0 0 0 0 1 0 0 0 0 0 0 0 0 0 0 0 0 0 0 0 0 0 0 0 0 0 1 1157
0 % 0 % 0 % 0 % 0 % 0 % 0 % 0 % 0 % 0 % 0 % 0 % 0 % 0 %
1199 0 0 0 0 0 0 0 1 0 0 0 0 0 0 0 0 0 0 0 0 0 0 0 0 0 0 0 1 1199
0 % 0 % 0 % 0 % 0 % 0 % 0 % 0 % 0 % 0 % 0 % 0 % 0 % 0 %
1661 0 0 0 0 0 0 0 1 0 0 0 0 0 0 0 0 0 0 0 0 0 0 0 0 0 0 0 1 1661
0 % 0 % 0 % 0 % 0 % 0 % 0 % 0 % 0 % 0 % 0 % 0 % 0 % 0 %
1753 0 0 0 0 0 3 0 1 0 0 0 0 0 0 0 0 0 0 0 0 0 0 0 0 0 0 0 4 1753
0 % 0 % 0 % 0 % 0 % 0 % 0 % 0 % 0 % 0 % 0 % 0 % 0 % 0 %
WEST 415 308 281 154 1,165 876 990 764 7 2 6 3 11 7 9 2 0 0 0 0 7 6 2 2 57 35 2,950 2,159 2
74 % 55 % 75 % 77 % 29 % 50 % 64 % 22 % 0 % 0 % 86 % 100 % 61 % 73 %
WILLIAMSON 1 1 1 1 81 53 79 57 0 0 0 0 0 0 1 0 0 0 0 0 0 0 0 0 1 0 164 112 3
100 % 100 % 65 % 72 % 0 % 0 % 0 % 0 % 0 % 0 % 0 % 0 % 0 % 68 %
SPECIAL_EA 164 110 74 42 232 148 196 139 1 1 1 0 17 8 7 4 1 0 0 0 0 0 1 0 10 6 704 458 4
67 % 57 % 64 % 71 % 100 % 0 % 47 % 57 % 0 % 0 % 0 % 0 % 60 % 65 %
SPECIAL_WE 328 228 166 98 739 520 672 482 2 2 3 3 17 4 8 2 0 0 1 1 3 3 4 2 43 20 1,986 1,365 5
70 % 59 % 70 % 72 % 100 % 100 % 24 % 25 % 0 % 100 % 100 % 50 % 47 % 69 %
TOTALS 1,835 1,356 1,139 680 2,808 1,995 2,439 1,808 13 7 11 7 52 22 33 12 1 0 1 1 12 11 9 5 151 84 8,504 5,988 5
74 % 60 % 71 % 74 % 54 % 64 % 42 % 36 % 0 % 100 % 92 % 56 % 56 % 70 %