03 0 0 0 0 0 0 0 0 0 0 0 0 0 0 0 0 0 0 0 0 0 0 0 0 0 1 0 1 03
0 % 0 % 0 % 0 % 0 % 0 % 0 % 0 % 0 % 0 % 0 % 0 % 0 % 0 %
06 0 0 0 0 0 1 0 0 0 0 0 0 0 0 0 0 0 0 0 0 0 0 0 0 0 0 0 1 06
0 % 0 % 0 % 0 % 0 % 0 % 0 % 0 % 0 % 0 % 0 % 0 % 0 % 0 %
WEST_BERRI 3 2 5 3 398 304 374 295 0 0 1 0 0 0 8 1 0 0 1 1 0 0 0 0 8 4 798 610 11062
67 % 60 % 76 % 79 % 0 % 0 % 0 % 13 % 0 % 100 % 0 % 0 % 50 % 76 %
RAY_CITY 57 47 40 26 385 271 326 239 2 1 2 0 7 5 3 2 1 0 0 0 2 2 1 1 44 22 870 616 1144
82 % 65 % 70 % 73 % 50 % 0 % 71 % 67 % 0 % 0 % 100 % 100 % 50 % 71 %
EAST_BERRI 5 5 5 2 297 220 277 224 0 0 0 0 2 2 0 0 0 0 0 0 2 1 1 1 12 7 601 462 1148
100 % 40 % 74 % 81 % 0 % 0 % 100 % 0 % 0 % 0 % 50 % 100 % 58 % 77 %
NASHVILLE 262 212 173 106 1,833 1,356 1,543 1,174 5 2 5 2 15 8 10 2 1 0 0 0 3 1 6 4 114 61 3,970 2,928 1157
81 % 61 % 74 % 76 % 40 % 40 % 53 % 20 % 0 % 0 % 33 % 67 % 54 % 74 %
12 0 1 0 0 0 1 0 1 0 0 0 0 0 0 0 0 0 0 0 0 0 0 0 0 0 0 0 3 12
0 % 0 % 0 % 0 % 0 % 0 % 0 % 0 % 0 % 0 % 0 % 0 % 0 % 0 %
LOIS 8 6 6 5 221 178 203 164 0 0 0 0 1 0 1 0 0 0 0 0 1 1 0 0 19 12 460 366 1329
75 % 83 % 81 % 81 % 0 % 0 % 0 % 0 % 0 % 0 % 100 % 0 % 63 % 80 %
1529 0 0 0 0 0 0 0 1 0 0 0 0 0 0 0 0 0 0 0 0 0 0 0 0 0 0 0 1 1529
0 % 0 % 0 % 0 % 0 % 0 % 0 % 0 % 0 % 0 % 0 % 0 % 0 % 0 %
ENIGMA 22 17 22 17 371 258 316 238 0 0 1 0 6 5 2 1 0 0 0 0 0 0 2 0 11 6 753 542 1642
77 % 77 % 70 % 75 % 0 % 0 % 83 % 50 % 0 % 0 % 0 % 0 % 55 % 72 %
4 0 1 0 0 0 0 0 0 0 0 0 0 0 0 0 0 0 0 0 0 0 0 0 0 0 0 0 1 4
0 % 0 % 0 % 0 % 0 % 0 % 0 % 0 % 0 % 0 % 0 % 0 % 0 % 0 %
ALAPAHA 129 108 83 58 335 284 311 247 0 0 0 0 2 2 1 1 0 0 0 0 1 0 0 0 20 15 882 715 518
84 % 70 % 85 % 79 % 0 % 0 % 100 % 100 % 0 % 0 % 0 % 0 % 75 % 81 %
TOTALS 486 399 334 217 3,840 2,873 3,350 2,583 7 3 9 2 33 22 25 7 2 0 1 1 9 5 10 6 228 128 8,334 6,246 518
82 % 65 % 75 % 77 % 43 % 22 % 67 % 28 % 0 % 100 % 56 % 60 % 56 % 75 %