ANNX 0 0 0 1 0 0 0 0 0 0 0 0 0 0 0 0 0 0 0 0 0 0 0 0 0 0 0 1 ANNX
0 % 0 % 0 % 0 % 0 % 0 % 0 % 0 % 0 % 0 % 0 % 0 % 0 % 0 %
B2 0 0 0 0 0 1 0 0 0 0 0 0 0 0 0 0 0 0 0 0 0 0 0 0 0 0 0 1 B2
0 % 0 % 0 % 0 % 0 % 0 % 0 % 0 % 0 % 0 % 0 % 0 % 0 % 0 %
CENT 0 0 0 1 0 0 0 0 0 0 0 0 0 0 0 0 0 0 0 0 0 0 0 0 0 0 0 1 CENT
0 % 0 % 0 % 0 % 0 % 0 % 0 % 0 % 0 % 0 % 0 % 0 % 0 % 0 %
CTY4 0 0 0 0 0 0 0 1 0 0 0 0 0 0 0 0 0 0 0 0 0 0 0 0 0 0 0 1 CTY4
0 % 0 % 0 % 0 % 0 % 0 % 0 % 0 % 0 % 0 % 0 % 0 % 0 % 0 %
EAST_MACON 1,055 726 716 374 34 18 27 15 3 2 1 1 3 0 3 1 0 0 0 0 5 1 1 0 61 20 1,909 1,158 EM1
69 % 52 % 53 % 56 % 67 % 100 % 0 % 33 % 0 % 0 % 20 % 0 % 33 % 61 %
EAST_MACON 850 697 588 410 65 42 45 25 1 0 0 0 0 0 1 1 0 0 1 0 7 2 1 0 40 23 1,599 1,200 EM2
82 % 70 % 65 % 56 % 0 % 0 % 0 % 100 % 0 % 0 % 29 % 0 % 58 % 75 %
EAST_MACON 866 695 575 407 83 54 66 47 2 2 1 1 3 1 3 1 0 0 0 0 1 1 0 0 52 20 1,652 1,229 EM3
80 % 71 % 65 % 71 % 100 % 100 % 33 % 33 % 0 % 0 % 100 % 0 % 38 % 74 %
EAST_MACON 864 643 599 387 620 474 537 397 5 1 2 1 7 6 5 1 1 1 0 0 5 2 5 2 90 43 2,740 1,958 EM4
74 % 65 % 76 % 74 % 20 % 50 % 86 % 20 % 100 % 0 % 40 % 40 % 48 % 71 %
EAST_MACON 1,103 898 758 517 67 36 54 21 0 0 1 0 4 2 0 0 0 0 0 0 4 2 1 0 64 36 2,056 1,512 EM5
81 % 68 % 54 % 39 % 0 % 0 % 50 % 0 % 0 % 0 % 50 % 0 % 56 % 74 %
EAST_MACON 826 701 609 450 279 183 256 174 0 0 6 4 5 2 1 0 0 0 0 0 4 3 4 0 62 32 2,052 1,549 EM6
85 % 74 % 66 % 68 % 0 % 67 % 40 % 0 % 0 % 0 % 75 % 0 % 52 % 75 %
F1 0 1 0 0 0 0 0 0 0 0 0 0 0 0 0 0 0 0 0 0 0 0 0 0 0 0 0 1 F1
0 % 0 % 0 % 0 % 0 % 0 % 0 % 0 % 0 % 0 % 0 % 0 % 0 % 0 %
GODFREY_1 1,418 1,022 909 491 181 107 227 130 3 2 3 1 6 3 4 1 2 0 1 0 6 4 11 6 107 44 2,878 1,811 GF1
72 % 54 % 59 % 57 % 67 % 33 % 50 % 25 % 0 % 0 % 67 % 55 % 41 % 63 %
GODFREY_2 875 621 624 348 105 48 86 37 2 1 1 0 5 3 2 1 0 0 0 0 5 2 4 2 54 21 1,763 1,084 GF2
71 % 56 % 46 % 43 % 50 % 0 % 60 % 50 % 0 % 0 % 40 % 50 % 39 % 61 %
GODFREY_3 1,289 974 783 506 24 15 18 9 0 0 1 0 1 2 0 0 0 0 0 0 8 5 6 2 73 32 2,203 1,545 GF3
76 % 65 % 63 % 50 % 0 % 0 % 200 % 0 % 0 % 0 % 63 % 33 % 44 % 70 %
GODFREY_4 916 669 459 256 143 81 131 72 0 0 1 1 5 3 5 2 1 1 0 0 6 5 5 3 53 17 1,725 1,110 GF4
73 % 56 % 57 % 55 % 0 % 100 % 60 % 40 % 100 % 0 % 83 % 60 % 32 % 64 %
GODFREY_5 940 783 598 398 160 113 113 80 3 2 1 1 9 4 2 2 0 0 1 1 3 1 1 0 51 29 1,882 1,414 GF5
83 % 67 % 71 % 71 % 67 % 100 % 44 % 100 % 0 % 100 % 33 % 0 % 57 % 75 %
GODFREY_6 1,331 1,028 885 570 209 137 131 90 3 3 1 1 4 2 4 1 0 0 2 1 4 3 2 0 78 33 2,654 1,869 GF6
77 % 64 % 66 % 69 % 100 % 100 % 50 % 25 % 0 % 50 % 75 % 0 % 42 % 70 %
GODFREY_7 998 761 641 418 156 112 128 89 2 1 0 0 3 2 1 0 0 0 0 0 8 6 5 5 73 38 2,015 1,432 GF7
76 % 65 % 72 % 70 % 50 % 0 % 67 % 0 % 0 % 0 % 75 % 100 % 52 % 71 %
HAZZARD_1 1,072 819 682 453 124 75 113 77 4 4 3 2 2 1 3 1 0 0 0 0 8 4 9 4 78 41 2,098 1,481 HA1
76 % 66 % 60 % 68 % 100 % 67 % 50 % 33 % 0 % 0 % 50 % 44 % 53 % 71 %
HAZZARD_2 673 543 448 315 1,117 781 949 656 21 10 16 4 16 10 14 10 0 0 1 1 11 5 10 3 106 50 3,382 2,388 HA2
81 % 70 % 70 % 69 % 48 % 25 % 63 % 71 % 0 % 100 % 45 % 30 % 47 % 71 %
HAZZARD_3 1,112 893 732 510 892 633 764 556 19 12 17 5 16 10 12 4 0 0 0 0 12 7 9 3 147 77 3,732 2,710 HA3
80 % 70 % 71 % 73 % 63 % 29 % 63 % 33 % 0 % 0 % 58 % 33 % 52 % 73 %
HAZZARD_4 160 143 112 95 630 523 592 493 5 2 5 0 3 3 2 2 0 0 1 1 6 5 3 3 40 26 1,559 1,296 HA4
89 % 85 % 83 % 83 % 40 % 0 % 100 % 100 % 0 % 100 % 83 % 100 % 65 % 83 %
HAZZARD_5 766 616 444 291 131 79 104 63 9 6 3 2 5 2 3 1 0 0 0 0 4 2 4 2 52 20 1,525 1,084 HA5
80 % 66 % 60 % 61 % 67 % 67 % 40 % 33 % 0 % 0 % 50 % 50 % 38 % 71 %
HAZZARD_6 730 570 456 305 128 89 100 72 0 0 3 1 0 0 1 0 1 0 0 0 5 2 1 0 34 20 1,459 1,059 HA6
78 % 67 % 70 % 72 % 0 % 33 % 0 % 0 % 0 % 0 % 40 % 0 % 59 % 73 %
HAZZARD_7 307 258 217 170 755 570 654 505 14 10 22 13 9 6 11 7 2 1 0 0 12 6 13 10 76 45 2,092 1,601 HA7
84 % 78 % 75 % 77 % 71 % 59 % 67 % 64 % 50 % 0 % 50 % 77 % 59 % 77 %
HOWARD_1 231 163 104 73 561 463 487 399 3 2 4 3 3 3 4 3 0 0 0 0 7 3 3 1 30 17 1,437 1,130 HO1
71 % 70 % 83 % 82 % 67 % 75 % 100 % 75 % 0 % 0 % 43 % 33 % 57 % 79 %
HOWARD_2 240 205 170 129 1,554 1,235 1,197 970 35 18 38 13 8 4 9 3 2 1 1 1 14 11 9 4 98 59 3,375 2,653 HO2
85 % 76 % 79 % 81 % 51 % 34 % 50 % 33 % 50 % 100 % 79 % 44 % 60 % 79 %
HOWARD_3 832 650 446 299 1,431 1,014 1,103 796 46 28 54 34 31 16 23 11 2 2 1 1 26 15 24 10 216 117 4,235 2,993 HO3
78 % 67 % 71 % 72 % 61 % 63 % 52 % 48 % 100 % 100 % 58 % 42 % 54 % 71 %
HOWARD_4 121 101 101 73 557 440 447 363 6 4 8 3 2 0 3 2 0 0 0 1 4 1 3 3 40 24 1,292 1,015 HO4
83 % 72 % 79 % 81 % 67 % 38 % 0 % 67 % 0 % 0 % 25 % 100 % 60 % 79 %
HOWARD_5 258 206 166 109 480 357 359 261 2 2 6 3 3 2 3 0 0 0 0 0 9 9 4 1 48 29 1,338 979 HO5
80 % 66 % 74 % 73 % 100 % 50 % 67 % 0 % 0 % 0 % 100 % 25 % 60 % 73 %
HOWARD_6 186 149 123 83 819 652 601 475 10 4 9 4 8 7 5 3 0 0 2 1 2 3 2 1 65 39 1,832 1,421 HO6
80 % 67 % 80 % 79 % 40 % 44 % 88 % 60 % 0 % 50 % 150 % 50 % 60 % 78 %
HOWARD_7 152 126 104 77 1,031 856 927 748 13 7 7 5 2 1 3 2 0 0 0 0 6 3 4 1 59 43 2,308 1,869 HO7
83 % 74 % 83 % 81 % 54 % 71 % 50 % 67 % 0 % 0 % 50 % 25 % 73 % 81 %
HOWARD_8 90 76 68 58 1,164 969 1,063 858 23 11 20 12 8 7 6 5 1 1 0 0 7 5 13 8 74 53 2,537 2,063 HO8
84 % 85 % 83 % 81 % 48 % 60 % 88 % 83 % 100 % 0 % 71 % 62 % 72 % 81 %
JV/W 0 1 0 0 0 0 0 0 0 0 0 0 0 0 0 0 0 0 0 0 0 0 0 0 0 0 0 1 JV/W
0 % 0 % 0 % 0 % 0 % 0 % 0 % 0 % 0 % 0 % 0 % 0 % 0 % 0 %
MALL 0 1 0 0 0 0 0 0 0 0 0 0 0 0 0 0 0 0 0 0 0 0 0 0 0 0 0 1 MALL
0 % 0 % 0 % 0 % 0 % 0 % 0 % 0 % 0 % 0 % 0 % 0 % 0 % 0 %
MONT 0 0 0 1 0 0 0 0 0 0 0 0 0 0 0 0 0 0 0 0 0 0 0 0 0 0 0 1 MONT
0 % 0 % 0 % 0 % 0 % 0 % 0 % 0 % 0 % 0 % 0 % 0 % 0 % 0 %
RUTLAND_1 615 540 514 411 1,657 1,298 1,450 1,132 17 10 13 8 23 10 10 3 0 0 1 1 5 3 5 3 154 84 4,464 3,503 RU1
88 % 80 % 78 % 78 % 59 % 62 % 43 % 30 % 0 % 100 % 60 % 60 % 55 % 78 %
RUTLAND_2 330 277 243 176 1,133 839 990 726 7 5 5 2 4 2 12 6 1 0 2 2 4 3 5 5 84 51 2,820 2,094 RU2
84 % 72 % 74 % 73 % 71 % 40 % 50 % 50 % 0 % 100 % 75 % 100 % 61 % 74 %
VINEVILLE 428 300 301 174 417 245 455 274 6 1 8 3 6 3 6 4 0 0 0 0 8 5 12 3 72 27 1,719 1,039 VV1
70 % 58 % 59 % 60 % 17 % 38 % 50 % 67 % 0 % 0 % 63 % 25 % 38 % 60 %
VINEVILLE 598 448 408 260 469 327 313 245 3 1 4 2 9 9 6 4 0 0 2 1 7 4 2 2 58 34 1,879 1,337 VV2
75 % 64 % 70 % 78 % 33 % 50 % 100 % 67 % 0 % 50 % 57 % 100 % 59 % 71 %
VINEVILLE 1,375 1,040 883 526 144 89 116 80 2 1 1 1 6 4 3 2 0 0 0 0 9 3 7 2 71 34 2,617 1,782 VV3
76 % 60 % 62 % 69 % 50 % 100 % 67 % 67 % 0 % 0 % 33 % 29 % 48 % 68 %
VINEVILLE 970 793 657 466 83 62 64 38 1 1 0 0 5 2 1 0 0 0 0 0 4 0 4 3 51 24 1,840 1,389 VV4
82 % 71 % 75 % 59 % 100 % 0 % 40 % 0 % 0 % 0 % 0 % 75 % 47 % 75 %
VINEVILLE 697 538 421 271 200 139 139 94 7 3 4 2 6 1 1 1 0 0 0 0 2 2 3 1 50 26 1,530 1,078 VV5
77 % 64 % 70 % 68 % 43 % 50 % 17 % 100 % 0 % 0 % 100 % 33 % 52 % 70 %
VINEVILLE 181 139 115 83 892 720 704 549 5 4 3 3 5 2 3 2 1 1 0 0 3 3 3 2 55 35 1,970 1,543 VV6
77 % 72 % 81 % 78 % 80 % 100 % 40 % 67 % 100 % 0 % 100 % 67 % 64 % 78 %
VINEVILLE 350 249 219 134 1,100 865 800 633 7 1 7 6 7 6 3 1 0 0 1 0 4 3 4 3 81 37 2,583 1,938 VV7
71 % 61 % 79 % 79 % 14 % 86 % 86 % 33 % 0 % 0 % 75 % 75 % 46 % 75 %
VINEVILLE 25 13 12 7 21 10 17 10 0 0 0 0 1 0 0 0 0 0 0 0 0 0 0 0 0 0 76 40 VV7P
52 % 58 % 48 % 59 % 0 % 0 % 0 % 0 % 0 % 0 % 0 % 0 % 0 % 53 %
VINEVILLE 326 235 182 95 430 303 330 250 2 1 3 1 1 0 1 1 2 0 0 0 5 4 3 2 49 21 1,334 913 VV8
72 % 52 % 70 % 76 % 50 % 33 % 0 % 100 % 0 % 0 % 80 % 67 % 43 % 68 %
WARRIOR_1 278 237 241 185 776 633 675 536 3 2 2 1 2 1 0 0 0 0 0 0 11 8 2 1 55 34 2,045 1,638 WA1
85 % 77 % 82 % 79 % 67 % 50 % 50 % 0 % 0 % 0 % 73 % 50 % 62 % 80 %
WARRIOR_2 392 347 305 232 927 746 829 649 10 4 6 4 3 2 3 1 0 0 0 0 3 2 7 2 66 35 2,551 2,024 WA2
89 % 76 % 80 % 78 % 40 % 67 % 67 % 33 % 0 % 0 % 67 % 29 % 53 % 79 %
03 0 0 0 0 0 0 0 0 0 0 0 0 0 0 0 0 0 0 0 0 0 0 0 0 0 1 0 1 03
0 % 0 % 0 % 0 % 0 % 0 % 0 % 0 % 0 % 0 % 0 % 0 % 0 % 0 %
06 0 0 0 0 0 1 0 0 0 0 0 0 0 0 0 0 0 0 0 0 0 0 0 0 0 0 0 1 06
0 % 0 % 0 % 0 % 0 % 0 % 0 % 0 % 0 % 0 % 0 % 0 % 0 % 0 %
1B 0 0 0 0 0 0 0 1 0 0 0 0 0 0 0 0 0 0 0 0 0 0 0 0 0 0 0 1 1B
0 % 0 % 0 % 0 % 0 % 0 % 0 % 0 % 0 % 0 % 0 % 0 % 0 % 0 %
11 0 0 0 1 0 0 0 0 0 0 0 0 0 0 0 0 0 0 0 0 0 0 0 0 0 0 0 1 11
0 % 0 % 0 % 0 % 0 % 0 % 0 % 0 % 0 % 0 % 0 % 0 % 0 % 0 %
12 0 0 0 0 0 1 0 0 0 0 0 0 0 0 0 0 0 0 0 0 0 0 0 0 0 0 0 1 12
0 % 0 % 0 % 0 % 0 % 0 % 0 % 0 % 0 % 0 % 0 % 0 % 0 % 0 %
13 0 0 0 0 0 0 0 2 0 0 0 0 0 0 0 0 0 0 0 0 0 0 0 0 0 0 0 2 13
0 % 0 % 0 % 0 % 0 % 0 % 0 % 0 % 0 % 0 % 0 % 0 % 0 % 0 %
14 0 0 0 0 0 0 0 1 0 0 0 0 0 0 0 0 0 0 0 0 0 0 0 0 0 0 0 1 14
0 % 0 % 0 % 0 % 0 % 0 % 0 % 0 % 0 % 0 % 0 % 0 % 0 % 0 %
15 0 0 0 1 0 0 0 0 0 0 0 0 0 0 0 0 0 0 0 0 0 0 0 0 0 0 0 1 15
0 % 0 % 0 % 0 % 0 % 0 % 0 % 0 % 0 % 0 % 0 % 0 % 0 % 0 %
1712A 0 0 0 0 0 1 0 0 0 0 0 0 0 0 0 0 0 0 0 0 0 0 0 0 0 0 0 1 1712A
0 % 0 % 0 % 0 % 0 % 0 % 0 % 0 % 0 % 0 % 0 % 0 % 0 % 0 %
1712C 0 0 0 0 0 0 0 1 0 0 0 0 0 0 0 0 0 0 0 0 0 0 0 0 0 0 0 1 1712C
0 % 0 % 0 % 0 % 0 % 0 % 0 % 0 % 0 % 0 % 0 % 0 % 0 % 0 %
2 0 1 0 0 0 0 0 0 0 0 0 0 0 0 0 0 0 0 0 0 0 0 0 0 0 0 0 1 2
0 % 0 % 0 % 0 % 0 % 0 % 0 % 0 % 0 % 0 % 0 % 0 % 0 % 0 %
27 0 0 0 0 0 1 0 0 0 0 0 0 0 0 0 0 0 0 0 0 0 0 0 0 0 0 0 1 27
0 % 0 % 0 % 0 % 0 % 0 % 0 % 0 % 0 % 0 % 0 % 0 % 0 % 0 %
295 0 0 0 1 0 0 0 0 0 0 0 0 0 0 0 0 0 0 0 0 0 0 0 0 0 0 0 1 295
0 % 0 % 0 % 0 % 0 % 0 % 0 % 0 % 0 % 0 % 0 % 0 % 0 % 0 %
321E 0 2 0 0 0 0 0 0 0 0 0 0 0 0 0 0 0 0 0 0 0 0 0 0 0 0 0 2 321E
0 % 0 % 0 % 0 % 0 % 0 % 0 % 0 % 0 % 0 % 0 % 0 % 0 % 0 %
9 0 0 0 0 0 1 0 0 0 0 0 0 0 0 0 0 0 0 0 0 0 0 0 0 0 0 0 1 9
0 % 0 % 0 % 0 % 0 % 0 % 0 % 0 % 0 % 0 % 0 % 0 % 0 % 0 %
TOTALS 26,826 20,898 17,618 11,598 21,749 16,438 18,161 13,700 304 168 290 148 249 144 182 90 16 8 17 12 264 158 214 103 2,867 1,491 88,757 64,956 9
78 % 66 % 76 % 75 % 55 % 51 % 58 % 49 % 50 % 71 % 60 % 48 % 52 % 73 %