LULATON 2 1 0 0 260 179 252 169 1 1 0 0 0 0 0 0 0 0 0 0 0 0 1 0 14 8 530 358 1
50 % 0 % 69 % 67 % 100 % 0 % 0 % 0 % 0 % 0 % 0 % 0 % 57 % 68 %
ATKINSON 25 20 16 9 528 338 462 295 2 0 0 0 3 1 4 2 0 0 2 2 3 1 0 0 47 15 1,092 683 2
80 % 56 % 64 % 64 % 0 % 0 % 33 % 50 % 0 % 100 % 33 % 0 % 32 % 63 %
WAYNESVILL 45 33 30 18 795 487 697 428 0 0 0 0 5 1 2 2 2 1 0 0 6 4 4 3 51 12 1,637 989 3
73 % 60 % 61 % 61 % 0 % 0 % 20 % 100 % 50 % 0 % 67 % 75 % 24 % 60 %
HORTENSE 1 0 0 0 345 254 340 248 0 0 0 0 0 0 2 0 0 0 0 0 0 0 1 0 13 4 702 506 4
0 % 0 % 74 % 73 % 0 % 0 % 0 % 0 % 0 % 0 % 0 % 0 % 31 % 72 %
HICKOX 1 1 0 0 436 321 352 285 0 0 0 0 2 0 0 0 0 0 0 0 0 0 1 0 25 11 817 618 5
100 % 0 % 74 % 81 % 0 % 0 % 0 % 0 % 0 % 0 % 0 % 0 % 44 % 76 %
HOBOKEN 15 5 13 4 534 393 462 347 1 1 0 0 0 0 1 0 0 0 0 0 0 0 2 0 29 11 1,057 761 6
33 % 31 % 74 % 75 % 100 % 0 % 0 % 0 % 0 % 0 % 0 % 0 % 38 % 72 %
SCHLATTERV 0 0 1 0 230 172 222 168 0 0 0 0 0 0 0 0 0 0 0 0 1 0 1 1 7 2 462 343 7
0 % 0 % 75 % 76 % 0 % 0 % 0 % 0 % 0 % 0 % 0 % 100 % 29 % 74 %
CALVARY 5 2 2 1 585 446 529 390 1 0 1 1 4 1 2 1 0 0 0 0 1 0 0 0 33 12 1,163 854 8
40 % 50 % 76 % 74 % 0 % 100 % 25 % 50 % 0 % 0 % 0 % 0 % 36 % 73 %
NAHUNTA 74 55 41 23 613 444 535 390 0 0 0 0 1 0 1 0 0 0 0 0 1 1 2 0 29 6 1,297 919 9
74 % 56 % 72 % 73 % 0 % 0 % 0 % 0 % 0 % 0 % 100 % 0 % 21 % 71 %
TOTALS 168 117 103 55 4,326 3,034 3,851 2,720 5 2 1 1 15 3 12 5 2 1 2 2 12 6 12 4 248 81 8,757 6,031 9
70 % 53 % 70 % 71 % 40 % 100 % 20 % 42 % 50 % 100 % 50 % 33 % 33 % 69 %