C05 0 1 0 0 0 0 0 0 0 0 0 0 0 0 0 0 0 0 0 0 0 0 0 0 0 0 0 1 C05
0 % 0 % 0 % 0 % 0 % 0 % 0 % 0 % 0 % 0 % 0 % 0 % 0 % 0 %
01 0 0 0 0 0 1 0 0 0 0 0 0 0 0 0 0 0 0 0 0 0 0 0 0 0 0 0 1 01
0 % 0 % 0 % 0 % 0 % 0 % 0 % 0 % 0 % 0 % 0 % 0 % 0 % 0 %
02 0 0 0 0 0 0 0 1 0 0 0 0 0 0 0 0 0 0 0 0 0 0 0 0 0 0 0 1 02
0 % 0 % 0 % 0 % 0 % 0 % 0 % 0 % 0 % 0 % 0 % 0 % 0 % 0 %
04 0 0 0 0 0 0 0 1 0 0 0 0 0 0 0 0 0 0 0 0 0 0 0 0 0 0 0 1 04
0 % 0 % 0 % 0 % 0 % 0 % 0 % 0 % 0 % 0 % 0 % 0 % 0 % 0 %
07 0 0 0 0 0 1 0 0 0 0 0 0 0 0 0 0 0 0 0 0 0 0 0 0 0 0 0 1 07
0 % 0 % 0 % 0 % 0 % 0 % 0 % 0 % 0 % 0 % 0 % 0 % 0 % 0 %
109 0 0 0 0 0 1 0 0 0 0 0 0 0 0 0 0 0 0 0 0 0 0 0 0 0 0 0 1 109
0 % 0 % 0 % 0 % 0 % 0 % 0 % 0 % 0 % 0 % 0 % 0 % 0 % 0 %
GROOVERVIL 102 80 84 61 90 71 82 67 0 0 0 0 2 0 0 0 0 0 0 0 0 0 0 0 26 14 386 293 1198
78 % 73 % 79 % 82 % 0 % 0 % 0 % 0 % 0 % 0 % 0 % 0 % 54 % 76 %
QUITMAN 1,216 928 830 509 700 463 577 393 7 3 3 2 13 6 3 1 1 0 2 0 7 3 4 1 168 106 3,531 2,415 1199
76 % 61 % 66 % 68 % 43 % 67 % 46 % 33 % 0 % 0 % 43 % 25 % 63 % 68 %
BARWICK/DR 30 21 30 23 137 97 104 66 0 0 0 0 1 1 1 1 0 0 0 0 1 1 0 0 7 6 311 216 1230
70 % 77 % 71 % 63 % 0 % 0 % 100 % 100 % 0 % 0 % 100 % 0 % 86 % 69 %
DIXIE 164 132 142 102 165 121 134 97 0 0 0 0 2 1 1 1 0 0 1 1 0 0 2 1 20 14 631 470 1402
80 % 72 % 73 % 72 % 0 % 0 % 50 % 100 % 0 % 100 % 0 % 50 % 70 % 74 %
BARNEY 68 49 64 38 218 174 214 152 0 0 0 0 3 0 1 1 0 0 1 1 2 1 0 0 30 16 601 432 1571
72 % 59 % 80 % 71 % 0 % 0 % 0 % 100 % 0 % 100 % 50 % 0 % 53 % 72 %
E.BROOKS/B 102 71 77 54 753 545 671 493 3 3 1 0 10 3 10 5 0 0 0 0 7 5 4 3 105 61 1,743 1,243 1650
70 % 70 % 72 % 73 % 100 % 0 % 30 % 50 % 0 % 0 % 71 % 75 % 58 % 71 %
PAVO/WILLI 63 50 55 33 172 122 151 110 0 0 0 0 2 1 2 2 0 0 0 0 0 0 0 0 12 6 457 324 1712
79 % 60 % 71 % 73 % 0 % 0 % 50 % 100 % 0 % 0 % 0 % 0 % 50 % 71 %
19 0 0 0 0 0 0 0 1 0 0 0 0 0 0 0 0 0 0 0 0 0 0 0 0 0 0 0 1 19
0 % 0 % 0 % 0 % 0 % 0 % 0 % 0 % 0 % 0 % 0 % 0 % 0 % 0 %
S.BROOKS/N 34 27 24 17 262 194 233 180 0 0 0 0 0 0 1 0 0 0 0 0 0 0 1 0 27 18 582 436 659
79 % 71 % 74 % 77 % 0 % 0 % 0 % 0 % 0 % 0 % 0 % 0 % 67 % 75 %
MORVEN 213 161 160 98 308 229 276 209 0 0 1 0 4 2 5 1 1 0 1 0 3 2 5 3 54 37 1,031 742 660
76 % 61 % 74 % 76 % 0 % 0 % 50 % 20 % 0 % 0 % 67 % 60 % 69 % 72 %
TOTALS 1,992 1,520 1,466 935 2,805 2,019 2,442 1,770 10 6 5 2 37 14 24 12 2 0 5 2 20 12 16 8 449 278 9,273 6,578 660
76 % 64 % 72 % 72 % 60 % 40 % 38 % 50 % 0 % 40 % 60 % 50 % 62 % 71 %