UNKNOWN 0 0 0 0 1 0 0 0 0 0 0 0 0 0 0 0 0 0 0 0 0 0 0 0 0 0 1 0 UNKNOWN
PEMBROKE 323 239 208 122 743 528 635 463 10 5 8 5 8 3 2 0 3 0 0 0 5 3 3 1 93 44 2,041 1,413 1
74 % 59 % 71 % 73 % 50 % 63 % 38 % 0 % 0 % 0 % 60 % 33 % 47 % 69 %
DANIELSIDI 99 77 88 64 739 537 699 507 5 3 5 3 17 12 13 8 0 0 0 0 1 0 4 2 88 58 1,758 1,271 10
78 % 73 % 73 % 73 % 60 % 60 % 71 % 62 % 0 % 0 % 0 % 50 % 66 % 72 %
ELLABELL 103 69 76 39 620 448 519 374 4 1 2 0 2 3 4 3 1 0 0 0 3 2 1 1 71 42 1,406 982 2
67 % 51 % 72 % 72 % 25 % 0 % 150 % 75 % 0 % 0 % 67 % 100 % 59 % 70 %
BLACK_CREE 154 114 130 76 858 556 717 476 3 2 0 0 5 4 7 5 0 0 0 0 5 3 1 1 100 58 1,980 1,295 3
74 % 58 % 65 % 66 % 67 % 0 % 80 % 71 % 0 % 0 % 60 % 100 % 58 % 65 %
3-2_C 0 0 0 0 0 0 0 1 0 0 0 0 0 0 0 0 0 0 0 0 0 0 0 0 0 0 0 1 3-2_C
0 % 0 % 0 % 0 % 0 % 0 % 0 % 0 % 0 % 0 % 0 % 0 % 0 % 0 %
WAYS_STATI 166 135 130 88 468 299 353 230 22 9 22 9 15 7 17 7 0 0 2 1 20 11 4 0 86 38 1,305 834 4
81 % 68 % 64 % 65 % 41 % 41 % 47 % 41 % 0 % 50 % 55 % 0 % 44 % 64 %
4-5_C 0 0 0 0 0 1 0 0 0 0 0 0 0 0 0 0 0 0 0 0 0 0 0 0 0 0 0 1 4-5_C
0 % 0 % 0 % 0 % 0 % 0 % 0 % 0 % 0 % 0 % 0 % 0 % 0 % 0 %
4-7_C 0 0 0 0 0 1 0 0 0 0 0 0 0 0 0 0 0 0 0 0 0 0 0 0 0 0 0 1 4-7_C
0 % 0 % 0 % 0 % 0 % 0 % 0 % 0 % 0 % 0 % 0 % 0 % 0 % 0 %
RH_RECREAT 231 166 157 97 841 520 615 397 18 8 14 6 62 30 47 22 0 0 0 0 25 12 8 6 172 98 2,190 1,362 5
72 % 62 % 62 % 65 % 44 % 43 % 48 % 47 % 0 % 0 % 48 % 75 % 57 % 62 %
J.F.GREGOR 80 60 71 42 1,105 859 1,054 797 9 1 9 3 21 13 12 9 0 0 3 2 10 8 7 3 125 84 2,506 1,881 6
75 % 59 % 78 % 76 % 11 % 33 % 62 % 75 % 0 % 67 % 80 % 43 % 67 % 75 %
KELLER 128 108 121 95 1,137 843 1,076 788 11 5 6 3 19 16 20 11 1 1 0 0 11 8 10 3 179 122 2,719 2,003 7
84 % 79 % 74 % 73 % 45 % 50 % 84 % 55 % 100 % 0 % 73 % 30 % 68 % 74 %
7-12C 0 0 0 0 0 1 0 0 0 0 0 0 0 0 0 0 0 0 0 0 0 0 0 0 0 0 0 1 7-12C
0 % 0 % 0 % 0 % 0 % 0 % 0 % 0 % 0 % 0 % 0 % 0 % 0 % 0 %
7-7_C 0 0 0 0 0 1 0 0 0 0 0 0 0 0 0 0 0 0 0 0 0 0 0 0 0 0 0 1 7-7_C
0 % 0 % 0 % 0 % 0 % 0 % 0 % 0 % 0 % 0 % 0 % 0 % 0 % 0 %
HWY_144_EA 75 67 48 34 831 631 723 551 6 4 6 4 16 8 14 11 0 0 0 0 4 4 2 2 93 62 1,818 1,378 8
89 % 71 % 76 % 76 % 67 % 67 % 50 % 79 % 0 % 0 % 100 % 100 % 67 % 76 %
PUBLIC_SAF 212 138 138 82 672 412 529 334 9 5 8 2 32 17 16 3 1 0 2 1 9 4 7 0 146 86 1,781 1,084 9
65 % 59 % 61 % 63 % 56 % 25 % 53 % 19 % 0 % 50 % 44 % 0 % 59 % 61 %
TOTALS 1,571 1,173 1,167 739 8,015 5,637 6,920 4,918 97 43 80 35 197 113 152 79 6 1 7 4 93 55 47 19 1,153 692 19,505 13,508 9
75 % 63 % 70 % 71 % 44 % 44 % 57 % 52 % 17 % 57 % 59 % 40 % 60 % 69 %