UNKNOWN 0 0 0 0 1 1 0 0 0 0 0 0 0 0 0 0 0 0 0 0 0 0 0 0 0 0 1 1 UNKNOWN
0 % 0 % 100 % 0 % 0 % 0 % 0 % 0 % 0 % 0 % 0 % 0 % 0 % 100 %
WH 0 1 0 0 0 0 0 0 0 0 0 0 0 0 0 0 0 0 0 0 0 0 0 0 0 0 0 1 WH
0 % 0 % 0 % 0 % 0 % 0 % 0 % 0 % 0 % 0 % 0 % 0 % 0 % 0 %
02B 0 0 0 1 0 0 0 0 0 0 0 0 0 0 0 0 0 0 0 0 0 0 0 0 0 0 0 1 02B
0 % 0 % 0 % 0 % 0 % 0 % 0 % 0 % 0 % 0 % 0 % 0 % 0 % 0 %
LOCKHART 64 51 56 35 200 139 159 119 0 0 0 0 2 0 0 0 0 0 0 0 0 0 2 1 38 22 521 367 1
80 % 63 % 70 % 75 % 0 % 0 % 0 % 0 % 0 % 0 % 0 % 50 % 58 % 70 %
EMIT 177 145 148 89 800 585 797 564 4 1 4 0 4 1 7 4 1 1 0 0 6 3 6 3 142 90 2,096 1,486 10
82 % 60 % 73 % 71 % 25 % 0 % 25 % 57 % 100 % 0 % 50 % 50 % 63 % 71 %
STATESBORO 1,350 945 913 514 1,232 907 1,088 777 12 5 6 4 10 6 7 5 0 0 1 0 15 5 12 5 246 125 4,892 3,298 11
70 % 56 % 74 % 71 % 42 % 67 % 60 % 71 % 0 % 0 % 33 % 42 % 51 % 67 %
PORTAL 245 169 150 98 514 365 416 285 0 0 0 0 3 0 2 1 1 0 0 0 4 2 2 2 62 33 1,399 955 12
69 % 65 % 71 % 69 % 0 % 0 % 0 % 50 % 0 % 0 % 50 % 100 % 53 % 68 %
FAIR 533 373 369 212 1,918 1,403 1,671 1,214 19 10 21 9 26 16 19 9 0 0 0 0 22 11 17 7 290 180 4,905 3,444 13
70 % 57 % 73 % 73 % 53 % 43 % 62 % 47 % 0 % 0 % 50 % 41 % 62 % 70 %
CHURCH 1,037 738 627 359 1,519 1,124 1,290 897 13 7 14 8 15 8 16 8 1 1 0 0 18 9 15 10 332 177 4,897 3,346 14
71 % 57 % 74 % 70 % 54 % 57 % 53 % 50 % 100 % 0 % 50 % 67 % 53 % 68 %
PITTMAN_PA 1,302 862 973 503 1,641 892 1,692 831 15 5 22 7 51 24 40 20 1 0 1 0 55 29 41 13 386 198 6,220 3,384 15
66 % 52 % 54 % 49 % 33 % 32 % 47 % 50 % 0 % 0 % 53 % 32 % 51 % 54 %
LEEFIELD 24 18 13 10 332 250 270 204 1 1 2 2 1 0 0 0 0 0 0 0 3 2 1 0 43 24 690 511 16
75 % 77 % 75 % 76 % 100 % 100 % 0 % 0 % 0 % 0 % 67 % 0 % 56 % 74 %
1685 0 0 0 0 0 1 0 0 0 0 0 0 0 0 0 0 0 0 0 0 0 0 0 0 0 0 0 1 1685
0 % 0 % 0 % 0 % 0 % 0 % 0 % 0 % 0 % 0 % 0 % 0 % 0 % 0 %
BLITCH 93 75 74 52 646 534 615 494 2 1 1 0 4 2 0 0 0 0 0 0 2 1 0 0 80 59 1,517 1,218 2
81 % 70 % 83 % 80 % 50 % 0 % 50 % 0 % 0 % 0 % 50 % 0 % 74 % 80 %
2B 0 0 0 0 0 1 0 0 0 0 0 0 0 0 0 0 0 0 0 0 0 0 0 0 0 0 0 1 2B
0 % 0 % 0 % 0 % 0 % 0 % 0 % 0 % 0 % 0 % 0 % 0 % 0 % 0 %
2C 0 0 0 0 0 0 0 1 0 0 0 0 0 0 0 0 0 0 0 0 0 0 0 0 0 0 0 1 2C
0 % 0 % 0 % 0 % 0 % 0 % 0 % 0 % 0 % 0 % 0 % 0 % 0 % 0 %
HAGIN 337 262 246 158 576 438 515 399 3 2 1 1 6 2 3 1 0 0 0 0 4 2 1 0 115 66 1,807 1,331 3
78 % 64 % 76 % 77 % 67 % 100 % 33 % 33 % 0 % 0 % 50 % 0 % 57 % 74 %
BROOKLET 158 117 97 58 887 664 771 547 5 5 6 3 6 4 6 1 2 0 0 0 4 4 4 2 138 82 2,084 1,487 4
74 % 60 % 75 % 71 % 100 % 50 % 67 % 17 % 0 % 0 % 100 % 50 % 59 % 71 %
STILSON 62 47 45 26 627 458 579 409 0 0 1 0 2 1 2 0 0 0 0 0 1 1 2 0 101 59 1,422 1,001 5
76 % 58 % 73 % 71 % 0 % 0 % 50 % 0 % 0 % 0 % 100 % 0 % 58 % 70 %
BAY 36 30 38 23 536 404 481 368 1 0 0 0 3 2 4 2 0 0 0 0 2 0 4 3 62 46 1,167 878 6
83 % 61 % 75 % 77 % 0 % 0 % 67 % 50 % 0 % 0 % 0 % 75 % 74 % 75 %
NEVILS 72 48 47 29 379 283 338 246 0 0 1 0 0 0 1 0 0 0 0 0 3 3 2 2 70 24 913 635 7
67 % 62 % 75 % 73 % 0 % 0 % 0 % 0 % 0 % 0 % 100 % 100 % 34 % 70 %
SINKHOLE 20 17 12 4 163 137 153 123 1 0 0 0 0 0 0 0 0 0 0 0 1 1 1 0 23 12 374 294 8
85 % 33 % 84 % 80 % 0 % 0 % 0 % 0 % 0 % 0 % 100 % 0 % 52 % 79 %
REGISTER 156 105 97 52 255 179 218 168 0 0 0 0 3 1 2 1 0 0 0 0 1 1 0 0 49 24 781 531 9
67 % 54 % 70 % 77 % 0 % 0 % 33 % 50 % 0 % 0 % 100 % 0 % 49 % 68 %