UNKNOWN 2 0 0 0 0 0 0 0 0 0 0 0 0 0 0 0 0 0 0 0 0 0 0 0 0 0 2 0 UNKNOWN
0 % 0 % 0 % 0 % 0 % 0 % 0 % 0 % 0 % 0 % 0 % 0 % 0 % 0 %
ALEXANDER 83 69 67 41 87 73 75 61 0 0 0 0 0 0 0 0 0 0 0 0 0 0 1 0 9 8 322 252 0001
83 % 61 % 84 % 81 % 0 % 0 % 0 % 0 % 0 % 0 % 0 % 0 % 89 % 78 %
FOUR_POINT 248 205 186 130 623 413 607 413 9 6 2 2 10 3 17 9 0 0 0 0 10 5 2 0 57 26 1,771 1,212 0002
83 % 70 % 66 % 68 % 67 % 100 % 30 % 53 % 0 % 0 % 50 % 0 % 46 % 68 %
GIRARD 191 155 137 95 138 98 149 101 1 1 0 0 2 0 1 0 0 0 0 0 0 0 0 0 7 6 626 456 0003
81 % 69 % 71 % 68 % 100 % 0 % 0 % 0 % 0 % 0 % 0 % 0 % 86 % 73 %
GOUGH 121 109 110 80 58 47 58 45 0 0 0 0 1 1 0 0 0 0 0 0 0 0 2 1 8 8 358 291 0004
90 % 73 % 81 % 78 % 0 % 0 % 100 % 0 % 0 % 0 % 0 % 50 % 100 % 81 %
GREENSCUT 198 159 155 100 272 190 243 173 1 1 0 0 3 1 3 1 0 0 0 0 1 0 0 0 31 12 907 637 0005
80 % 65 % 70 % 71 % 100 % 0 % 33 % 33 % 0 % 0 % 0 % 0 % 39 % 70 %
KEYSVILLE 92 83 72 47 78 41 79 47 2 1 3 2 0 0 5 3 0 0 0 0 2 1 2 0 15 5 350 230 0006
90 % 65 % 53 % 59 % 50 % 67 % 0 % 60 % 0 % 0 % 50 % 0 % 33 % 66 %
MIDVILLE 116 108 85 59 75 60 89 73 0 0 0 0 1 1 0 0 0 0 0 0 2 2 1 1 9 6 378 310 0007
93 % 69 % 80 % 82 % 0 % 0 % 100 % 0 % 0 % 0 % 100 % 100 % 67 % 82 %
MUNNERLYN 63 52 64 32 57 45 50 38 1 1 0 0 1 1 1 1 0 0 0 0 0 0 1 0 4 2 242 172 0008
83 % 50 % 79 % 76 % 100 % 0 % 100 % 100 % 0 % 0 % 0 % 0 % 50 % 71 %
SARDIS 225 167 147 103 252 191 219 158 0 0 0 0 0 0 0 0 1 1 0 0 4 1 2 2 15 8 865 631 0009
74 % 70 % 76 % 72 % 0 % 0 % 0 % 0 % 100 % 0 % 25 % 100 % 53 % 73 %
SCOTTS_CRO 89 82 68 48 37 28 37 24 0 0 0 0 0 0 1 0 0 0 0 0 0 0 0 0 4 2 236 184 0010
92 % 71 % 76 % 65 % 0 % 0 % 0 % 0 % 0 % 0 % 0 % 0 % 50 % 78 %
TELFAIR 197 160 178 116 227 146 221 145 0 0 0 0 1 0 3 2 0 0 1 1 1 1 1 1 25 11 855 583 0011
81 % 65 % 64 % 66 % 0 % 0 % 0 % 67 % 0 % 100 % 100 % 100 % 44 % 68 %
ST._CLAIR 101 85 77 56 79 63 82 67 1 0 2 2 1 2 0 0 0 0 0 0 2 0 0 0 7 3 352 278 0012
84 % 73 % 80 % 82 % 0 % 100 % 200 % 0 % 0 % 0 % 0 % 0 % 43 % 79 %
VIDETTE 78 67 68 45 63 49 63 52 1 0 0 0 0 0 1 0 0 0 0 0 0 0 0 0 6 4 280 217 0013
86 % 66 % 78 % 83 % 0 % 0 % 0 % 0 % 0 % 0 % 0 % 0 % 67 % 78 %
NORTH_WAYN 1,177 933 741 473 295 227 261 206 2 1 3 3 1 0 2 1 0 0 1 0 3 2 2 1 47 26 2,535 1,873 0014
79 % 64 % 77 % 79 % 50 % 100 % 0 % 50 % 0 % 0 % 67 % 50 % 55 % 74 %
SOUTH_WAYN 637 532 374 275 834 697 723 592 4 0 0 0 4 3 2 2 0 0 0 0 2 1 2 1 62 34 2,644 2,137 0015
84 % 74 % 84 % 82 % 0 % 0 % 75 % 100 % 0 % 0 % 50 % 50 % 55 % 81 %
BLAKENEY 180 136 95 57 92 75 79 65 0 0 1 0 1 1 0 0 0 0 1 0 0 0 0 0 10 6 459 340 0016
76 % 60 % 82 % 82 % 0 % 0 % 100 % 0 % 0 % 0 % 0 % 0 % 60 % 74 %
TOTALS 3,798 3,102 2,624 1,757 3,267 2,443 3,035 2,260 22 11 11 9 26 13 36 19 1 1 3 1 27 13 16 7 316 167 13,182 9,803 0016
82 % 67 % 75 % 74 % 50 % 82 % 50 % 53 % 100 % 33 % 48 % 44 % 53 % 74 %