BUTTS_CO_C 853 734 622 459 835 642 722 558 7 5 0 0 7 4 17 13 0 0 0 0 11 5 8 6 268 185 3,350 2,611 BCCC
86 % 74 % 77 % 77 % 71 % 0 % 57 % 76 % 0 % 0 % 45 % 75 % 69 % 78 %
JENKINSBUR 311 266 262 188 620 494 580 448 4 3 3 3 4 3 7 4 0 0 0 0 6 5 4 3 178 121 1,979 1,538 JENK
86 % 72 % 80 % 77 % 75 % 100 % 75 % 57 % 0 % 0 % 83 % 75 % 68 % 78 %
STARK 34 28 29 22 943 788 912 735 2 2 1 0 7 4 3 2 0 0 1 1 4 1 7 5 167 118 2,110 1,706 STARK
82 % 76 % 84 % 81 % 100 % 0 % 57 % 67 % 0 % 100 % 25 % 71 % 71 % 81 %
TOWALIGA 246 202 165 124 1,208 1,002 1,040 829 4 1 2 1 13 7 8 4 1 1 1 1 6 4 8 4 214 147 2,916 2,327 TOW
82 % 75 % 83 % 80 % 25 % 50 % 54 % 50 % 100 % 100 % 67 % 50 % 69 % 80 %
WORTHVILLE 49 45 49 34 668 563 614 504 2 2 0 0 6 5 2 1 0 0 1 0 2 0 1 1 111 80 1,505 1,235 WORTH
92 % 69 % 84 % 82 % 100 % 0 % 83 % 50 % 0 % 0 % 0 % 100 % 72 % 82 %
TOTALS 1,493 1,275 1,127 827 4,274 3,489 3,868 3,074 19 13 6 4 37 23 37 24 1 1 3 2 29 15 28 19 938 651 11,860 9,417 WORTH
85 % 73 % 82 % 79 % 68 % 67 % 62 % 65 % 100 % 67 % 52 % 68 % 69 % 79 %