LEARY 213 182 151 113 131 116 124 104 0 0 0 0 1 1 1 2 0 0 0 0 1 1 0 0 11 9 633 528 1
85 % 75 % 89 % 84 % 0 % 0 % 100 % 200 % 0 % 0 % 100 % 0 % 82 % 83 %
MORGAN 125 96 89 65 227 182 196 154 3 1 2 1 0 0 0 0 0 0 0 0 1 1 0 0 5 4 648 504 2
77 % 73 % 80 % 79 % 33 % 50 % 0 % 0 % 0 % 0 % 100 % 0 % 80 % 78 %
EDISON 201 147 130 81 49 35 38 34 5 5 3 3 1 1 2 0 0 0 0 0 1 0 0 0 2 1 432 307 3
73 % 62 % 71 % 89 % 100 % 100 % 100 % 0 % 0 % 0 % 0 % 0 % 50 % 71 %
EDISON-ARL 195 149 132 75 108 92 91 81 0 0 0 0 0 0 0 0 0 0 0 0 0 0 0 0 3 2 529 399 4
76 % 57 % 85 % 89 % 0 % 0 % 0 % 0 % 0 % 0 % 0 % 0 % 67 % 75 %
ARLINGTON 244 196 177 116 106 82 80 63 0 0 0 0 0 0 1 0 0 0 0 0 0 0 0 0 4 1 612 458 5
80 % 66 % 77 % 79 % 0 % 0 % 0 % 0 % 0 % 0 % 0 % 0 % 25 % 75 %
TOTALS 978 770 679 450 621 507 529 436 8 6 5 4 2 2 4 2 0 0 0 0 3 2 0 0 25 17 2,854 2,196 5
79 % 66 % 82 % 82 % 75 % 80 % 100 % 50 % 0 % 0 % 67 % 0 % 68 % 77 %