TARBORO 94 80 85 65 276 214 232 182 2 1 0 0 0 0 0 0 0 0 0 0 2 1 1 1 77 46 769 590 01
85 % 76 % 78 % 78 % 50 % 0 % 0 % 0 % 0 % 0 % 50 % 100 % 60 % 77 %
WAVERLY 149 131 107 78 368 281 388 294 0 0 0 0 4 3 2 1 0 0 0 0 2 0 1 1 95 59 1,116 848 02
88 % 73 % 76 % 76 % 0 % 0 % 75 % 50 % 0 % 0 % 0 % 100 % 62 % 76 %
WOODBINE 305 266 222 166 481 378 449 352 2 2 0 0 7 5 2 0 2 2 1 0 8 5 6 3 176 112 1,661 1,291 03
87 % 75 % 79 % 78 % 100 % 0 % 71 % 0 % 100 % 0 % 63 % 50 % 64 % 78 %
BROWNTOWN 20 14 18 14 241 171 225 146 1 0 1 1 2 2 2 0 0 0 0 0 0 0 1 0 102 64 613 412 04
70 % 78 % 71 % 65 % 0 % 100 % 100 % 0 % 0 % 0 % 0 % 0 % 63 % 67 %
HARRIETTS 53 41 46 32 661 477 606 457 2 1 0 0 10 6 2 0 1 1 1 1 9 6 6 2 225 140 1,622 1,164 05
77 % 70 % 72 % 75 % 50 % 0 % 60 % 0 % 100 % 100 % 67 % 33 % 62 % 72 %
WEST_KINGS 176 120 119 70 785 535 708 470 14 11 2 0 13 6 17 7 0 0 0 0 8 4 9 4 410 228 2,261 1,455 06
68 % 59 % 68 % 66 % 79 % 0 % 46 % 41 % 0 % 0 % 50 % 44 % 56 % 64 %
06B 0 0 0 0 0 0 0 0 0 0 0 0 0 0 0 0 0 0 0 0 0 0 0 0 0 1 0 1 06B
0 % 0 % 0 % 0 % 0 % 0 % 0 % 0 % 0 % 0 % 0 % 0 % 0 % 0 %
NORTH_KING 445 335 298 208 480 302 414 261 7 5 2 2 10 7 7 3 0 0 0 0 15 9 8 6 314 183 2,000 1,321 07
75 % 70 % 63 % 63 % 71 % 100 % 70 % 43 % 0 % 0 % 60 % 75 % 58 % 66 %
KINGSLAND 209 131 143 75 641 388 476 303 11 6 8 4 21 9 17 11 1 0 2 1 20 8 13 5 319 170 1,881 1,111 08
63 % 52 % 61 % 64 % 55 % 50 % 43 % 65 % 0 % 50 % 40 % 38 % 53 % 59 %
EAST_KINGS 430 301 302 196 1,512 964 1,184 801 49 21 35 13 59 25 40 21 2 0 1 1 36 15 32 19 856 471 4,538 2,848 09
70 % 65 % 64 % 68 % 43 % 37 % 42 % 53 % 0 % 100 % 42 % 59 % 55 % 63 %
NORTH_ST_M 256 138 144 55 467 229 299 176 8 3 4 2 28 11 21 5 0 0 0 1 17 6 10 2 315 138 1,569 766 10
54 % 38 % 49 % 59 % 38 % 50 % 39 % 24 % 0 % 0 % 35 % 20 % 44 % 49 %
MARY_LEE_C 266 199 206 130 935 567 639 407 12 8 4 2 25 14 24 16 1 1 0 0 23 12 15 7 429 242 2,579 1,605 11
75 % 63 % 61 % 64 % 67 % 50 % 56 % 67 % 100 % 0 % 52 % 47 % 56 % 62 %
SOUTH_ST_M 141 116 129 86 634 443 599 416 7 7 3 2 9 6 9 3 0 0 1 1 10 8 11 4 253 146 1,806 1,238 12
82 % 67 % 70 % 69 % 100 % 67 % 67 % 33 % 0 % 100 % 80 % 36 % 58 % 69 %
MUSH_BLUFF 168 104 142 78 710 465 685 469 11 8 4 3 41 24 22 11 0 0 0 0 27 15 10 5 368 212 2,188 1,394 13
62 % 55 % 65 % 68 % 73 % 75 % 59 % 50 % 0 % 0 % 56 % 50 % 58 % 64 %
WEST_SAINT 95 69 63 40 1,112 838 1,036 797 10 8 5 4 10 5 9 2 0 0 1 1 12 9 8 3 331 219 2,692 1,995 14
73 % 63 % 75 % 77 % 80 % 80 % 50 % 22 % 0 % 100 % 75 % 38 % 66 % 74 %
2713 0 0 0 0 0 0 0 0 0 0 0 0 0 0 0 1 0 0 0 0 0 0 0 0 0 1 0 2 2713
0 % 0 % 0 % 0 % 0 % 0 % 0 % 0 % 0 % 0 % 0 % 0 % 0 % 0 %
4 0 0 0 0 0 0 0 1 0 0 0 0 0 0 0 0 0 0 0 0 0 0 0 0 0 0 0 1 4
0 % 0 % 0 % 0 % 0 % 0 % 0 % 0 % 0 % 0 % 0 % 0 % 0 % 0 %
4913 0 0 0 0 0 0 0 1 0 0 0 0 0 0 0 0 0 0 0 0 0 0 0 0 0 0 0 1 4913
0 % 0 % 0 % 0 % 0 % 0 % 0 % 0 % 0 % 0 % 0 % 0 % 0 % 0 %
5-10C 0 1 0 0 0 0 0 0 0 0 0 0 0 0 0 0 0 0 0 0 0 0 0 0 0 0 0 1 5-10C
0 % 0 % 0 % 0 % 0 % 0 % 0 % 0 % 0 % 0 % 0 % 0 % 0 % 0 %
TOTALS 2,807 2,046 2,024 1,293 9,303 6,252 7,940 5,533 136 81 68 33 239 123 174 81 7 4 7 6 189 98 131 62 4,270 2,432 27,295 18,044 5-10C
73 % 64 % 67 % 70 % 60 % 49 % 51 % 47 % 57 % 86 % 52 % 47 % 57 % 66 %