BT02 0 1 0 0 0 0 0 0 0 0 0 0 0 0 0 0 0 0 0 0 0 0 0 0 0 0 0 1 BT02
0 % 0 % 0 % 0 % 0 % 0 % 0 % 0 % 0 % 0 % 0 % 0 % 0 % 0 %
FA01A 0 0 0 0 0 0 0 1 0 0 0 0 0 0 0 0 0 0 0 0 0 0 0 0 0 0 0 1 FA01A
0 % 0 % 0 % 0 % 0 % 0 % 0 % 0 % 0 % 0 % 0 % 0 % 0 % 0 %
FI 0 1 0 0 0 0 0 0 0 0 0 0 0 0 0 0 0 0 0 0 0 0 0 0 0 0 0 1 FI
0 % 0 % 0 % 0 % 0 % 0 % 0 % 0 % 0 % 0 % 0 % 0 % 0 % 0 %
HO7 0 0 0 0 0 0 0 1 0 0 0 0 0 0 0 0 0 0 0 0 0 0 0 0 0 0 0 1 HO7
0 % 0 % 0 % 0 % 0 % 0 % 0 % 0 % 0 % 0 % 0 % 0 % 0 % 0 %
KE2A 0 0 0 0 0 1 0 0 0 0 0 0 0 0 0 0 0 0 0 0 0 0 0 0 0 0 0 1 KE2A
0 % 0 % 0 % 0 % 0 % 0 % 0 % 0 % 0 % 0 % 0 % 0 % 0 % 0 %
MA01 0 0 0 0 0 1 0 0 0 0 0 0 0 0 0 0 0 0 0 0 0 0 0 0 0 0 0 1 MA01
0 % 0 % 0 % 0 % 0 % 0 % 0 % 0 % 0 % 0 % 0 % 0 % 0 % 0 %
MA02 0 0 0 0 0 0 0 1 0 0 0 0 0 0 0 0 0 0 0 0 0 0 0 0 0 0 0 1 MA02
0 % 0 % 0 % 0 % 0 % 0 % 0 % 0 % 0 % 0 % 0 % 0 % 0 % 0 %
MR3A 0 0 0 0 0 1 0 0 0 0 0 0 0 0 0 0 0 0 0 0 0 0 0 0 0 0 0 1 MR3A
0 % 0 % 0 % 0 % 0 % 0 % 0 % 0 % 0 % 0 % 0 % 0 % 0 % 0 %
NSSH 0 0 0 1 0 0 0 0 0 0 0 0 0 0 0 0 0 0 0 0 0 0 0 0 0 0 0 1 NSSH
0 % 0 % 0 % 0 % 0 % 0 % 0 % 0 % 0 % 0 % 0 % 0 % 0 % 0 %
RD07 0 1 0 0 0 0 0 0 0 0 0 0 0 0 0 0 0 0 0 0 0 0 0 0 0 0 0 1 RD07
0 % 0 % 0 % 0 % 0 % 0 % 0 % 0 % 0 % 0 % 0 % 0 % 0 % 0 %
SM03 0 0 0 0 0 0 0 1 0 0 0 0 0 0 0 0 0 0 0 0 0 0 0 0 0 0 0 1 SM03
0 % 0 % 0 % 0 % 0 % 0 % 0 % 0 % 0 % 0 % 0 % 0 % 0 % 0 %
SN2A 0 0 0 0 0 0 0 1 0 0 0 0 0 0 0 0 0 0 0 0 0 0 0 0 0 0 0 1 SN2A
0 % 0 % 0 % 0 % 0 % 0 % 0 % 0 % 0 % 0 % 0 % 0 % 0 % 0 %
SN6A 0 0 0 0 0 0 0 1 0 0 0 0 0 0 0 0 0 0 0 0 0 0 0 0 0 0 0 1 SN6A
0 % 0 % 0 % 0 % 0 % 0 % 0 % 0 % 0 % 0 % 0 % 0 % 0 % 0 %
SOU 0 1 0 0 0 0 0 0 0 0 0 0 0 0 0 0 0 0 0 0 0 0 0 0 0 0 0 1 SOU
0 % 0 % 0 % 0 % 0 % 0 % 0 % 0 % 0 % 0 % 0 % 0 % 0 % 0 %
SS11A 0 0 0 0 0 1 0 0 0 0 0 0 0 0 0 0 0 0 0 0 0 0 0 0 0 0 0 1 SS11A
0 % 0 % 0 % 0 % 0 % 0 % 0 % 0 % 0 % 0 % 0 % 0 % 0 % 0 %
008 0 0 0 0 0 1 0 0 0 0 0 0 0 0 0 0 0 0 0 0 0 0 0 0 0 0 0 1 008
0 % 0 % 0 % 0 % 0 % 0 % 0 % 0 % 0 % 0 % 0 % 0 % 0 % 0 %
02 0 1 0 0 0 6 0 7 0 0 0 0 0 0 0 0 0 0 0 0 0 0 0 0 0 0 0 14 02
0 % 0 % 0 % 0 % 0 % 0 % 0 % 0 % 0 % 0 % 0 % 0 % 0 % 0 %
02G 0 1 0 0 0 0 0 0 0 0 0 0 0 0 0 0 0 0 0 0 0 0 0 0 0 0 0 1 02G
0 % 0 % 0 % 0 % 0 % 0 % 0 % 0 % 0 % 0 % 0 % 0 % 0 % 0 %
03 0 0 0 0 0 0 0 2 0 0 0 0 0 0 0 0 0 0 0 0 0 0 0 0 0 1 0 3 03
0 % 0 % 0 % 0 % 0 % 0 % 0 % 0 % 0 % 0 % 0 % 0 % 0 % 0 %
05 0 0 0 0 0 1 0 1 0 0 0 0 0 0 0 0 0 0 0 0 0 0 0 0 0 0 0 2 05
0 % 0 % 0 % 0 % 0 % 0 % 0 % 0 % 0 % 0 % 0 % 0 % 0 % 0 %
058 0 0 0 0 0 0 0 0 0 0 0 0 0 0 0 0 0 0 0 0 0 0 0 0 0 1 0 1 058
0 % 0 % 0 % 0 % 0 % 0 % 0 % 0 % 0 % 0 % 0 % 0 % 0 % 0 %
06 0 1 0 0 0 1 0 0 0 0 0 0 0 0 0 0 0 0 0 0 0 0 0 0 0 0 0 2 06
0 % 0 % 0 % 0 % 0 % 0 % 0 % 0 % 0 % 0 % 0 % 0 % 0 % 0 %
06B 0 0 0 0 0 0 0 1 0 0 0 0 0 0 0 0 0 0 0 0 0 0 0 0 0 0 0 1 06B
0 % 0 % 0 % 0 % 0 % 0 % 0 % 0 % 0 % 0 % 0 % 0 % 0 % 0 %
08B 0 0 0 0 0 0 0 1 0 0 0 0 0 0 0 0 0 0 0 0 0 0 0 0 0 0 0 1 08B
0 % 0 % 0 % 0 % 0 % 0 % 0 % 0 % 0 % 0 % 0 % 0 % 0 % 0 %
09L 0 0 0 0 0 0 0 1 0 0 0 0 0 0 0 0 0 0 0 0 0 0 0 0 0 0 0 1 09L
0 % 0 % 0 % 0 % 0 % 0 % 0 % 0 % 0 % 0 % 0 % 0 % 0 % 0 %
10 0 0 0 0 0 3 0 3 0 0 0 0 0 0 0 0 0 0 0 0 0 0 0 0 0 1 0 7 10
0 % 0 % 0 % 0 % 0 % 0 % 0 % 0 % 0 % 0 % 0 % 0 % 0 % 0 %
10B 0 0 0 0 0 0 0 1 0 0 0 0 0 0 0 0 0 0 0 0 0 0 0 0 0 0 0 1 10B
0 % 0 % 0 % 0 % 0 % 0 % 0 % 0 % 0 % 0 % 0 % 0 % 0 % 0 %
10D 0 0 0 0 0 0 0 0 0 0 0 0 0 0 0 0 0 0 0 0 0 0 0 0 0 1 0 1 10D
0 % 0 % 0 % 0 % 0 % 0 % 0 % 0 % 0 % 0 % 0 % 0 % 0 % 0 %
KANSAS 2 2 5 4 392 295 354 273 1 1 1 1 0 0 0 0 1 0 0 0 0 0 1 0 52 25 809 601 1006
100 % 80 % 75 % 77 % 100 % 100 % 0 % 0 % 0 % 0 % 0 % 0 % 48 % 74 %
104 0 1 0 0 0 0 0 0 0 0 0 0 0 0 0 0 0 0 0 0 0 0 0 0 0 0 0 1 104
0 % 0 % 0 % 0 % 0 % 0 % 0 % 0 % 0 % 0 % 0 % 0 % 0 % 0 %
BOWDON 209 160 147 88 967 686 800 583 1 1 1 0 2 0 2 1 0 0 0 0 5 3 8 6 159 88 2,301 1,616 1111
77 % 60 % 71 % 73 % 100 % 0 % 0 % 50 % 0 % 0 % 60 % 75 % 55 % 70 %
SANDHILL 280 210 218 127 1,229 899 1,085 785 8 3 0 0 15 8 18 11 0 0 0 0 13 6 12 4 218 126 3,096 2,179 1122
75 % 58 % 73 % 72 % 38 % 0 % 53 % 61 % 0 % 0 % 46 % 33 % 58 % 70 %
CENTER_POI 12 9 15 9 593 468 551 439 1 1 0 0 4 4 5 4 0 0 0 0 4 3 1 0 69 43 1,255 980 1152
75 % 60 % 79 % 80 % 100 % 0 % 100 % 80 % 0 % 0 % 75 % 0 % 62 % 78 %
LOWELL 23 15 20 11 493 378 482 365 3 3 0 0 0 0 1 0 0 0 0 0 0 0 1 0 89 44 1,112 816 1163
65 % 55 % 77 % 76 % 100 % 0 % 0 % 0 % 0 % 0 % 0 % 0 % 49 % 73 %
MT_ZION 21 18 12 11 629 445 557 411 5 1 5 1 2 1 2 0 0 0 0 0 4 3 1 1 93 57 1,331 949 1240
86 % 92 % 71 % 74 % 20 % 20 % 50 % 0 % 0 % 0 % 75 % 100 % 61 % 71 %
1259 0 1 0 0 0 0 0 0 0 0 0 0 0 0 0 0 0 0 0 0 0 0 0 0 0 0 0 1 1259
0 % 0 % 0 % 0 % 0 % 0 % 0 % 0 % 0 % 0 % 0 % 0 % 0 % 0 %
1271 0 0 0 0 0 0 0 2 0 0 0 0 0 0 0 0 0 0 0 0 0 0 0 0 0 0 0 2 1271
0 % 0 % 0 % 0 % 0 % 0 % 0 % 0 % 0 % 0 % 0 % 0 % 0 % 0 %
1275 0 0 0 0 0 0 0 1 0 0 0 0 0 0 0 0 0 0 0 0 0 0 0 0 0 0 0 1 1275
0 % 0 % 0 % 0 % 0 % 0 % 0 % 0 % 0 % 0 % 0 % 0 % 0 % 0 %
13 0 0 0 0 0 1 0 0 0 0 0 0 0 0 0 0 0 0 0 0 0 0 0 0 0 0 0 1 13
0 % 0 % 0 % 0 % 0 % 0 % 0 % 0 % 0 % 0 % 0 % 0 % 0 % 0 %
13B 0 1 0 0 0 0 0 0 0 0 0 0 0 0 0 0 0 0 0 0 0 0 0 0 0 0 0 1 13B
0 % 0 % 0 % 0 % 0 % 0 % 0 % 0 % 0 % 0 % 0 % 0 % 0 % 0 %
130 0 0 0 0 0 0 0 1 0 0 0 0 0 0 0 0 0 0 0 0 0 0 0 0 0 0 0 1 130
0 % 0 % 0 % 0 % 0 % 0 % 0 % 0 % 0 % 0 % 0 % 0 % 0 % 0 %
BURWELL 29 24 28 15 526 368 451 341 2 2 1 1 2 1 3 1 0 0 0 0 3 1 3 2 62 27 1,110 783 1371
83 % 54 % 70 % 76 % 100 % 100 % 50 % 33 % 0 % 0 % 33 % 67 % 44 % 71 %
14 0 0 0 0 0 0 0 1 0 0 0 0 0 0 0 0 0 0 0 0 0 0 0 0 0 0 0 1 14
0 % 0 % 0 % 0 % 0 % 0 % 0 % 0 % 0 % 0 % 0 % 0 % 0 % 0 %
14C 0 1 0 0 0 0 0 2 0 0 0 0 0 0 0 0 0 0 0 0 0 0 0 0 0 1 0 4 14C
0 % 0 % 0 % 0 % 0 % 0 % 0 % 0 % 0 % 0 % 0 % 0 % 0 % 0 %
CLEM 148 117 143 93 1,209 929 1,062 819 2 2 1 0 8 3 7 5 0 0 0 0 9 7 8 6 175 96 2,772 2,077 1483
79 % 65 % 77 % 77 % 100 % 0 % 38 % 71 % 0 % 0 % 78 % 75 % 55 % 75 %
BOWDON_JUN 103 78 87 62 377 273 321 218 1 0 0 0 4 4 2 1 2 2 0 0 3 1 1 1 90 47 991 687 1496
76 % 71 % 72 % 68 % 0 % 0 % 100 % 50 % 100 % 0 % 33 % 100 % 52 % 69 %
15 0 0 0 0 0 1 0 0 0 0 0 0 0 0 0 0 0 0 0 0 0 0 0 0 0 0 0 1 15
0 % 0 % 0 % 0 % 0 % 0 % 0 % 0 % 0 % 0 % 0 % 0 % 0 % 0 %
TYUS 49 35 31 17 625 489 564 440 1 1 1 1 4 1 3 0 0 0 0 0 2 2 2 1 102 57 1,384 1,044 1533
71 % 55 % 78 % 78 % 100 % 100 % 25 % 0 % 0 % 0 % 100 % 50 % 56 % 75 %
FAIRFIELD 170 139 123 101 1,179 921 1,063 844 9 5 4 4 17 16 14 9 0 0 0 0 14 12 9 5 240 173 2,842 2,229 1540
82 % 82 % 78 % 79 % 56 % 100 % 94 % 64 % 0 % 0 % 86 % 56 % 72 % 78 %
HULETT 55 38 47 35 743 572 656 487 2 2 1 1 5 3 7 5 1 0 0 0 4 4 3 2 146 93 1,670 1,242 1542
69 % 74 % 77 % 74 % 100 % 100 % 60 % 71 % 0 % 0 % 100 % 67 % 64 % 74 %
16 0 0 0 0 0 1 0 0 0 0 0 0 0 0 0 0 0 0 0 0 0 0 0 0 0 0 0 1 16
0 % 0 % 0 % 0 % 0 % 0 % 0 % 0 % 0 % 0 % 0 % 0 % 0 % 0 %
1818 0 0 0 0 0 0 0 1 0 0 0 0 0 0 0 0 0 0 0 0 0 0 0 0 0 0 0 1 1818
0 % 0 % 0 % 0 % 0 % 0 % 0 % 0 % 0 % 0 % 0 % 0 % 0 % 0 %
BETHANY 456 349 391 245 1,115 751 1,020 687 5 2 4 1 18 11 24 9 1 0 0 0 11 5 11 4 297 140 3,353 2,204 501
77 % 63 % 67 % 67 % 40 % 25 % 61 % 38 % 0 % 0 % 45 % 36 % 47 % 66 %
V_R_COUNTY 112 77 92 67 913 683 794 582 3 1 3 2 6 3 11 7 0 0 0 0 7 3 5 3 144 74 2,090 1,502 640
69 % 73 % 75 % 73 % 33 % 67 % 50 % 64 % 0 % 0 % 43 % 60 % 51 % 72 %
V_R_COUNTY 351 261 273 187 1,436 977 1,297 890 7 5 10 3 19 9 29 20 0 0 0 0 27 19 18 10 347 182 3,814 2,563 641
74 % 68 % 68 % 69 % 71 % 30 % 47 % 69 % 0 % 0 % 70 % 56 % 52 % 67 %
VILLA_RICA 816 567 523 326 1,437 924 1,092 695 7 5 10 8 50 28 42 21 3 2 0 0 27 14 15 6 443 265 4,465 2,861 642
69 % 62 % 64 % 64 % 71 % 80 % 56 % 50 % 67 % 0 % 52 % 40 % 60 % 64 %
TEMPLE_COU 173 138 115 75 1,224 850 1,080 733 4 3 1 1 8 4 12 2 1 0 1 1 6 3 9 5 263 146 2,897 1,961 649
80 % 65 % 69 % 68 % 75 % 100 % 50 % 17 % 0 % 100 % 50 % 56 % 56 % 68 %
TEMPLE_CIT 267 196 215 139 880 601 722 508 4 2 2 0 14 8 12 7 1 0 0 0 17 13 10 4 190 111 2,334 1,589 650
73 % 65 % 68 % 70 % 50 % 0 % 57 % 58 % 0 % 0 % 76 % 40 % 58 % 68 %
WHITESBURG 44 32 46 32 704 513 626 460 1 1 0 0 3 3 4 0 0 0 0 0 4 2 2 0 118 56 1,552 1,099 682
73 % 70 % 73 % 73 % 100 % 0 % 100 % 0 % 0 % 0 % 50 % 0 % 47 % 71 %
ROOPVILLE 38 33 27 18 534 404 490 384 1 1 0 0 2 2 2 2 0 0 0 0 4 2 2 1 73 49 1,173 896 713
87 % 67 % 76 % 78 % 100 % 0 % 100 % 100 % 0 % 0 % 50 % 50 % 67 % 76 %
WEST_CARRO 901 648 607 352 393 217 331 176 8 3 7 3 24 14 21 13 0 0 0 0 28 16 11 7 269 135 2,600 1,584 714A1
72 % 58 % 55 % 53 % 38 % 43 % 58 % 62 % 0 % 0 % 57 % 64 % 50 % 61 %
EAST_CARRO 196 112 101 62 483 370 366 273 10 6 8 6 10 4 9 4 0 0 0 0 3 3 4 3 94 42 1,284 885 714A2
57 % 61 % 77 % 75 % 60 % 75 % 40 % 44 % 0 % 0 % 100 % 75 % 45 % 69 %
BONNER 389 270 204 124 942 724 794 592 11 7 11 4 29 16 13 6 0 0 0 0 10 4 12 6 259 159 2,674 1,912 714A3
69 % 61 % 77 % 75 % 64 % 36 % 55 % 46 % 0 % 0 % 40 % 50 % 61 % 72 %
UNIVERSITY 599 437 323 168 779 520 628 423 8 0 7 4 17 10 14 9 0 0 1 1 17 11 19 11 198 115 2,610 1,709 714A4
73 % 52 % 67 % 67 % 0 % 57 % 59 % 64 % 0 % 100 % 65 % 58 % 58 % 65 %
COUNTY_ADM 177 129 102 57 746 540 598 435 9 3 7 4 21 15 18 13 0 0 1 0 14 8 7 5 145 74 1,845 1,283 714A5
73 % 56 % 72 % 73 % 33 % 57 % 71 % 72 % 0 % 0 % 57 % 71 % 51 % 70 %
TABERNACLE 78 44 42 23 530 409 366 282 5 4 2 1 4 2 3 0 0 0 0 0 4 2 2 2 85 42 1,121 811 714A6
56 % 55 % 77 % 77 % 80 % 50 % 50 % 0 % 0 % 0 % 50 % 100 % 49 % 72 %
EMC 155 125 121 78 384 308 349 263 2 1 1 0 6 2 4 0 0 0 0 0 1 0 3 3 75 37 1,101 817 714BN
81 % 64 % 80 % 75 % 50 % 0 % 33 % 0 % 0 % 0 % 0 % 100 % 49 % 74 %
OLD_CAMP_C 81 68 67 42 819 640 701 557 4 3 2 1 5 3 0 0 1 0 0 0 6 4 7 4 110 63 1,803 1,385 714BW
84 % 63 % 78 % 79 % 75 % 50 % 60 % 0 % 0 % 0 % 67 % 57 % 57 % 77 %
OAK_GROVE 77 49 47 26 522 411 459 338 0 0 1 0 3 1 2 0 0 0 0 0 6 3 3 1 88 51 1,208 880 715
64 % 55 % 79 % 74 % 0 % 0 % 33 % 0 % 0 % 0 % 50 % 33 % 58 % 73 %
NEW_HOPE 70 42 69 36 373 255 327 208 3 3 2 0 9 3 9 1 0 0 0 0 9 3 6 4 70 28 947 583 716
60 % 52 % 68 % 64 % 100 % 0 % 33 % 11 % 0 % 0 % 33 % 67 % 40 % 62 %
730 0 0 0 0 0 1 0 1 0 0 0 0 0 0 0 0 0 0 0 0 0 0 0 0 0 0 0 2 730
0 % 0 % 0 % 0 % 0 % 0 % 0 % 0 % 0 % 0 % 0 % 0 % 0 % 0 %
731 0 0 0 0 0 1 0 0 0 0 0 0 0 0 0 0 0 0 0 0 0 0 0 0 0 0 0 1 731
0 % 0 % 0 % 0 % 0 % 0 % 0 % 0 % 0 % 0 % 0 % 0 % 0 % 0 %
732 0 0 0 0 0 0 0 1 0 0 0 0 0 0 0 0 0 0 0 0 0 0 0 0 0 0 0 1 732
0 % 0 % 0 % 0 % 0 % 0 % 0 % 0 % 0 % 0 % 0 % 0 % 0 % 0 %
733 0 0 0 0 0 1 0 2 0 0 0 0 0 0 0 0 0 0 0 0 0 0 0 0 0 0 0 3 733
0 % 0 % 0 % 0 % 0 % 0 % 0 % 0 % 0 % 0 % 0 % 0 % 0 % 0 %
734 0 0 0 0 0 0 0 2 0 0 0 0 0 0 0 0 0 0 0 0 0 0 0 0 0 0 0 2 734
0 % 0 % 0 % 0 % 0 % 0 % 0 % 0 % 0 % 0 % 0 % 0 % 0 % 0 %
735 0 0 0 0 0 1 0 1 0 0 0 0 0 0 0 0 0 0 0 0 0 0 0 0 0 0 0 2 735
0 % 0 % 0 % 0 % 0 % 0 % 0 % 0 % 0 % 0 % 0 % 0 % 0 % 0 %
736N 0 0 0 0 0 1 0 1 0 0 0 0 0 0 0 0 0 0 0 0 0 0 0 0 0 1 0 3 736N
0 % 0 % 0 % 0 % 0 % 0 % 0 % 0 % 0 % 0 % 0 % 0 % 0 % 0 %
738 0 0 0 0 0 0 0 1 0 0 0 0 0 0 0 0 0 0 0 0 0 0 0 0 0 0 0 1 738
0 % 0 % 0 % 0 % 0 % 0 % 0 % 0 % 0 % 0 % 0 % 0 % 0 % 0 %
739 0 0 0 1 0 0 0 0 0 0 0 0 0 0 0 0 0 0 0 0 0 0 0 0 0 0 0 1 739
0 % 0 % 0 % 0 % 0 % 0 % 0 % 0 % 0 % 0 % 0 % 0 % 0 % 0 %
785 0 0 0 1 0 1 0 0 0 0 0 0 0 0 0 0 0 0 0 0 0 0 0 0 0 0 0 2 785
0 % 0 % 0 % 0 % 0 % 0 % 0 % 0 % 0 % 0 % 0 % 0 % 0 % 0 %
TOTALS 6,081 4,433 4,241 2,633 23,176 16,845 19,986 14,531 128 72 93 47 311 179 293 151 11 4 3 2 262 157 196 107 4,763 2,651 59,544 41,812 785
73 % 62 % 73 % 73 % 56 % 51 % 58 % 52 % 36 % 67 % 60 % 55 % 56 % 70 %