BLACKSTOCK 7 3 3 0 658 444 589 386 1 0 2 1 9 3 6 3 0 0 0 0 0 0 1 0 106 55 1,382 895 BLCK
43 % 0 % 67 % 66 % 0 % 50 % 33 % 50 % 0 % 0 % 0 % 0 % 52 % 65 %
BOYNTON 33 24 30 22 2,264 1,717 1,912 1,474 15 7 8 4 10 8 14 6 0 0 0 0 12 7 11 5 215 139 4,524 3,413 BOYN
73 % 73 % 76 % 77 % 47 % 50 % 80 % 43 % 0 % 0 % 58 % 45 % 65 % 75 %
CATOOSA_KE 5 4 6 6 909 655 843 619 3 0 2 1 4 3 14 7 0 0 0 0 3 3 2 1 109 71 1,900 1,370 CAKT
80 % 100 % 72 % 73 % 0 % 50 % 75 % 50 % 0 % 0 % 100 % 50 % 65 % 72 %
CHAMBERS 11 9 9 8 911 729 864 667 1 1 4 1 6 5 3 1 0 0 0 0 4 2 6 4 87 52 1,906 1,479 CHAM
82 % 89 % 80 % 77 % 100 % 25 % 83 % 33 % 0 % 0 % 50 % 67 % 60 % 78 %
DG 0 0 0 0 0 1 0 0 0 0 0 0 0 0 0 0 0 0 0 0 0 0 0 0 0 0 0 1 DG
0 % 0 % 0 % 0 % 0 % 0 % 0 % 0 % 0 % 0 % 0 % 0 % 0 % 0 %
DUNCAN_PAR 23 17 13 7 922 654 674 457 4 2 6 2 5 3 5 2 1 0 0 0 6 2 2 2 104 62 1,765 1,210 DPK
74 % 54 % 71 % 68 % 50 % 33 % 60 % 40 % 0 % 0 % 33 % 100 % 60 % 69 %
FT_OGLETHO 54 36 31 16 1,590 1,078 1,163 830 12 9 16 4 7 3 5 2 1 0 3 2 10 4 8 6 154 94 3,054 2,084 FT_O
67 % 52 % 68 % 71 % 75 % 25 % 43 % 40 % 0 % 67 % 40 % 75 % 61 % 68 %
GRAYSVILLE 17 9 16 10 1,550 1,135 1,230 897 9 5 9 2 13 7 3 2 0 0 1 0 11 7 4 3 151 100 3,014 2,177 GRAY
53 % 63 % 73 % 73 % 56 % 22 % 54 % 67 % 0 % 0 % 64 % 75 % 66 % 72 %
LAKEVIEW 32 20 28 14 1,339 909 1,033 700 6 2 9 1 7 5 4 1 0 0 0 0 7 5 4 2 131 81 2,600 1,740 LAKE
63 % 50 % 68 % 68 % 33 % 11 % 71 % 25 % 0 % 0 % 71 % 50 % 62 % 67 %
PG 0 0 0 0 0 1 0 2 0 0 0 0 0 0 0 0 0 0 0 0 0 0 0 0 0 0 0 3 PG
0 % 0 % 0 % 0 % 0 % 0 % 0 % 0 % 0 % 0 % 0 % 0 % 0 % 0 %
POPLAR_SPR 13 12 12 11 1,514 1,175 1,287 980 1 2 4 2 7 3 8 5 0 0 0 0 7 5 4 1 147 101 3,004 2,297 POPS
92 % 92 % 78 % 76 % 200 % 50 % 43 % 63 % 0 % 0 % 71 % 25 % 69 % 76 %
RINGGOLD 77 67 59 40 2,601 1,942 2,213 1,678 12 6 15 10 19 11 19 12 2 1 0 0 11 4 12 9 293 190 5,333 3,970 RING
87 % 68 % 75 % 76 % 50 % 67 % 58 % 63 % 50 % 0 % 36 % 75 % 65 % 74 %
TH 0 0 0 0 0 0 0 3 0 0 0 0 0 0 0 0 0 0 0 0 0 0 0 0 0 0 0 3 TH
0 % 0 % 0 % 0 % 0 % 0 % 0 % 0 % 0 % 0 % 0 % 0 % 0 % 0 %
TR 0 0 0 0 0 1 0 1 0 0 0 0 0 0 0 0 0 0 0 0 0 0 0 0 0 0 0 2 TR
0 % 0 % 0 % 0 % 0 % 0 % 0 % 0 % 0 % 0 % 0 % 0 % 0 % 0 %
VA 0 0 0 0 0 0 0 1 0 0 0 0 0 0 0 0 0 0 0 0 0 0 0 0 0 0 0 1 VA
0 % 0 % 0 % 0 % 0 % 0 % 0 % 0 % 0 % 0 % 0 % 0 % 0 % 0 %
WESTSIDE 31 22 21 14 1,146 830 860 622 9 4 12 4 11 8 3 3 0 0 0 0 7 1 8 4 95 58 2,203 1,570 WEST
71 % 67 % 72 % 72 % 44 % 33 % 73 % 100 % 0 % 0 % 14 % 50 % 61 % 71 %
WOODSTATIO 22 21 32 24 1,019 803 947 736 4 1 2 0 3 2 2 2 1 0 0 0 6 4 3 2 80 49 2,121 1,644 WOOD
95 % 75 % 79 % 78 % 25 % 0 % 67 % 100 % 0 % 0 % 67 % 67 % 61 % 78 %
009 0 0 0 0 0 0 0 0 0 0 0 0 0 0 0 0 0 0 0 0 0 0 0 0 0 1 0 1 009
0 % 0 % 0 % 0 % 0 % 0 % 0 % 0 % 0 % 0 % 0 % 0 % 0 % 0 %
023 0 0 0 0 0 0 0 1 0 0 0 0 0 0 0 0 0 0 0 0 0 0 0 0 0 0 0 1 023
0 % 0 % 0 % 0 % 0 % 0 % 0 % 0 % 0 % 0 % 0 % 0 % 0 % 0 %
0871 0 0 0 0 0 0 0 1 0 0 0 0 0 0 0 0 0 0 0 0 0 0 0 0 0 0 0 1 0871
0 % 0 % 0 % 0 % 0 % 0 % 0 % 0 % 0 % 0 % 0 % 0 % 0 % 0 %
0944 0 0 0 0 0 5 0 1 0 0 0 0 0 0 0 0 0 0 0 0 0 0 0 0 0 0 0 6 0944
0 % 0 % 0 % 0 % 0 % 0 % 0 % 0 % 0 % 0 % 0 % 0 % 0 % 0 %
1A 0 0 0 0 0 1 0 0 0 0 0 0 0 0 0 0 0 0 0 0 0 0 0 0 0 0 0 1 1A
0 % 0 % 0 % 0 % 0 % 0 % 0 % 0 % 0 % 0 % 0 % 0 % 0 % 0 %
1054 0 0 0 0 0 0 0 1 0 0 0 0 0 0 0 0 0 0 0 0 0 0 0 0 0 0 0 1 1054
0 % 0 % 0 % 0 % 0 % 0 % 0 % 0 % 0 % 0 % 0 % 0 % 0 % 0 %
1056 0 0 0 0 0 1 0 0 0 0 0 0 0 0 0 0 0 0 0 0 0 0 0 0 0 0 0 1 1056
0 % 0 % 0 % 0 % 0 % 0 % 0 % 0 % 0 % 0 % 0 % 0 % 0 % 0 %
1501 0 0 0 0 0 1 0 0 0 0 0 0 0 0 0 0 0 0 0 0 0 0 0 0 0 0 0 1 1501
0 % 0 % 0 % 0 % 0 % 0 % 0 % 0 % 0 % 0 % 0 % 0 % 0 % 0 %
1812 0 0 0 0 0 2 0 3 0 0 0 0 0 0 0 0 0 0 0 0 0 0 0 0 0 0 0 5 1812
0 % 0 % 0 % 0 % 0 % 0 % 0 % 0 % 0 % 0 % 0 % 0 % 0 % 0 %
1893 0 0 0 0 0 3 0 2 0 0 0 0 0 0 0 0 0 0 0 0 0 0 0 0 0 0 0 5 1893
0 % 0 % 0 % 0 % 0 % 0 % 0 % 0 % 0 % 0 % 0 % 0 % 0 % 0 %
1933 0 0 0 0 0 1 0 0 0 0 0 0 0 0 0 0 0 0 0 0 0 0 0 0 0 0 0 1 1933
0 % 0 % 0 % 0 % 0 % 0 % 0 % 0 % 0 % 0 % 0 % 0 % 0 % 0 %
824 0 0 0 0 0 0 0 0 0 0 0 0 0 0 0 0 0 0 0 0 0 0 0 0 0 1 0 1 824
0 % 0 % 0 % 0 % 0 % 0 % 0 % 0 % 0 % 0 % 0 % 0 % 0 % 0 %
849-B 0 0 0 0 0 0 0 1 0 0 0 0 0 0 0 0 0 0 0 0 0 0 0 0 0 0 0 1 849-B
0 % 0 % 0 % 0 % 0 % 0 % 0 % 0 % 0 % 0 % 0 % 0 % 0 % 0 %
870 0 0 0 0 0 1 0 0 0 0 0 0 0 0 0 0 0 0 0 0 0 0 0 0 0 0 0 1 870
0 % 0 % 0 % 0 % 0 % 0 % 0 % 0 % 0 % 0 % 0 % 0 % 0 % 0 %
974 0 0 0 0 0 1 0 0 0 0 0 0 0 0 0 0 0 0 0 0 0 0 0 0 0 1 0 2 974
0 % 0 % 0 % 0 % 0 % 0 % 0 % 0 % 0 % 0 % 0 % 0 % 0 % 0 %
TOTALS 325 244 260 172 16,423 12,090 13,615 10,063 77 39 89 32 101 61 86 46 5 1 4 2 84 44 65 39 1,672 1,055 32,806 23,888 974
75 % 66 % 74 % 74 % 51 % 36 % 60 % 53 % 20 % 50 % 52 % 60 % 63 % 73 %