FOLKSTON_L 308 250 210 137 181 131 159 122 0 0 1 1 1 0 0 0 0 0 0 0 2 1 3 2 96 53 961 697 1
81 % 65 % 72 % 77 % 0 % 100 % 0 % 0 % 0 % 0 % 50 % 67 % 55 % 73 %
FOLKSTON 291 206 207 128 208 143 175 120 2 0 3 2 0 0 0 0 0 0 0 0 3 3 0 0 86 53 975 655 2
71 % 62 % 69 % 69 % 0 % 67 % 0 % 0 % 0 % 0 % 100 % 0 % 62 % 67 %
BEND_FIRE 2 2 3 1 154 101 151 97 0 0 0 0 0 0 0 0 1 0 0 0 1 1 0 2 35 25 347 229 3B
100 % 33 % 66 % 64 % 0 % 0 % 0 % 0 % 0 % 0 % 100 % 0 % 71 % 66 %
ST._GEORGE 4 2 9 6 232 181 213 162 0 0 0 0 0 0 0 0 0 0 1 1 2 1 2 2 49 30 512 385 3S
50 % 67 % 78 % 76 % 0 % 0 % 0 % 0 % 0 % 100 % 50 % 100 % 61 % 75 %
TRADERS_HI 0 0 1 1 49 42 41 34 0 0 0 0 0 0 0 0 0 0 0 0 0 0 0 0 8 6 99 83 3T
0 % 100 % 86 % 83 % 0 % 0 % 0 % 0 % 0 % 0 % 0 % 0 % 75 % 84 %
HOMELAND 45 30 22 13 548 407 456 350 2 1 3 2 4 2 3 2 0 0 0 0 6 5 2 0 105 62 1,196 874 4
67 % 59 % 74 % 77 % 50 % 67 % 50 % 67 % 0 % 0 % 83 % 0 % 59 % 73 %
FOLKSTON_F 31 23 23 15 310 220 290 208 2 1 3 2 1 1 0 0 0 0 0 0 2 2 1 0 99 66 762 538 5F
74 % 65 % 71 % 72 % 50 % 67 % 100 % 0 % 0 % 0 % 100 % 0 % 67 % 71 %
RACEPOND 1 1 0 0 88 68 76 53 0 0 0 0 0 0 0 0 0 0 0 0 0 0 0 0 15 8 180 130 5R
100 % 0 % 77 % 70 % 0 % 0 % 0 % 0 % 0 % 0 % 0 % 0 % 53 % 72 %
WINOKUR 2 2 5 2 127 99 107 88 0 0 0 0 0 0 0 0 0 0 0 0 0 0 0 0 20 12 261 203 5W
100 % 40 % 78 % 82 % 0 % 0 % 0 % 0 % 0 % 0 % 0 % 0 % 60 % 78 %
TOTALS 684 516 480 303 1,897 1,392 1,668 1,234 6 2 10 7 6 3 3 2 1 0 1 1 16 13 8 6 513 315 5,293 3,794 5W
75 % 63 % 73 % 74 % 33 % 70 % 50 % 67 % 0 % 100 % 81 % 75 % 61 % 72 %