WJ 0 0 0 0 0 1 0 0 0 0 0 0 0 0 0 0 0 0 0 0 0 0 0 0 0 0 0 1 WJ
0 % 0 % 0 % 0 % 0 % 0 % 0 % 0 % 0 % 0 % 0 % 0 % 0 % 0 %
06E 0 0 0 0 0 0 0 1 0 0 0 0 0 0 0 0 0 0 0 0 0 0 0 0 0 0 0 1 06E
0 % 0 % 0 % 0 % 0 % 0 % 0 % 0 % 0 % 0 % 0 % 0 % 0 % 0 %
1 0 1 0 0 0 1 0 0 0 0 0 0 0 0 0 0 0 0 0 0 0 0 0 0 0 0 0 2 1
0 % 0 % 0 % 0 % 0 % 0 % 0 % 0 % 0 % 0 % 0 % 0 % 0 % 0 %
FIRST_PRES 44 37 41 30 1,323 1,059 1,144 928 8 7 6 4 11 7 10 8 1 0 0 0 16 12 9 5 87 62 2,700 2,159 1-1_C
84 % 73 % 80 % 81 % 88 % 67 % 64 % 80 % 0 % 0 % 75 % 56 % 71 % 80 %
ISLE_OF_HO 5 4 6 5 529 461 414 356 3 3 3 2 1 0 2 1 0 0 0 0 2 2 2 2 20 11 987 847 1-10C
80 % 83 % 87 % 86 % 100 % 67 % 0 % 50 % 0 % 0 % 100 % 100 % 55 % 86 %
ISLE_OF_HO 23 22 17 14 887 763 828 689 7 6 6 4 5 4 2 1 0 0 0 0 6 5 9 5 47 29 1,837 1,542 1-12C
96 % 82 % 86 % 83 % 86 % 67 % 80 % 50 % 0 % 0 % 83 % 56 % 62 % 84 %
CRESTHILL 113 88 100 67 463 381 382 297 6 5 7 3 12 8 4 2 0 0 0 0 7 3 4 2 35 19 1,133 875 1-13C
78 % 67 % 82 % 78 % 83 % 43 % 67 % 50 % 0 % 0 % 43 % 50 % 54 % 77 %
ST_LUKE_CH 113 102 71 53 604 529 513 434 7 3 8 4 4 1 5 2 0 0 0 0 4 3 8 4 26 19 1,363 1,154 1-14C
90 % 75 % 88 % 85 % 43 % 50 % 25 % 40 % 0 % 0 % 75 % 50 % 73 % 85 %
FERGUSON_A 158 142 93 62 1,069 884 932 749 5 3 8 4 5 2 7 4 1 0 0 0 9 6 7 5 68 42 2,362 1,903 1-16C
90 % 67 % 83 % 80 % 60 % 50 % 40 % 57 % 0 % 0 % 67 % 71 % 62 % 81 %
ISLANDS_CH 70 59 57 39 1,248 992 1,068 828 9 5 23 9 16 7 7 4 0 0 1 1 11 9 9 7 77 46 2,596 2,006 1-17C
84 % 68 % 79 % 78 % 56 % 39 % 44 % 57 % 0 % 100 % 82 % 78 % 60 % 77 %
JEA_BUILDI 118 83 81 49 822 602 722 493 7 4 7 2 13 8 8 5 0 0 0 0 8 6 8 6 52 28 1,846 1,286 1-5_C
70 % 60 % 73 % 68 % 57 % 29 % 62 % 63 % 0 % 0 % 75 % 75 % 54 % 70 %
CENTRAL_CH 94 76 70 48 817 683 653 547 6 5 9 9 4 3 7 6 0 0 0 0 2 1 7 4 50 32 1,719 1,414 1-6_C
81 % 69 % 84 % 84 % 83 % 100 % 75 % 86 % 0 % 0 % 50 % 57 % 64 % 82 %
GRACE_UNIT 129 93 105 67 642 498 480 377 8 4 7 3 11 4 11 4 0 0 1 1 7 4 4 3 36 18 1,441 1,076 1-8_C
72 % 64 % 78 % 79 % 50 % 43 % 36 % 36 % 0 % 100 % 57 % 75 % 50 % 75 %
IMMANUEL_B 152 105 105 75 185 115 126 81 5 0 5 1 9 4 6 2 0 0 0 0 2 1 11 7 27 14 633 405 1-9_C
69 % 71 % 62 % 64 % 0 % 20 % 44 % 33 % 0 % 0 % 50 % 64 % 52 % 64 %
S_GARDENS 574 446 360 210 175 110 144 92 2 2 3 1 9 5 4 1 0 0 1 0 10 5 10 3 40 25 1,332 900 2-11C
78 % 58 % 63 % 64 % 100 % 33 % 56 % 25 % 0 % 0 % 50 % 30 % 63 % 68 %
WILLIAMS_C 354 254 293 158 349 191 342 153 2 1 3 1 11 6 7 3 0 0 0 0 13 6 11 7 90 27 1,475 807 2-12C
72 % 54 % 55 % 45 % 50 % 33 % 55 % 43 % 0 % 0 % 46 % 64 % 30 % 55 %
BLACKSHEAR 467 362 285 148 298 176 309 175 4 2 2 0 8 2 8 1 1 1 1 0 12 11 6 1 70 33 1,471 912 2-2_C
78 % 52 % 59 % 57 % 50 % 0 % 25 % 13 % 100 % 0 % 92 % 17 % 47 % 62 %
W._W._LAW 384 276 307 180 279 160 289 159 3 1 1 0 6 4 2 0 0 0 0 0 8 6 4 2 89 30 1,372 818 2-3_C
72 % 59 % 57 % 55 % 33 % 0 % 67 % 0 % 0 % 0 % 75 % 50 % 34 % 60 %
FELLOWSHIP 1,325 1,083 935 609 155 78 147 69 3 0 2 0 8 4 5 2 2 1 0 0 11 7 7 4 71 33 2,671 1,890 2-4_C
82 % 65 % 50 % 47 % 0 % 0 % 50 % 40 % 50 % 0 % 64 % 57 % 46 % 71 %
HOLY_SPIRI 629 490 485 304 231 162 232 150 4 1 2 1 7 2 9 4 0 0 0 0 13 5 10 4 50 28 1,672 1,151 2-5_C
78 % 63 % 70 % 65 % 25 % 50 % 29 % 44 % 0 % 0 % 38 % 40 % 56 % 69 %
RIVERSIDE 194 163 129 80 59 37 38 26 0 0 0 0 0 0 2 2 0 0 0 0 0 0 1 0 13 10 436 318 2-6_C
84 % 62 % 63 % 68 % 0 % 0 % 0 % 100 % 0 % 0 % 0 % 0 % 77 % 73 %
CHRIST_COM 862 690 489 305 278 202 286 202 3 0 3 1 6 2 3 2 0 0 0 0 9 5 4 1 66 35 2,009 1,445 2-7_C
80 % 62 % 73 % 71 % 0 % 33 % 33 % 67 % 0 % 0 % 56 % 25 % 53 % 72 %
THE_SALVAT 1,157 928 773 513 418 290 307 219 8 2 5 4 10 5 8 4 0 0 0 0 14 12 16 10 64 31 2,780 2,018 2-9_C
80 % 66 % 69 % 71 % 25 % 80 % 50 % 50 % 0 % 0 % 86 % 63 % 48 % 73 %
3 0 1 0 0 0 0 0 0 0 0 0 0 0 0 0 0 0 0 0 0 0 0 0 0 0 0 0 1 3
0 % 0 % 0 % 0 % 0 % 0 % 0 % 0 % 0 % 0 % 0 % 0 % 0 % 0 %
OLD_COURTH 8 4 6 4 188 121 205 139 4 2 2 1 5 4 4 0 0 0 1 0 2 2 3 1 33 16 461 294 3-1_C
50 % 67 % 64 % 68 % 50 % 50 % 80 % 0 % 0 % 0 % 100 % 33 % 48 % 64 %
BIBLE_BAPT 1,066 904 761 519 225 163 166 114 1 0 5 3 4 2 4 1 1 0 0 0 8 5 4 2 62 36 2,307 1,749 3-10C
85 % 68 % 72 % 69 % 0 % 60 % 50 % 25 % 0 % 0 % 63 % 50 % 58 % 76 %
SOUTHSIDE 469 377 331 207 178 118 127 91 2 1 3 2 2 1 2 1 0 0 0 0 7 2 4 1 32 21 1,157 822 3-11C
80 % 63 % 66 % 72 % 50 % 67 % 50 % 50 % 0 % 0 % 29 % 25 % 66 % 71 %
THUNDERBOL 280 225 187 116 476 364 400 275 2 1 12 8 7 5 3 3 1 0 0 0 7 5 7 4 47 27 1,429 1,033 3-12C
80 % 62 % 76 % 69 % 50 % 67 % 71 % 100 % 0 % 0 % 71 % 57 % 57 % 72 %
NEW_COV_7 915 659 619 346 372 284 311 230 10 5 6 1 16 13 10 5 2 0 0 0 30 18 12 5 96 42 2,399 1,608 3-13C
72 % 56 % 76 % 74 % 50 % 17 % 81 % 50 % 0 % 0 % 60 % 42 % 44 % 67 %
RIVERVIEW 696 571 535 390 218 174 193 150 4 2 9 2 3 3 6 2 0 0 0 0 11 6 5 2 45 25 1,725 1,327 3-14C
82 % 73 % 80 % 78 % 50 % 22 % 100 % 33 % 0 % 0 % 55 % 40 % 56 % 77 %
ELI_WHITNE 126 111 110 89 174 148 145 130 0 0 0 0 2 2 2 1 0 0 0 0 3 2 0 0 21 14 583 497 3-15C
88 % 81 % 85 % 90 % 0 % 0 % 100 % 50 % 0 % 0 % 67 % 0 % 67 % 85 %
ROSE_OF_SH 78 64 67 42 620 396 551 378 8 3 2 1 8 3 10 3 0 0 0 0 3 0 7 4 94 37 1,448 931 3-2_C
82 % 63 % 64 % 69 % 38 % 50 % 38 % 30 % 0 % 0 % 0 % 57 % 39 % 64 %
SAVANNAH_H 336 254 198 114 53 31 45 30 0 0 0 0 2 2 4 0 0 0 0 0 2 0 3 1 21 11 664 443 3-3_C
76 % 58 % 58 % 67 % 0 % 0 % 100 % 0 % 0 % 0 % 0 % 33 % 52 % 67 %
FIRST_AFRI 662 544 416 265 56 36 47 29 3 2 3 2 2 1 2 0 0 0 0 0 8 3 1 1 33 19 1,233 902 3-4_C
82 % 64 % 64 % 62 % 67 % 67 % 50 % 0 % 0 % 0 % 38 % 100 % 58 % 73 %
ALDERSGATE 497 377 317 187 358 252 258 187 8 3 4 4 10 4 6 0 0 0 0 0 13 8 6 4 59 28 1,536 1,054 3-5_C
76 % 59 % 70 % 72 % 38 % 100 % 40 % 0 % 0 % 0 % 62 % 67 % 47 % 69 %
JENKINS_HI 240 216 186 124 249 190 218 156 4 1 3 2 4 1 1 1 0 0 1 1 2 2 3 3 24 11 935 708 3-8_C
90 % 67 % 76 % 72 % 25 % 67 % 25 % 100 % 0 % 100 % 100 % 100 % 46 % 76 %
COKESBURY 40 34 29 21 288 230 208 175 3 1 2 2 1 1 1 0 0 0 0 0 2 2 1 1 8 7 583 474 3-9_C
85 % 72 % 80 % 84 % 33 % 100 % 100 % 0 % 0 % 0 % 100 % 100 % 88 % 81 %
3D 0 1 0 0 0 0 0 0 0 0 0 0 0 0 0 0 0 0 0 0 0 0 0 0 0 0 0 1 3D
0 % 0 % 0 % 0 % 0 % 0 % 0 % 0 % 0 % 0 % 0 % 0 % 0 % 0 %
4 0 1 0 0 0 0 0 1 0 0 0 0 0 0 0 0 0 0 0 0 0 0 0 0 0 0 0 2 4
0 % 0 % 0 % 0 % 0 % 0 % 0 % 0 % 0 % 0 % 0 % 0 % 0 % 0 %
GUARD_HOUS 19 9 14 7 681 544 608 472 2 0 1 1 3 0 6 4 0 0 0 0 1 1 3 2 32 19 1,370 1,059 4-10C
47 % 50 % 80 % 78 % 0 % 100 % 0 % 67 % 0 % 0 % 100 % 67 % 59 % 77 %
TYBEE_IS_S 10 8 2 0 775 598 643 498 3 2 4 2 5 4 2 0 1 1 0 0 5 2 4 3 37 21 1,491 1,139 4-11C
80 % 0 % 77 % 77 % 67 % 50 % 80 % 0 % 100 % 0 % 40 % 75 % 57 % 76 %
ST_PETERS 14 12 7 5 961 830 831 710 6 2 5 3 9 7 1 1 0 0 0 0 9 7 8 4 73 58 1,924 1,639 4-12C
86 % 71 % 86 % 85 % 33 % 60 % 78 % 100 % 0 % 0 % 78 % 50 % 79 % 85 %
SKID_IS_PR 10 7 9 8 1,079 948 973 845 6 6 5 3 1 1 3 3 0 0 0 0 3 2 4 3 49 41 2,142 1,867 4-13C
SKIDAWAY_I 11 10 5 4 836 716 695 595 3 4 7 5 7 4 2 2 0 0 0 0 0 0 2 2 38 33 1,606 1,375 4-15C
91 % 80 % 86 % 86 % 133 % 71 % 57 % 100 % 0 % 0 % 0 % 100 % 87 % 86 %
FRANK_MURR 136 102 94 66 770 571 689 483 21 12 27 16 18 10 11 5 0 0 2 2 11 4 10 5 73 34 1,862 1,310 4-2_C
75 % 70 % 74 % 70 % 57 % 59 % 56 % 45 % 0 % 100 % 36 % 50 % 47 % 70 %
LIGHTHOUSE 41 25 31 20 990 802 856 673 10 6 9 5 5 5 3 2 0 0 0 0 6 4 3 4 52 33 2,006 1,579 4-4_C
61 % 65 % 81 % 79 % 60 % 56 % 100 % 67 % 0 % 0 % 67 % 133 % 63 % 79 %
ST._FRANCI 31 24 25 19 957 775 776 619 8 7 5 4 14 9 5 1 0 0 0 0 10 4 8 4 62 33 1,901 1,499 4-5_C
77 % 76 % 81 % 80 % 88 % 80 % 64 % 20 % 0 % 0 % 40 % 50 % 53 % 79 %
FIRST_BAPT 48 40 34 30 869 707 776 640 7 3 15 12 9 7 7 5 0 0 0 0 9 7 6 5 55 40 1,835 1,496 4-6_C
83 % 88 % 81 % 82 % 43 % 80 % 78 % 71 % 0 % 0 % 78 % 83 % 73 % 82 %
WILM_IS_UN 55 42 40 22 1,193 880 930 694 12 8 11 7 15 13 13 5 1 1 0 0 8 4 4 2 91 53 2,373 1,731 4-7_C
76 % 55 % 74 % 75 % 67 % 64 % 87 % 38 % 100 % 0 % 50 % 50 % 58 % 73 %
WILMINGTON 41 32 27 21 1,392 1,134 1,142 921 11 8 18 10 11 8 6 3 0 0 0 0 5 3 9 6 56 39 2,718 2,185 4-8_C
78 % 78 % 81 % 81 % 73 % 56 % 73 % 50 % 0 % 0 % 60 % 67 % 70 % 80 %
BARTLETT_M 308 237 192 113 142 101 116 84 5 3 2 1 5 3 3 1 0 0 0 0 7 6 5 2 29 16 814 567 5-1_C
77 % 59 % 71 % 72 % 60 % 50 % 60 % 33 % 0 % 0 % 86 % 40 % 55 % 70 %
JONESVILLE 1,580 1,261 1,044 691 108 66 72 39 1 0 3 1 8 3 1 0 0 0 0 0 10 11 5 2 66 40 2,898 2,114 5-10C
80 % 66 % 61 % 54 % 0 % 33 % 38 % 0 % 0 % 0 % 110 % 40 % 61 % 73 %
LARGO-TIBE 758 592 465 337 361 230 263 160 17 13 18 8 28 9 18 3 1 0 0 0 22 13 7 4 65 30 2,023 1,399 5-11C
78 % 72 % 64 % 61 % 76 % 44 % 32 % 17 % 0 % 0 % 59 % 57 % 46 % 69 %
SENIOR_CIT 283 206 204 120 65 31 75 25 3 0 2 1 3 0 0 0 0 0 1 1 8 1 5 2 47 14 696 401 5-2_C
73 % 59 % 48 % 33 % 0 % 50 % 0 % 0 % 0 % 100 % 13 % 40 % 30 % 58 %
BUTLER_PRE 464 343 342 220 8 4 11 4 0 0 0 0 1 0 0 0 0 0 0 0 1 0 2 2 17 9 846 582 5-3_C
74 % 64 % 50 % 36 % 0 % 0 % 0 % 0 % 0 % 0 % 0 % 100 % 53 % 69 %
LIBERTY_CI 1,117 972 871 632 8 5 6 1 0 0 1 1 2 0 2 0 0 0 0 0 4 0 0 0 50 31 2,061 1,642 5-5_C
87 % 73 % 63 % 17 % 0 % 100 % 0 % 0 % 0 % 0 % 0 % 0 % 62 % 80 %
WILDWOOD_U 872 685 534 349 184 80 191 63 6 3 6 1 31 13 37 10 0 0 1 1 6 3 11 5 87 37 1,966 1,250 5-6_C
79 % 65 % 43 % 33 % 50 % 17 % 42 % 27 % 0 % 100 % 50 % 45 % 43 % 64 %
ELKS_LODGE 524 391 303 185 371 213 283 159 13 3 5 0 26 15 30 14 1 1 0 0 17 9 6 1 74 32 1,653 1,023 5-7_C
75 % 61 % 57 % 56 % 23 % 0 % 58 % 47 % 100 % 0 % 53 % 17 % 43 % 62 %
SAVANNAH_P 427 366 260 182 314 231 247 173 5 3 1 0 18 11 19 12 0 0 0 0 12 8 7 3 47 24 1,357 1,013 5-8_C
86 % 70 % 74 % 70 % 60 % 0 % 61 % 63 % 0 % 0 % 67 % 43 % 51 % 75 %
HAVEN_ELEM 0 0 0 1 0 0 0 0 0 0 0 0 0 0 0 0 0 0 0 0 0 0 0 0 0 0 0 1 5-9_C
0 % 0 % 0 % 0 % 0 % 0 % 0 % 0 % 0 % 0 % 0 % 0 % 0 % 0 %
5B 0 0 0 0 0 1 0 0 0 0 0 0 0 0 0 0 0 0 0 0 0 0 0 0 0 0 0 1 5B
0 % 0 % 0 % 0 % 0 % 0 % 0 % 0 % 0 % 0 % 0 % 0 % 0 % 0 %
WHITE_BLUF 353 284 231 157 390 294 314 227 8 6 7 2 20 10 10 8 0 0 0 0 12 7 9 5 49 28 1,403 1,028 6-1_C
80 % 68 % 75 % 72 % 75 % 29 % 50 % 80 % 0 % 0 % 58 % 56 % 57 % 73 %
GEORGETOWN 520 428 395 306 1,110 812 929 706 30 17 23 8 50 31 35 22 0 0 1 1 39 23 20 14 127 75 3,279 2,443 6-10C
82 % 77 % 73 % 76 % 57 % 35 % 62 % 63 % 0 % 100 % 59 % 70 % 59 % 75 %
BAMBOO_FAR 661 521 468 314 770 455 648 380 29 13 21 11 57 22 31 13 0 0 0 0 22 11 12 5 134 60 2,853 1,805 6-11C
79 % 67 % 59 % 59 % 45 % 52 % 39 % 42 % 0 % 0 % 50 % 42 % 45 % 63 %
WINDSOR_FO 243 211 169 129 799 659 651 533 7 6 1 0 7 3 4 4 0 0 0 0 10 7 3 3 72 51 1,966 1,606 6-2_C
87 % 76 % 82 % 82 % 86 % 0 % 43 % 100 % 0 % 0 % 70 % 100 % 71 % 82 %
70 % 89 % 88 % 87 % 100 % 60 % 100 % 100 % 0 % 0 % 67 % 75 % 84 % 87 %
SKID_METHO 3 3 5 4 807 720 728 650 3 2 6 3 3 2 3 3 0 0 0 0 1 1 3 2 36 30 1,598 1,420 4-14C
100 % 80 % 89 % 89 % 67 % 50 % 67 % 100 % 0 % 0 % 100 % 67 % 83 % 89 %
SKIDAWAY_I 11 10 5 4 836 716 695 595 3 4 7 5 7 4 2 2 0 0 0 0 0 0 2 2 38 33 1,606 1,375 4-15C
91 % 80 % 86 % 86 % 133 % 71 % 57 % 100 % 0 % 0 % 0 % 100 % 87 % 86 %
FRANK_MURR 136 102 94 66 770 571 689 483 21 12 27 16 18 10 11 5 0 0 2 2 11 4 10 5 73 34 1,862 1,310 4-2_C
75 % 70 % 74 % 70 % 57 % 59 % 56 % 45 % 0 % 100 % 36 % 50 % 47 % 70 %
LIGHTHOUSE 41 25 31 20 990 802 856 673 10 6 9 5 5 5 3 2 0 0 0 0 6 4 3 4 52 33 2,006 1,579 4-4_C
61 % 65 % 81 % 79 % 60 % 56 % 100 % 67 % 0 % 0 % 67 % 133 % 63 % 79 %
ST._FRANCI 31 24 25 19 957 775 776 619 8 7 5 4 14 9 5 1 0 0 0 0 10 4 8 4 62 33 1,901 1,499 4-5 C
77 % 76 % 81 % 80 % 88 % 80 % 64 % 20 % 0 % 0 % 40 % 50 % 53 % 79 %
FIRST_BAPT 48 40 34 30 869 707 776 640 7 3 15 12 9 7 7 5 0 0 0 0 9 7 6 5 55 40 1,835 1,496 4-6_C
83 % 88 % 81 % 82 % 43 % 80 % 78 % 71 % 0 % 0 % 78 % 83 % 73 % 82 %
WILM_IS_UN 55 42 40 22 1,193 880 930 694 12 8 11 7 15 13 13 5 1 1 0 0 8 4 4 2 91 53 2,373 1,731 4-7_C
76 % 55 % 74 % 75 % 67 % 64 % 87 % 38 % 100 % 0 % 50 % 50 % 58 % 73 %
WILMINGTON 41 32 27 21 1,392 1,134 1,142 921 11 8 18 10 11 8 6 3 0 0 0 0 5 3 9 6 56 39 2,718 2,185 4-8_C
78 % 78 % 81 % 81 % 73 % 56 % 73 % 50 % 0 % 0 % 60 % 67 % 70 % 80 %
BARTLETT_M 308 237 192 113 142 101 116 84 5 3 2 1 5 3 3 1 0 0 0 0 7 6 5 2 29 16 814 567 5-1 C
77 % 59 % 71 % 72 % 60 % 50 % 60 % 33 % 0 % 0 % 86 % 40 % 55 % 70 %
JONESVILLE 1,580 1,261 1,044 691 108 66 72 39 1 0 3 1 8 3 1 0 0 0 0 0 10 11 5 2 66 40 2,898 2,114 5-10C
80 % 66 % 61 % 54 % 0 % 33 % 38 % 0 % 0 % 0 % 110 % 40 % 61 % 73 %
LARGO-TIBE 758 592 465 337 361 230 263 160 17 13 18 8 28 9 18 3 1 0 0 0 22 13 7 4 65 30 2,023 1,399 5-11C
78 % 72 % 64 % 61 % 76 % 44 % 32 % 17 % 0 % 0 % 59 % 57 % 46 % 69 %
SENIOR_CIT 283 206 204 120 65 31 75 25 3 0 2 1 3 0 0 0 0 0 1 1 8 1 5 2 47 14 696 401 5-2_C
73 % 59 % 48 % 33 % 0 % 50 % 0 % 0 % 0 % 100 % 13 % 40 % 30 % 58 %
BUTLER_PRE 464 343 342 220 8 4 11 4 0 0 0 0 1 0 0 0 0 0 0 0 1 0 2 2 17 9 846 582 5-3_C
74 % 64 % 50 % 36 % 0 % 0 % 0 % 0 % 0 % 0 % 0 % 100 % 53 % 69 %
LIBERTY_CI 1,117 972 871 632 8 5 6 1 0 0 1 1 2 0 2 0 0 0 0 0 4 0 0 0 50 31 2,061 1,642 5-5_C
87 % 73 % 63 % 17 % 0 % 100 % 0 % 0 % 0 % 0 % 0 % 0 % 62 % 80 %
WILDWOOD_U 872 685 534 349 184 80 191 63 6 3 6 1 31 13 37 10 0 0 1 1 6 3 11 5 87 37 1,966 1,250 5-6_C
79 % 65 % 43 % 33 % 50 % 17 % 42 % 27 % 0 % 100 % 50 % 45 % 43 % 64 %
ELKS_LODGE 524 391 303 185 371 213 283 159 13 3 5 0 26 15 30 14 1 1 0 0 17 9 6 1 74 32 1,653 1,023 5-7_C
75 % 61 % 57 % 56 % 23 % 0 % 58 % 47 % 100 % 0 % 53 % 17 % 43 % 62 %
SAVANNAH_P 427 366 260 182 314 231 247 173 5 3 1 0 18 11 19 12 0 0 0 0 12 8 7 3 47 24 1,357 1,013 5-8_C
86 % 70 % 74 % 70 % 60 % 0 % 61 % 63 % 0 % 0 % 67 % 43 % 51 % 75 %
HAVEN_ELEM 0 0 0 1 0 0 0 0 0 0 0 0 0 0 0 0 0 0 0 0 0 0 0 0 0 0 0 1 5-9_C
0 % 0 % 0 % 0 % 0 % 0 % 0 % 0 % 0 % 0 % 0 % 0 % 0 % 0 %
5B 0 0 0 0 0 1 0 0 0 0 0 0 0 0 0 0 0 0 0 0 0 0 0 0 0 0 0 1 5B
0 % 0 % 0 % 0 % 0 % 0 % 0 % 0 % 0 % 0 % 0 % 0 % 0 % 0 %
WHITE_BLUF 353 284 231 157 390 294 314 227 8 6 7 2 20 10 10 8 0 0 0 0 12 7 9 5 49 28 1,403 1,028 6-1_C
80 % 68 % 75 % 72 % 75 % 29 % 50 % 80 % 0 % 0 % 58 % 56 % 57 % 73 %
GEORGETOWN 520 428 395 306 1,110 812 929 706 30 17 23 8 50 31 35 22 0 0 1 1 39 23 20 14 127 75 3,279 2,443 6-10C
82 % 77 % 73 % 76 % 57 % 35 % 62 % 63 % 0 % 100 % 59 % 70 % 59 % 75 %
BAMBOO_FAR 661 521 468 314 770 455 648 380 29 13 21 11 57 22 31 13 0 0 0 0 22 11 12 5 134 60 2,853 1,805 6-11C
79 % 67 % 59 % 59 % 45 % 52 % 39 % 42 % 0 % 0 % 50 % 42 % 45 % 63 %
WINDSOR_FO 243 211 169 129 799 659 651 533 7 6 1 0 7 3 4 4 0 0 0 0 10 7 3 3 72 51 1,966 1,606 6-2_C
87 % 76 % 82 % 82 % 86 % 0 % 43 % 100 % 0 % 0 % 70 % 100 % 71 % 82
CRUSADER_C 476 414 357 259 574 450 497 382 18 8 16 12 23 19 21 16 1 0 1 1 14 7 10 5 78 45 2,086 1,618 6-3_C
87 % 73 % 78 % 77 % 44 % 75 % 83 % 76 % 0 % 100 % 50 % 50 % 58 % 78 %
WINDSOR_FO 390 314 267 172 420 310 359 230 10 7 5 2 21 11 10 3 0 0 0 0 12 6 6 5 59 30 1,559 1,090 6-5_C
81 % 64 % 74 % 64 % 70 % 40 % 52 % 30 % 0 % 0 % 50 % 83 % 51 % 70 %
SAVANNAH_C 233 168 107 66 456 327 293 211 4 4 2 2 9 5 7 4 0 0 1 1 6 3 9 4 46 21 1,173 816 6-6_C
72 % 62 % 72 % 72 % 100 % 100 % 56 % 57 % 0 % 100 % 50 % 44 % 46 % 70 %
ST._FRANCI 474 387 263 178 393 261 249 172 5 3 7 5 25 10 11 7 0 0 1 1 13 6 9 6 44 21 1,494 1,057 6-8_C
82 % 68 % 66 % 69 % 60 % 71 % 40 % 64 % 0 % 100 % 46 % 67 % 48 % 71 %
TRINITY_LU 496 369 286 197 948 706 746 548 21 9 23 11 31 14 22 10 1 1 1 0 24 17 9 6 122 59 2,730 1,947 6-9_C
74 % 69 % 74 % 73 % 43 % 48 % 45 % 45 % 100 % 0 % 71 % 67 % 48 % 71 %
GARDEN_CIT 154 114 130 76 391 327 371 290 0 0 2 0 5 4 6 2 1 1 0 0 7 6 3 1 33 20 1,103 841 7-1_C
74 % 58 % 84 % 78 % 0 % 0 % 80 % 33 % 100 % 0 % 86 % 33 % 61 % 76 %
PROGRESSIV 595 466 421 269 743 459 587 355 19 9 15 5 54 31 36 14 1 1 0 0 11 8 13 10 135 67 2,630 1,694 7-10C
78 % 64 % 62 % 60 % 47 % 33 % 57 % 39 % 100 % 0 % 73 % 77 % 50 % 64 %
SEVENTH_DA 340 295 247 172 618 411 534 364 8 4 8 3 34 19 33 14 2 2 0 0 15 11 11 7 138 73 1,988 1,375 7-11C
87 % 70 % 67 % 68 % 50 % 38 % 56 % 42 % 100 % 0 % 73 % 64 % 53 % 69 %
RISEN_SAVI 557 472 457 333 1,154 810 967 668 30 10 27 7 48 32 42 27 1 0 0 0 22 14 11 3 194 109 3,510 2,485 7-12C
85 % 73 % 70 % 69 % 33 % 26 % 67 % 64 % 0 % 0 % 64 % 27 % 56 % 71 %
GARDEN_CIT 106 95 101 88 807 706 744 644 24 16 20 15 6 6 12 5 2 0 3 1 4 5 8 7 83 59 1,920 1,647 7-13C
90 % 87 % 87 % 87 % 67 % 75 % 100 % 42 % 0 % 33 % 125 % 88 % 71 % 86 %
COASTAL_CA 1,281 1,118 860 630 1,051 754 859 591 29 21 29 19 64 39 50 27 2 2 2 1 31 18 26 14 198 119 4,482 3,353 7-14C
87 % 73 % 72 % 69 % 72 % 66 % 61 % 54 % 100 % 50 % 58 % 54 % 60 % 75 %
P_B_EDWARD 60 48 49 29 453 322 416 280 1 0 2 1 5 0 10 4 0 0 0 0 4 2 2 0 36 13 1,038 699 7-3_C
80 % 59 % 71 % 67 % 0 % 50 % 0 % 40 % 0 % 0 % 50 % 0 % 36 % 67 %
LAKE_SHORE 674 558 468 359 559 329 479 304 14 5 12 6 36 17 26 11 1 0 1 0 13 11 11 6 180 89 2,474 1,695 7-4_C
83 % 77 % 59 % 63 % 36 % 50 % 47 % 42 % 0 % 0 % 85 % 55 % 49 % 69 %
WOODLAWN_B 196 166 168 132 248 193 211 150 3 4 1 0 8 5 6 2 0 0 0 0 8 4 3 2 53 31 905 689 7-5_C
85 % 79 % 78 % 71 % 133 % 0 % 63 % 33 % 0 % 0 % 50 % 67 % 58 % 76 %
POOLER_CIT 345 265 216 155 733 518 619 411 7 4 3 1 26 10 13 10 1 1 0 0 3 1 5 3 92 45 2,063 1,424 7-6_C
77 % 72 % 71 % 66 % 57 % 33 % 38 % 77 % 100 % 0 % 33 % 60 % 49 % 69 %
ROTHWELL_B 462 382 351 250 1,632 1,168 1,435 1,026 30 20 40 18 53 33 47 32 1 1 2 1 27 15 18 9 266 152 4,364 3,107 7-7_C
83 % 71 % 72 % 71 % 67 % 45 % 62 % 68 % 100 % 50 % 56 % 50 % 57 % 71 %
BLOOMINGDA 85 68 67 43 852 588 802 562 6 3 3 3 8 6 9 4 0 0 0 0 8 8 6 3 74 39 1,920 1,327 7-8_C
80 % 64 % 69 % 70 % 50 % 100 % 75 % 44 % 0 % 0 % 100 % 50 % 53 % 69 %
SOUTHWEST 300 226 240 153 545 368 500 317 24 9 21 10 21 11 15 7 1 0 2 0 20 9 10 4 97 52 1,796 1,166 7-9_C
75 % 64 % 68 % 63 % 38 % 48 % 52 % 47 % 0 % 0 % 45 % 40 % 54 % 65 %
8 0 0 0 1 0 0 0 0 0 0 0 0 0 0 0 0 0 0 0 0 0 0 0 0 0 0 0 1 8
0 % 0 % 0 % 0 % 0 % 0 % 0 % 0 % 0 % 0 % 0 % 0 % 0 % 0 %
CIVIC_CENT 246 120 107 41 318 117 274 93 17 4 9 2 19 7 15 4 0 0 0 0 26 5 18 4 484 41 1,533 438 8-1_C
49 % 38 % 37 % 34 % 24 % 22 % 37 % 27 % 0 % 0 % 19 % 22 % 8 % 29 %
CARVER_HEI 864 702 614 406 8 4 11 2 1 1 0 0 1 0 2 2 0 0 0 0 1 0 2 1 32 20 1,536 1,138 8-10C
81 % 66 % 50 % 18 % 100 % 0 % 0 % 100 % 0 % 0 % 0 % 50 % 63 % 74 %
BUTLER_ELE 723 633 523 414 5 5 4 3 0 0 0 0 0 0 1 1 0 0 0 0 0 0 1 1 22 15 1,279 1,072 8-11C
88 % 79 % 100 % 75 % 0 % 0 % 0 % 100 % 0 % 0 % 0 % 100 % 68 % 84 %
BEACH_HIGH 335 263 219 140 144 70 136 61 2 1 3 1 10 3 8 2 0 0 0 0 4 2 2 0 52 26 915 569 8-12C
79 % 64 % 49 % 45 % 50 % 33 % 30 % 25 % 0 % 0 % 50 % 0 % 50 % 62 %
SAVANNAH_C 78 59 60 31 214 155 195 140 0 0 1 0 14 6 10 4 0 0 0 0 3 3 4 3 20 5 599 406 8-13C
76 % 52 % 72 % 72 % 0 % 0 % 43 % 40 % 0 % 0 % 100 % 75 % 25 % 68 %
GARDEN_CIT 608 482 439 273 72 41 60 35 0 0 2 1 10 3 12 2 0 0 0 0 5 3 0 0 32 23 1,240 863 8-15C
79 % 62 % 57 % 58 % 0 % 50 % 30 % 17 % 0 % 0 % 60 % 0 % 72 % 70 %
BULL_STREE 320 212 232 120 418 222 389 175 12 4 5 3 18 5 14 5 0 0 0 0 15 12 11 1 107 34 1,541 793 8-2_C
66 % 52 % 53 % 45 % 33 % 60 % 28 % 36 % 0 % 0 % 80 % 9 % 32 % 51 %
SILK_HOPE 69 51 67 36 250 170 222 154 3 2 0 0 5 3 5 0 0 0 2 1 3 2 2 1 17 5 645 425 8-3_C
74 % 54 % 68 % 69 % 67 % 0 % 60 % 0 % 0 % 50 % 67 % 50 % 29 % 66 %
WEST_BROAD 732 500 394 196 25 12 30 14 2 0 0 0 2 1 2 1 0 0 1 0 4 1 3 2 33 12 1,228 739 8-5_C
68 % 50 % 48 % 47 % 0 % 0 % 50 % 50 % 0 % 0 % 25 % 67 % 36 % 60 %
TOMPKINS_R 459 348 301 176 14 7 14 4 0 0 0 0 4 2 2 1 0 0 1 0 1 1 4 4 22 9 822 552 8-6_C
76 % 58 % 50 % 29 % 0 % 0 % 50 % 50 % 0 % 0 % 100 % 100 % 41 % 67 %
WOODVILLE- 272 216 220 138 17 5 14 5 0 0 0 0 0 0 0 0 0 0 0 0 0 0 0 0 14 8 537 372 8-7_C
79 % 63 % 29 % 36 % 0 % 0 % 0 % 0 % 0 % 0 % 0 % 0 % 57 % 69 %
RESUR_OF_O 718 583 557 375 8 5 10 4 1 1 0 0 2 1 1 1 0 0 0 0 3 1 2 1 35 22 1,337 994 8-8_C
81 % 67 % 63 % 40 % 100 % 0 % 50 % 100 % 0 % 0 % 33 % 50 % 63 % 74 %
MOSES_JACK 568 471 373 243 7 4 5 2 1 1 0 0 2 2 0 0 0 0 0 0 2 1 1 1 24 9 983 734 8-9_C
83 % 65 % 57 % 40 % 100 % 0 % 100 % 0 % 0 % 0 % 50 % 100 % 38 % 75 %
9 0 0 0 0 0 2 0 1 0 0 0 0 0 0 0 0 0 0 0 0 0 0 0 0 0 0 0 3 9
0 % 0 % 0 % 0 % 0 % 0 % 0 % 0 % 0 % 0 % 0 % 0 % 0 % 0 %
TOTALS 34,123 27,223 23,496 15,533 44,303 33,115 37,715 27,662 657 352 620 313 1,142 615 872 418 28 14 29 15 809 484 579 315 5,993 3,020 150,366 109,079 9
80 % 66 % 75 % 73 % 54 % 50 % 54 % 48 % 50 % 52 % 60 % 54 % 50 % 73 %