CLOUDLAND 1 0 0 0 151 116 106 78 0 0 0 0 0 0 1 1 0 0 0 0 0 0 0 0 12 5 271 200 C-968
0 % 0 % 77 % 74 % 0 % 0 % 0 % 100 % 0 % 0 % 0 % 0 % 42 % 74 %
PENNVILLE 4 4 3 2 265 163 192 135 1 0 2 0 3 1 5 1 0 0 0 0 0 0 1 0 19 5 495 311 P-870
100 % 67 % 62 % 70 % 0 % 0 % 33 % 20 % 0 % 0 % 0 % 0 % 26 % 63 %
002 0 0 0 0 0 1 0 0 0 0 0 0 0 0 0 0 0 0 0 0 0 0 0 0 0 0 0 1 002
0 % 0 % 0 % 0 % 0 % 0 % 0 % 0 % 0 % 0 % 0 % 0 % 0 % 0 %
0871 0 0 0 0 0 1 0 1 0 0 0 0 0 0 0 0 0 0 0 0 0 0 0 0 0 0 0 2 0871
0 % 0 % 0 % 0 % 0 % 0 % 0 % 0 % 0 % 0 % 0 % 0 % 0 % 0 %
0917 0 0 0 0 0 1 0 0 0 0 0 0 0 0 0 0 0 0 0 0 0 0 0 0 0 0 0 1 0917
0 % 0 % 0 % 0 % 0 % 0 % 0 % 0 % 0 % 0 % 0 % 0 % 0 % 0 %
105 0 0 0 1 0 0 0 0 0 0 0 0 0 0 0 0 0 0 0 0 0 0 0 0 0 0 0 1 105
0 % 0 % 0 % 0 % 0 % 0 % 0 % 0 % 0 % 0 % 0 % 0 % 0 % 0 %
COLDWATER 21 17 20 17 86 55 76 60 0 0 0 0 0 0 1 0 0 0 0 0 0 0 2 2 7 2 213 153 1083
81 % 85 % 64 % 79 % 0 % 0 % 0 % 0 % 0 % 0 % 0 % 100 % 29 % 72 %
1161 0 0 0 0 0 1 0 1 0 0 0 0 0 0 0 0 0 0 0 0 0 0 0 0 0 0 0 2 1161
0 % 0 % 0 % 0 % 0 % 0 % 0 % 0 % 0 % 0 % 0 % 0 % 0 % 0 %
DIRTSELLER 3 1 5 2 66 52 74 62 0 0 0 0 0 0 0 0 0 0 0 0 0 0 0 0 9 6 157 123 1216
33 % 40 % 79 % 84 % 0 % 0 % 0 % 0 % 0 % 0 % 0 % 0 % 67 % 78 %
HAYWOOD 0 0 0 0 58 43 62 49 0 0 0 0 0 0 0 0 0 0 0 0 1 0 0 0 10 5 131 97 1382
0 % 0 % 74 % 79 % 0 % 0 % 0 % 0 % 0 % 0 % 0 % 0 % 50 % 74 %
LYERLY 25 21 26 16 361 238 327 236 0 0 0 0 0 0 0 0 0 0 0 0 1 1 1 0 36 24 777 536 1484
84 % 62 % 66 % 72 % 0 % 0 % 0 % 0 % 0 % 0 % 100 % 0 % 67 % 69 %
4923 0 0 0 0 0 0 0 1 0 0 0 0 0 0 0 0 0 0 0 0 0 0 0 0 0 0 0 1 4923
0 % 0 % 0 % 0 % 0 % 0 % 0 % 0 % 0 % 0 % 0 % 0 % 0 % 0 %
502 0 0 0 0 0 0 0 1 0 0 0 0 0 0 0 0 0 0 0 0 0 0 0 0 0 0 0 1 502
0 % 0 % 0 % 0 % 0 % 0 % 0 % 0 % 0 % 0 % 0 % 0 % 0 % 0 %
TRION 22 15 24 14 1,422 875 1,253 805 3 3 5 3 16 5 24 6 0 1 0 0 6 1 3 0 144 70 2,922 1,798 870
68 % 58 % 62 % 64 % 100 % 60 % 31 % 25 % 0 % 0 % 17 % 0 % 49 % 62 %
SUMMERVILL 403 297 312 201 1,914 1,195 1,516 1,011 5 1 4 0 3 1 7 4 0 0 1 0 11 4 10 4 218 114 4,404 2,832 925
74 % 64 % 62 % 67 % 20 % 0 % 33 % 57 % 0 % 0 % 36 % 40 % 52 % 64 %
TELOGA 0 0 0 0 230 171 209 158 0 0 0 0 0 0 1 1 0 0 0 0 0 0 0 0 15 5 455 335 927
0 % 0 % 74 % 76 % 0 % 0 % 0 % 100 % 0 % 0 % 0 % 0 % 33 % 74 %
DIRTTOWN 43 36 27 23 332 241 293 233 2 2 1 0 0 0 0 0 0 0 0 0 0 0 3 2 50 35 751 572 940
84 % 85 % 73 % 80 % 100 % 0 % 0 % 0 % 0 % 0 % 0 % 67 % 70 % 76 %
SEMINOLE 6 5 2 2 50 38 45 37 0 0 0 0 0 0 0 0 0 0 0 0 0 0 1 0 11 6 115 88 961
83 % 100 % 76 % 82 % 0 % 0 % 0 % 0 % 0 % 0 % 0 % 0 % 55 % 77 %
SUBLIGNA 0 0 0 0 193 154 177 145 3 2 2 1 0 0 0 0 0 0 0 0 1 0 0 0 21 16 397 318 962
0 % 0 % 80 % 82 % 67 % 50 % 0 % 0 % 0 % 0 % 0 % 0 % 76 % 80 %
ALPINE 8 6 7 6 387 279 338 249 1 0 0 0 0 0 0 0 0 0 0 0 0 0 1 0 25 7 767 547 968
75 % 86 % 72 % 74 % 0 % 0 % 0 % 0 % 0 % 0 % 0 % 0 % 28 % 71 %
TOTALS 536 402 426 284 5,515 3,624 4,668 3,262 15 8 14 4 22 7 39 13 0 1 1 0 20 6 22 8 577 300 11,855 7,919 968
75 % 67 % 66 % 70 % 53 % 29 % 32 % 33 % 0 % 0 % 30 % 36 % 52 % 67 %