AC1B 0 0 0 1 0 0 0 0 0 0 0 0 0 0 0 0 0 0 0 0 0 0 0 0 0 0 0 1 AC1B
0 % 0 % 0 % 0 % 0 % 0 % 0 % 0 % 0 % 0 % 0 % 0 % 0 % 0 %
AP13 0 0 0 0 0 0 0 0 0 0 0 0 0 0 0 0 0 0 0 0 0 0 0 0 0 1 0 1 AP13
0 % 0 % 0 % 0 % 0 % 0 % 0 % 0 % 0 % 0 % 0 % 0 % 0 % 0 %
JC03B 0 0 0 0 0 0 0 1 0 0 0 0 0 0 0 0 0 0 0 0 0 0 0 0 0 0 0 1 JC03B
0 % 0 % 0 % 0 % 0 % 0 % 0 % 0 % 0 % 0 % 0 % 0 % 0 % 0 %
KE5A 0 1 0 0 0 0 0 0 0 0 0 0 0 0 0 0 0 0 0 0 0 0 0 0 0 0 0 1 KE5A
0 % 0 % 0 % 0 % 0 % 0 % 0 % 0 % 0 % 0 % 0 % 0 % 0 % 0 %
MR3A 0 1 0 0 0 0 0 1 0 0 0 0 0 0 0 0 0 0 0 0 0 0 0 0 0 0 0 2 MR3A
0 % 0 % 0 % 0 % 0 % 0 % 0 % 0 % 0 % 0 % 0 % 0 % 0 % 0 %
RW01 0 0 0 0 0 0 0 0 0 0 0 0 0 0 0 0 0 0 0 0 0 0 0 0 0 1 0 1 RW01
0 % 0 % 0 % 0 % 0 % 0 % 0 % 0 % 0 % 0 % 0 % 0 % 0 % 0 %
RW17 0 0 0 0 0 0 0 1 0 0 0 0 0 0 0 0 0 0 0 0 0 0 0 0 0 0 0 1 RW17
0 % 0 % 0 % 0 % 0 % 0 % 0 % 0 % 0 % 0 % 0 % 0 % 0 % 0 %
RW18 0 0 0 0 0 1 0 0 0 0 0 0 0 0 0 0 0 0 0 0 0 0 0 0 0 0 0 1 RW18
0 % 0 % 0 % 0 % 0 % 0 % 0 % 0 % 0 % 0 % 0 % 0 % 0 % 0 %
SN7A 0 0 0 0 0 1 0 0 0 0 0 0 0 0 0 0 0 0 0 0 0 0 0 0 0 0 0 1 SN7A
0 % 0 % 0 % 0 % 0 % 0 % 0 % 0 % 0 % 0 % 0 % 0 % 0 % 0 %
VG02 0 0 0 0 0 0 0 1 0 0 0 0 0 0 0 0 0 0 0 0 0 0 0 0 0 0 0 1 VG02
0 % 0 % 0 % 0 % 0 % 0 % 0 % 0 % 0 % 0 % 0 % 0 % 0 % 0 %
AIR_ACRES 54 47 35 27 973 764 825 656 14 8 5 2 42 24 32 16 0 0 0 0 16 9 13 9 127 76 2,136 1,638 001
87 % 77 % 79 % 80 % 57 % 40 % 57 % 50 % 0 % 0 % 56 % 69 % 60 % 77 %
ARNOLD_MIL 33 25 33 22 1,603 1,290 1,473 1,194 17 7 13 10 37 30 32 21 0 0 0 0 14 10 18 11 178 126 3,451 2,746 002
76 % 67 % 80 % 81 % 41 % 77 % 81 % 66 % 0 % 0 % 71 % 61 % 71 % 80 %
AVERY 7 6 11 8 1,070 888 1,027 839 4 4 5 3 6 3 11 7 0 0 0 0 6 5 6 4 124 85 2,277 1,852 003
86 % 73 % 83 % 82 % 100 % 60 % 50 % 64 % 0 % 0 % 83 % 67 % 69 % 81 %
BALL_GROUN 10 7 10 5 1,155 926 1,045 832 2 2 0 0 2 2 5 4 0 0 1 1 3 1 3 1 110 70 2,346 1,851 004
70 % 50 % 80 % 80 % 100 % 0 % 100 % 80 % 0 % 100 % 33 % 33 % 64 % 79 %
BASCOMB 81 67 66 48 1,593 1,266 1,441 1,114 22 16 10 8 36 26 25 15 1 1 0 0 18 12 16 11 168 118 3,477 2,702 005
83 % 73 % 79 % 77 % 73 % 80 % 72 % 60 % 100 % 0 % 67 % 69 % 70 % 78 %
BELLS 221 183 175 126 1,311 966 1,233 898 25 9 31 16 67 44 56 35 1 0 1 1 16 11 31 19 257 154 3,425 2,462 006
83 % 72 % 74 % 73 % 36 % 52 % 66 % 63 % 0 % 100 % 69 % 61 % 60 % 72 %
BOOTH 115 91 90 72 1,488 1,222 1,391 1,126 30 20 27 16 35 22 18 15 1 1 1 1 13 9 23 14 199 129 3,431 2,738 007
79 % 80 % 82 % 81 % 67 % 59 % 63 % 83 % 100 % 100 % 69 % 61 % 65 % 80 %
BRADSHAW 53 48 50 36 1,484 1,281 1,354 1,158 24 18 9 7 25 22 32 24 0 0 0 0 11 9 8 8 203 151 3,253 2,762 008
91 % 72 % 86 % 86 % 75 % 78 % 88 % 75 % 0 % 0 % 82 % 100 % 74 % 85 %
BRIDGEMILL 73 53 61 45 1,791 1,461 1,622 1,258 19 14 13 11 36 26 34 19 1 0 1 1 15 9 10 5 204 146 3,880 3,048 009
73 % 74 % 82 % 78 % 74 % 85 % 72 % 56 % 0 % 100 % 60 % 50 % 72 % 79 %
CANTON 214 144 163 82 1,774 1,303 1,464 1,048 11 7 9 5 55 27 60 26 0 0 2 2 15 11 21 15 260 165 4,048 2,835 010
67 % 50 % 73 % 72 % 64 % 56 % 49 % 43 % 0 % 100 % 73 % 71 % 63 % 70 %
CARMEL 249 164 148 71 1,216 876 1,019 730 22 11 15 6 64 38 49 22 0 0 0 0 24 18 15 10 255 138 3,076 2,084 011
66 % 48 % 72 % 72 % 50 % 40 % 59 % 45 % 0 % 0 % 75 % 67 % 54 % 68 %
WOODSTOCK 278 201 187 108 1,423 1,021 1,100 753 25 19 23 10 74 40 43 23 0 0 1 1 29 21 18 14 269 145 3,470 2,356 012
72 % 58 % 72 % 68 % 76 % 43 % 54 % 53 % 0 % 100 % 72 % 78 % 54 % 68 %
CLAYTON 22 13 13 8 1,036 816 918 710 1 0 0 0 12 6 12 8 1 1 0 0 2 1 6 3 106 73 2,129 1,639 013
59 % 62 % 79 % 77 % 0 % 0 % 50 % 67 % 100 % 0 % 50 % 50 % 69 % 77 %
CONNS_CREE 2 2 2 0 290 235 265 217 1 1 0 0 3 2 3 3 0 0 0 0 1 1 0 0 31 20 598 481 014
100 % 0 % 81 % 82 % 100 % 0 % 67 % 100 % 0 % 0 % 100 % 0 % 65 % 80 %
DEER_RUN 104 80 84 56 1,096 848 917 699 16 9 14 11 25 20 15 9 2 2 0 0 12 9 18 15 161 97 2,464 1,855 015
77 % 67 % 77 % 76 % 56 % 79 % 80 % 60 % 100 % 0 % 75 % 83 % 60 % 75 %
DIXIE 195 134 142 83 1,830 1,336 1,582 1,169 25 13 19 12 91 53 57 27 1 0 1 2 34 19 30 17 289 151 4,296 3,016 016
69 % 58 % 73 % 74 % 52 % 63 % 58 % 47 % 0 % 200 % 56 % 57 % 52 % 70 %
FREEHOME 28 26 33 20 1,839 1,497 1,766 1,425 11 8 3 2 27 17 23 19 1 1 2 2 14 10 4 4 207 153 3,958 3,184 018
93 % 61 % 81 % 81 % 73 % 67 % 63 % 83 % 100 % 100 % 71 % 100 % 74 % 80 %
HICKORY_FL 79 65 83 62 1,673 1,365 1,465 1,193 19 16 25 18 48 38 29 21 0 0 1 1 16 14 11 5 209 159 3,658 2,957 019
82 % 75 % 82 % 81 % 84 % 72 % 79 % 72 % 0 % 100 % 88 % 45 % 76 % 81 %
02D 0 0 0 0 0 0 0 1 0 0 0 0 0 0 0 0 0 0 0 0 0 0 0 0 0 0 0 1 02D
0 % 0 % 0 % 0 % 0 % 0 % 0 % 0 % 0 % 0 % 0 % 0 % 0 % 0 %
HIGHTOWER 22 16 13 6 1,145 926 1,043 829 7 6 2 1 19 15 22 19 0 0 0 0 9 6 7 4 161 125 2,450 1,953 020
73 % 46 % 81 % 79 % 86 % 50 % 79 % 86 % 0 % 0 % 67 % 57 % 78 % 80 %
HILLSIDE 32 31 32 21 1,271 1,042 1,203 953 13 10 10 8 17 12 10 9 0 0 0 0 5 2 7 6 150 99 2,750 2,193 021
97 % 66 % 82 % 79 % 77 % 80 % 71 % 90 % 0 % 0 % 40 % 86 % 66 % 80 %
HOLLY_SPRI 42 31 49 22 884 659 778 567 8 6 4 2 27 14 21 11 0 0 0 0 6 5 8 3 100 59 1,927 1,379 022
74 % 45 % 75 % 73 % 75 % 50 % 52 % 52 % 0 % 0 % 83 % 38 % 59 % 72 %
KELLOGG 161 124 98 64 1,628 1,229 1,416 1,015 15 11 14 7 83 49 73 35 4 1 1 0 19 16 12 8 255 144 3,779 2,703 023
77 % 65 % 75 % 72 % 73 % 50 % 59 % 48 % 25 % 0 % 84 % 67 % 56 % 72 %
LIBERTY 341 250 241 156 2,380 1,789 2,036 1,511 35 22 29 23 106 60 80 46 1 1 2 2 37 27 30 14 351 216 5,669 4,117 024
73 % 65 % 75 % 74 % 63 % 79 % 57 % 58 % 100 % 100 % 73 % 47 % 62 % 73 %
LITTLE_RIV 199 165 163 114 2,151 1,736 1,685 1,306 30 21 21 16 82 69 67 47 1 0 1 1 25 18 35 24 421 284 4,881 3,801 026
83 % 70 % 81 % 78 % 70 % 76 % 84 % 70 % 0 % 100 % 72 % 69 % 67 % 78 %
MACEDONIA 60 46 56 42 1,448 1,163 1,287 1,057 12 8 10 9 34 22 26 20 1 1 0 0 8 5 8 5 216 159 3,166 2,537 027
77 % 75 % 80 % 82 % 67 % 90 % 65 % 77 % 100 % 0 % 63 % 63 % 74 % 80 %
MOUNTAIN_R 23 20 19 16 1,155 946 1,082 865 5 4 5 4 20 15 13 8 0 0 0 0 8 6 14 13 139 83 2,483 1,980 028
87 % 84 % 82 % 80 % 80 % 80 % 75 % 62 % 0 % 0 % 75 % 93 % 60 % 80 %
OAK_GROVE 84 66 52 34 1,200 885 1,109 808 16 9 11 7 26 22 18 12 0 0 1 1 9 6 12 7 211 127 2,749 1,984 029
79 % 65 % 74 % 73 % 56 % 64 % 85 % 67 % 0 % 100 % 67 % 58 % 60 % 72 %
R_M_MOORE 11 7 13 6 1,115 881 1,013 805 7 5 1 0 16 9 13 6 0 0 1 1 4 4 6 5 121 82 2,321 1,811 030
64 % 46 % 79 % 79 % 71 % 0 % 56 % 46 % 0 % 100 % 100 % 83 % 68 % 78 %
R_T_JONES 101 71 59 36 779 567 653 479 8 3 3 1 54 23 44 16 0 0 1 0 14 6 8 4 84 42 1,808 1,248 031
70 % 61 % 73 % 73 % 38 % 33 % 43 % 36 % 0 % 0 % 43 % 50 % 50 % 69 %
ROSECREEK 50 40 40 29 1,438 1,219 1,343 1,066 12 7 5 2 27 21 19 14 0 0 0 0 15 10 10 9 149 106 3,108 2,523 032
80 % 73 % 85 % 79 % 58 % 40 % 78 % 74 % 0 % 0 % 67 % 90 % 71 % 81 %
SALACOA 0 0 3 1 236 182 240 188 2 1 0 0 2 2 2 0 0 0 1 1 2 1 1 1 20 10 509 387 033
0 % 33 % 77 % 78 % 50 % 0 % 100 % 0 % 0 % 100 % 50 % 100 % 50 % 76 %
SIXES 34 31 38 26 1,053 866 1,011 845 10 7 9 5 18 13 11 8 2 2 1 1 9 8 6 5 112 87 2,314 1,904 034
91 % 68 % 82 % 84 % 70 % 56 % 72 % 73 % 100 % 100 % 89 % 83 % 78 % 82 %
SUTALLEE 10 7 12 9 810 652 781 624 4 3 3 1 15 6 17 11 0 0 0 0 4 4 4 3 93 71 1,753 1,391 035
70 % 75 % 80 % 80 % 75 % 33 % 40 % 65 % 0 % 0 % 100 % 75 % 76 % 79 %
TEASLEY 125 93 106 73 2,506 1,935 2,198 1,657 30 16 20 11 73 48 72 40 2 2 2 2 24 13 21 14 318 204 5,497 4,108 036
74 % 69 % 77 % 75 % 53 % 55 % 66 % 56 % 100 % 100 % 54 % 67 % 64 % 75 %
TOONIGH 126 100 79 57 2,103 1,624 1,869 1,502 16 9 8 4 51 31 33 23 3 2 0 0 21 12 26 17 262 177 4,597 3,558 037
79 % 72 % 77 % 80 % 56 % 50 % 61 % 70 % 67 % 0 % 57 % 65 % 68 % 77 %
UNION_HILL 39 32 41 27 1,378 1,149 1,261 1,017 9 8 8 7 12 7 9 7 0 0 1 1 12 7 4 3 149 106 2,923 2,371 038
82 % 66 % 83 % 81 % 89 % 88 % 58 % 78 % 0 % 100 % 58 % 75 % 71 % 81 %
UNIVETER 66 52 68 48 1,883 1,487 1,703 1,350 9 6 9 4 32 20 35 18 0 0 1 1 11 7 9 4 217 146 4,043 3,143 039
79 % 71 % 79 % 79 % 67 % 44 % 63 % 51 % 0 % 100 % 64 % 44 % 67 % 78 %
VICTORIA 34 25 30 23 1,104 836 1,043 792 6 4 3 2 14 8 20 8 0 0 0 0 13 8 9 5 125 74 2,401 1,785 040
74 % 77 % 76 % 76 % 67 % 67 % 57 % 40 % 0 % 0 % 62 % 56 % 59 % 74 %
WALESKA 11 8 7 6 912 713 801 641 4 3 4 4 5 4 9 6 0 0 0 0 6 3 5 3 102 68 1,866 1,459 041
73 % 86 % 78 % 80 % 75 % 100 % 80 % 67 % 0 % 0 % 50 % 60 % 67 % 78 %
WILDCAT 47 35 42 25 1,205 940 1,047 820 11 7 3 2 26 18 32 19 2 0 0 0 15 8 10 8 122 80 2,562 1,962 042
74 % 60 % 78 % 78 % 64 % 67 % 69 % 59 % 0 % 0 % 53 % 80 % 66 % 77 %
WOODLANDS 112 94 98 73 1,134 885 937 731 34 22 43 26 70 50 52 29 2 0 1 1 22 17 18 14 214 140 2,737 2,082 043
84 % 74 % 78 % 78 % 65 % 60 % 71 % 56 % 0 % 100 % 77 % 78 % 65 % 76 %
NEESE 178 140 126 80 2,399 1,830 2,023 1,512 33 19 26 17 79 56 73 41 0 0 1 0 36 23 27 19 366 212 5,367 3,949 044
79 % 63 % 76 % 75 % 58 % 65 % 71 % 56 % 0 % 0 % 64 % 70 % 58 % 74 %
1019 0 0 0 0 0 0 0 1 0 0 0 0 0 0 0 0 0 0 0 0 0 0 0 0 0 0 0 1 1019
0 % 0 % 0 % 0 % 0 % 0 % 0 % 0 % 0 % 0 % 0 % 0 % 0 % 0 %
1275 0 0 0 0 0 0 0 1 0 0 0 0 0 0 0 0 0 0 0 0 0 0 0 0 0 0 0 1 1275
0 % 0 % 0 % 0 % 0 % 0 % 0 % 0 % 0 % 0 % 0 % 0 % 0 % 0 %
135 0 0 0 0 0 0 0 1 0 0 0 0 0 0 0 0 0 0 0 0 0 0 0 0 0 0 0 1 135
0 % 0 % 0 % 0 % 0 % 0 % 0 % 0 % 0 % 0 % 0 % 0 % 0 % 0 %
18 0 0 0 0 0 1 0 0 0 0 0 0 0 0 0 0 0 0 0 0 0 0 0 0 0 0 0 1 18
0 % 0 % 0 % 0 % 0 % 0 % 0 % 0 % 0 % 0 % 0 % 0 % 0 % 0 %
2 0 0 0 0 0 1 0 0 0 0 0 0 0 0 0 0 0 0 0 0 0 0 0 0 0 0 0 1 2
0 % 0 % 0 % 0 % 0 % 0 % 0 % 0 % 0 % 0 % 0 % 0 % 0 % 0 %
2A 0 0 0 0 0 0 0 1 0 0 0 0 0 0 0 0 0 0 0 0 0 0 0 0 0 0 0 1 2A
0 % 0 % 0 % 0 % 0 % 0 % 0 % 0 % 0 % 0 % 0 % 0 % 0 % 0 %
4-11C 0 0 0 0 0 0 0 1 0 0 0 0 0 0 0 0 0 0 0 0 0 0 0 0 0 0 0 1 4-11C
0 % 0 % 0 % 0 % 0 % 0 % 0 % 0 % 0 % 0 % 0 % 0 % 0 % 0 %
706 0 0 0 0 0 1 0 0 0 0 0 0 0 0 0 0 0 0 0 0 0 0 0 0 0 0 0 1 706
0 % 0 % 0 % 0 % 0 % 0 % 0 % 0 % 0 % 0 % 0 % 0 % 0 % 0 %
714A2 0 0 0 0 0 0 0 1 0 0 0 0 0 0 0 0 0 0 0 0 0 0 0 0 0 0 0 1 714A2
0 % 0 % 0 % 0 % 0 % 0 % 0 % 0 % 0 % 0 % 0 % 0 % 0 % 0 %
TOTALS 3,726 2,842 2,871 1,874 57,962 45,507 51,469 39,970 624 399 472 300 1,593 1,034 1,307 767 27 15 26 24 593 401 548 363 7,815 5,059 129,033 98,555 714A2
76 % 65 % 79 % 78 % 64 % 64 % 65 % 59 % 56 % 92 % 68 % 66 % 65 % 76 %