AP06 0 0 0 0 0 1 0 0 0 0 0 0 0 0 0 0 0 0 0 0 0 0 0 0 0 0 0 1 AP06
0 % 0 % 0 % 0 % 0 % 0 % 0 % 0 % 0 % 0 % 0 % 0 % 0 % 0 %
AP09A 0 0 0 0 0 1 0 0 0 0 0 0 0 0 0 0 0 0 0 0 0 0 0 0 0 0 0 1 AP09A
0 % 0 % 0 % 0 % 0 % 0 % 0 % 0 % 0 % 0 % 0 % 0 % 0 % 0 %
BA 0 0 0 0 0 0 0 1 0 0 0 0 0 0 0 0 0 0 0 0 0 0 0 0 0 0 0 1 BA
0 % 0 % 0 % 0 % 0 % 0 % 0 % 0 % 0 % 0 % 0 % 0 % 0 % 0 %
BV 0 0 0 0 0 1 0 0 0 0 0 0 0 0 0 0 0 0 0 0 0 0 0 0 0 0 0 1 BV
0 % 0 % 0 % 0 % 0 % 0 % 0 % 0 % 0 % 0 % 0 % 0 % 0 % 0 %
COB 0 0 0 0 0 1 0 0 0 0 0 0 0 0 0 0 0 0 0 0 0 0 0 0 0 0 0 1 COB
0 % 0 % 0 % 0 % 0 % 0 % 0 % 0 % 0 % 0 % 0 % 0 % 0 % 0 %
COM 0 0 0 1 0 0 0 0 0 0 0 0 0 0 0 0 0 0 0 0 0 0 0 0 0 0 0 1 COM
0 % 0 % 0 % 0 % 0 % 0 % 0 % 0 % 0 % 0 % 0 % 0 % 0 % 0 %
DAN 0 1 0 0 0 2 0 1 0 0 0 0 0 0 0 0 0 0 0 0 0 0 0 0 0 0 0 4 DAN
0 % 0 % 0 % 0 % 0 % 0 % 0 % 0 % 0 % 0 % 0 % 0 % 0 % 0 %
EP072 0 1 0 0 0 0 0 0 0 0 0 0 0 0 0 0 0 0 0 0 0 0 0 0 0 0 0 1 EP072
0 % 0 % 0 % 0 % 0 % 0 % 0 % 0 % 0 % 0 % 0 % 0 % 0 % 0 %
F3 0 0 0 0 0 1 0 0 0 0 0 0 0 0 0 0 0 0 0 0 0 0 0 0 0 0 0 1 F3
0 % 0 % 0 % 0 % 0 % 0 % 0 % 0 % 0 % 0 % 0 % 0 % 0 % 0 %
HUL 0 0 0 0 0 3 0 2 0 0 0 0 0 0 0 0 0 0 0 0 0 0 0 0 0 1 0 6 HUL
0 % 0 % 0 % 0 % 0 % 0 % 0 % 0 % 0 % 0 % 0 % 0 % 0 % 0 %
JC04A 0 0 0 0 0 0 0 0 0 1 0 0 0 0 0 0 0 0 0 0 0 0 0 0 0 0 0 1 JC04A
0 % 0 % 0 % 0 % 0 % 0 % 0 % 0 % 0 % 0 % 0 % 0 % 0 % 0 %
LX 0 1 0 1 0 0 0 1 0 0 0 0 0 0 0 0 0 0 0 0 0 0 0 0 0 0 0 3 LX
0 % 0 % 0 % 0 % 0 % 0 % 0 % 0 % 0 % 0 % 0 % 0 % 0 % 0 %
MB01 0 0 0 0 0 1 0 0 0 0 0 0 0 0 0 0 0 0 0 0 0 0 0 0 0 0 0 1 MB01
0 % 0 % 0 % 0 % 0 % 0 % 0 % 0 % 0 % 0 % 0 % 0 % 0 % 0 %
MK01 0 0 0 0 0 1 0 0 0 0 0 0 0 0 0 0 0 0 0 0 0 0 0 0 0 0 0 1 MK01
0 % 0 % 0 % 0 % 0 % 0 % 0 % 0 % 0 % 0 % 0 % 0 % 0 % 0 %
N0245 0 0 0 0 0 1 0 0 0 0 0 0 0 0 0 0 0 0 0 0 0 0 0 0 0 0 0 1 N0245
0 % 0 % 0 % 0 % 0 % 0 % 0 % 0 % 0 % 0 % 0 % 0 % 0 % 0 %
PIT 0 0 0 0 0 1 0 2 0 0 0 0 0 0 0 0 0 0 0 0 0 0 0 0 0 0 0 3 PIT
0 % 0 % 0 % 0 % 0 % 0 % 0 % 0 % 0 % 0 % 0 % 0 % 0 % 0 %
POC 0 0 0 0 0 1 0 0 0 0 0 0 0 0 0 0 0 0 0 0 0 0 0 0 0 0 0 1 POC
0 % 0 % 0 % 0 % 0 % 0 % 0 % 0 % 0 % 0 % 0 % 0 % 0 % 0 %
PS1A 0 0 0 1 0 0 0 0 0 0 0 0 0 0 0 0 0 0 0 0 0 0 0 0 0 0 0 1 PS1A
0 % 0 % 0 % 0 % 0 % 0 % 0 % 0 % 0 % 0 % 0 % 0 % 0 % 0 %
RW02 0 0 0 0 0 0 0 1 0 0 0 0 0 0 0 0 0 0 0 0 0 0 0 0 0 0 0 1 RW02
0 % 0 % 0 % 0 % 0 % 0 % 0 % 0 % 0 % 0 % 0 % 0 % 0 % 0 %
SN1A 0 0 0 0 0 0 0 0 0 0 0 0 0 0 0 0 0 0 0 0 0 0 0 0 0 1 0 1 SN1A
0 % 0 % 0 % 0 % 0 % 0 % 0 % 0 % 0 % 0 % 0 % 0 % 0 % 0 %
SS12 0 0 0 0 0 1 0 0 0 0 0 0 0 0 0 0 0 0 0 0 0 0 0 0 0 0 0 1 SS12
0 % 0 % 0 % 0 % 0 % 0 % 0 % 0 % 0 % 0 % 0 % 0 % 0 % 0 %
SS29A 0 0 0 0 0 1 0 0 0 0 0 0 0 0 0 0 0 0 0 0 0 0 0 0 0 0 0 1 SS29A
0 % 0 % 0 % 0 % 0 % 0 % 0 % 0 % 0 % 0 % 0 % 0 % 0 % 0 %
ST 0 0 0 0 0 0 0 1 0 0 0 0 0 0 0 0 0 0 0 0 0 0 0 0 0 0 0 1 ST
0 % 0 % 0 % 0 % 0 % 0 % 0 % 0 % 0 % 0 % 0 % 0 % 0 % 0 %
01 0 1 0 1 0 3 0 0 0 0 0 0 0 0 0 0 0 0 0 0 0 0 0 0 0 0 0 5 01
0 % 0 % 0 % 0 % 0 % 0 % 0 % 0 % 0 % 0 % 0 % 0 % 0 % 0 %
013 0 0 0 0 0 1 0 1 0 0 0 0 0 0 0 0 0 0 0 0 0 0 0 0 0 0 0 2 013
0 % 0 % 0 % 0 % 0 % 0 % 0 % 0 % 0 % 0 % 0 % 0 % 0 % 0 %
017 0 0 0 0 0 1 0 0 0 0 0 0 0 0 0 0 0 0 0 0 0 0 0 0 0 0 0 1 017
0 % 0 % 0 % 0 % 0 % 0 % 0 % 0 % 0 % 0 % 0 % 0 % 0 % 0 %
0242 0 0 0 0 0 1 0 0 0 0 0 0 0 0 0 0 0 0 0 0 0 0 0 0 0 0 0 1 0242
0 % 0 % 0 % 0 % 0 % 0 % 0 % 0 % 0 % 0 % 0 % 0 % 0 % 0 %
032 0 0 0 0 0 0 0 1 0 0 0 0 0 0 0 0 0 0 0 0 0 0 0 0 0 0 0 1 032
0 % 0 % 0 % 0 % 0 % 0 % 0 % 0 % 0 % 0 % 0 % 0 % 0 % 0 %
049 0 0 0 0 0 1 0 0 0 0 0 0 0 0 0 0 0 0 0 0 0 0 0 0 0 0 0 1 049
0 % 0 % 0 % 0 % 0 % 0 % 0 % 0 % 0 % 0 % 0 % 0 % 0 % 0 %
06 0 0 0 0 0 1 0 0 0 0 0 0 0 0 0 0 0 0 0 0 0 0 0 0 0 0 0 1 06
0 % 0 % 0 % 0 % 0 % 0 % 0 % 0 % 0 % 0 % 0 % 0 % 0 % 0 %
060 0 1 0 0 0 0 0 0 0 0 0 0 0 0 0 0 0 0 0 0 0 0 0 0 0 0 0 1 060
0 % 0 % 0 % 0 % 0 % 0 % 0 % 0 % 0 % 0 % 0 % 0 % 0 % 0 %
068 0 0 0 0 0 0 0 0 0 0 0 0 0 0 0 0 0 0 0 0 0 0 0 1 0 0 0 1 068
0 % 0 % 0 % 0 % 0 % 0 % 0 % 0 % 0 % 0 % 0 % 0 % 0 % 0 %
07 0 0 0 0 0 1 0 0 0 0 0 0 0 0 0 0 0 0 0 0 0 0 0 0 0 0 0 1 07
0 % 0 % 0 % 0 % 0 % 0 % 0 % 0 % 0 % 0 % 0 % 0 % 0 % 0 %
08 0 0 0 0 0 0 0 1 0 0 0 0 0 0 0 0 0 0 0 0 0 0 0 0 0 0 0 1 08
0 % 0 % 0 % 0 % 0 % 0 % 0 % 0 % 0 % 0 % 0 % 0 % 0 % 0 %
080 0 1 0 0 0 0 0 0 0 0 0 0 0 0 0 0 0 0 0 0 0 0 0 0 0 0 0 1 080
0 % 0 % 0 % 0 % 0 % 0 % 0 % 0 % 0 % 0 % 0 % 0 % 0 % 0 %
1A 395 317 272 173 672 521 586 429 4 3 4 2 25 16 18 9 0 0 0 0 7 6 7 3 210 115 2,200 1,594 1A
80 % 64 % 78 % 73 % 75 % 50 % 64 % 50 % 0 % 0 % 86 % 43 % 55 % 72 %
1B 514 413 296 204 893 690 798 602 15 8 18 11 19 15 17 8 2 2 0 0 17 9 12 8 326 197 2,927 2,167 1B
80 % 69 % 77 % 75 % 53 % 61 % 79 % 47 % 100 % 0 % 53 % 67 % 60 % 74 %
1C 71 61 61 45 812 625 717 540 12 7 6 4 12 9 13 10 0 0 0 0 5 3 8 9 231 137 1,948 1,450 1C
86 % 74 % 77 % 75 % 58 % 67 % 75 % 77 % 0 % 0 % 60 % 113 % 59 % 74 %
1D 191 162 161 120 945 788 880 718 20 11 12 8 21 13 14 9 0 0 0 0 13 9 14 8 196 138 2,467 1,984 1D
85 % 75 % 83 % 82 % 55 % 67 % 62 % 64 % 0 % 0 % 69 % 57 % 70 % 80 %
105 0 0 0 0 0 1 0 0 0 0 0 0 0 0 0 0 0 0 0 0 0 0 0 0 0 0 0 1 105
0 % 0 % 0 % 0 % 0 % 0 % 0 % 0 % 0 % 0 % 0 % 0 % 0 % 0 %
11 0 0 0 0 0 2 0 0 0 0 0 0 0 0 0 0 0 0 0 0 0 0 0 0 0 0 0 2 11
0 % 0 % 0 % 0 % 0 % 0 % 0 % 0 % 0 % 0 % 0 % 0 % 0 % 0 %
111 0 0 0 0 0 0 0 1 0 0 0 0 0 0 0 0 0 0 0 0 0 0 0 0 0 0 0 1 111
0 % 0 % 0 % 0 % 0 % 0 % 0 % 0 % 0 % 0 % 0 % 0 % 0 % 0 %
12 0 0 0 0 0 1 0 0 0 1 0 0 0 0 0 0 0 0 0 0 0 0 0 0 0 0 0 2 12
0 % 0 % 0 % 0 % 0 % 0 % 0 % 0 % 0 % 0 % 0 % 0 % 0 % 0 %
131 0 1 0 0 0 0 0 0 0 0 0 0 0 0 0 0 0 0 0 0 0 0 0 0 0 0 0 1 131
0 % 0 % 0 % 0 % 0 % 0 % 0 % 0 % 0 % 0 % 0 % 0 % 0 % 0 %
152 0 0 0 0 0 0 0 1 0 0 0 0 0 0 0 0 0 0 0 0 0 0 0 0 0 0 0 1 152
0 % 0 % 0 % 0 % 0 % 0 % 0 % 0 % 0 % 0 % 0 % 0 % 0 % 0 %
16 0 0 0 0 0 2 0 0 0 0 0 0 0 0 0 0 0 0 0 0 0 0 0 0 0 0 0 2 16
0 % 0 % 0 % 0 % 0 % 0 % 0 % 0 % 0 % 0 % 0 % 0 % 0 % 0 %
1704 0 0 0 0 0 0 0 1 0 0 0 0 0 0 0 0 0 0 0 0 0 0 0 0 0 0 0 1 1704
0 % 0 % 0 % 0 % 0 % 0 % 0 % 0 % 0 % 0 % 0 % 0 % 0 % 0 %
1747 0 1 0 0 0 0 0 0 0 0 0 0 0 0 0 0 0 0 0 0 0 0 0 0 0 0 0 1 1747
0 % 0 % 0 % 0 % 0 % 0 % 0 % 0 % 0 % 0 % 0 % 0 % 0 % 0 %
189 0 0 0 1 0 1 0 0 0 0 0 0 0 0 0 0 0 0 0 0 0 0 0 0 0 0 0 2 189
0 % 0 % 0 % 0 % 0 % 0 % 0 % 0 % 0 % 0 % 0 % 0 % 0 % 0 %
2A 998 783 711 468 371 250 334 212 2 1 1 0 37 24 35 15 0 0 0 0 12 9 8 2 287 148 2,796 1,912 2A
78 % 66 % 67 % 63 % 50 % 0 % 65 % 43 % 0 % 0 % 75 % 25 % 52 % 68 %
2B 1,409 1,023 898 479 456 238 452 233 22 10 14 4 16 7 18 9 0 0 0 0 20 9 20 9 381 193 3,706 2,214 2B
73 % 53 % 52 % 52 % 45 % 29 % 44 % 50 % 0 % 0 % 45 % 45 % 51 % 60 %
21 0 0 0 0 0 1 0 0 0 0 0 0 0 0 0 0 0 0 0 0 0 0 0 0 0 0 0 1 21
0 % 0 % 0 % 0 % 0 % 0 % 0 % 0 % 0 % 0 % 0 % 0 % 0 % 0 %
3A 778 528 467 248 282 148 283 123 2 1 2 1 10 6 14 3 0 0 0 0 13 7 11 4 192 93 2,054 1,162 3A
68 % 53 % 52 % 43 % 50 % 50 % 60 % 21 % 0 % 0 % 54 % 36 % 48 % 57 %
3B 714 465 337 161 1,538 748 1,361 689 85 28 48 16 53 22 44 12 0 0 2 1 42 19 36 14 467 226 4,727 2,401 3B
65 % 48 % 49 % 51 % 33 % 33 % 42 % 27 % 0 % 50 % 45 % 39 % 48 % 51 %
4A 278 187 162 73 349 179 376 194 10 5 11 3 12 6 11 4 0 0 0 0 10 5 9 3 231 102 1,459 761 4A
67 % 45 % 51 % 52 % 50 % 27 % 50 % 36 % 0 % 0 % 50 % 33 % 44 % 52 %
4B 259 171 182 95 1,327 806 1,321 721 78 25 71 23 48 28 29 17 0 0 0 0 39 19 31 16 454 231 3,839 2,152 4B
66 % 52 % 61 % 55 % 32 % 32 % 58 % 59 % 0 % 0 % 49 % 52 % 51 % 56 %
427 0 0 0 0 0 1 0 0 0 0 0 0 0 0 0 0 0 0 0 0 0 0 0 0 0 0 0 1 427
0 % 0 % 0 % 0 % 0 % 0 % 0 % 0 % 0 % 0 % 0 % 0 % 0 % 0 %
5A 192 165 147 110 903 700 780 578 10 9 13 5 23 13 17 10 1 1 0 0 12 7 11 5 249 170 2,358 1,773 5A
86 % 75 % 78 % 74 % 90 % 38 % 57 % 59 % 100 % 0 % 58 % 45 % 68 % 75 %
5B 444 391 289 206 662 528 529 403 16 15 12 8 24 16 20 13 0 0 0 0 12 10 6 2 212 136 2,226 1,728 5B
88 % 71 % 80 % 76 % 94 % 67 % 67 % 65 % 0 % 0 % 83 % 33 % 64 % 78 %
5C 68 54 63 41 716 521 647 467 6 4 6 4 6 4 8 8 0 0 0 0 12 5 11 6 232 156 1,775 1,270 5C
79 % 65 % 73 % 72 % 67 % 67 % 67 % 100 % 0 % 0 % 42 % 55 % 67 % 72 %
5D 639 527 353 233 366 269 317 234 10 5 4 0 59 34 51 25 0 0 0 0 10 6 10 5 195 107 2,014 1,445 5D
82 % 66 % 73 % 74 % 50 % 0 % 58 % 49 % 0 % 0 % 60 % 50 % 55 % 72 %
6A 394 298 270 186 758 587 685 530 21 9 28 15 21 11 15 5 1 0 0 0 10 6 15 2 263 157 2,481 1,806 6A
76 % 69 % 77 % 77 % 43 % 54 % 52 % 33 % 0 % 0 % 60 % 13 % 60 % 73 %
6B 453 354 339 219 1,014 799 881 683 16 10 19 8 37 26 28 13 0 0 0 0 23 15 21 10 291 165 3,122 2,302 6B
78 % 65 % 79 % 78 % 63 % 42 % 70 % 46 % 0 % 0 % 65 % 48 % 57 % 74 %
6C 219 182 172 117 917 663 796 536 32 19 19 8 17 10 19 11 0 0 0 0 19 14 11 3 371 216 2,592 1,779 6C
83 % 68 % 72 % 67 % 59 % 42 % 59 % 58 % 0 % 0 % 74 % 27 % 58 % 69 %
6D 171 141 110 83 488 359 392 305 16 10 13 4 18 10 16 6 0 0 0 0 15 9 11 9 140 94 1,390 1,030 6D
82 % 75 % 74 % 78 % 63 % 31 % 56 % 38 % 0 % 0 % 60 % 82 % 67 % 74 %
7A 261 204 203 151 765 580 666 495 27 16 27 18 18 11 20 12 0 0 0 0 17 11 15 8 222 136 2,241 1,642 7A
78 % 74 % 76 % 74 % 59 % 67 % 61 % 60 % 0 % 0 % 65 % 53 % 61 % 73 %
7B 132 89 93 49 1,049 723 923 643 15 8 9 3 14 6 13 6 0 0 0 0 12 3 14 8 266 141 2,540 1,679 7B
67 % 53 % 69 % 70 % 53 % 33 % 43 % 46 % 0 % 0 % 25 % 57 % 53 % 66 %
7C 60 36 55 27 932 679 825 589 24 9 17 6 17 12 13 8 0 0 1 0 14 10 15 9 220 129 2,193 1,514 7C
60 % 49 % 73 % 71 % 38 % 35 % 71 % 62 % 0 % 0 % 71 % 60 % 59 % 69 %
703 0 0 0 0 0 1 0 0 0 0 0 0 0 0 0 0 0 0 0 0 0 0 0 0 0 0 0 1 703
0 % 0 % 0 % 0 % 0 % 0 % 0 % 0 % 0 % 0 % 0 % 0 % 0 % 0 %
8A 364 241 185 102 871 655 793 581 21 12 16 11 20 17 24 13 0 0 0 0 18 9 14 6 309 163 2,635 1,810 8A
66 % 55 % 75 % 73 % 57 % 69 % 85 % 54 % 0 % 0 % 50 % 43 % 53 % 69 %
8B 185 127 135 79 608 491 573 416 15 11 18 11 13 6 10 4 0 0 0 0 9 5 7 2 170 94 1,743 1,246 8B
69 % 59 % 81 % 73 % 73 % 61 % 46 % 40 % 0 % 0 % 56 % 29 % 55 % 71 %
8C 303 228 174 108 988 629 768 469 29 14 21 13 22 13 20 14 0 0 0 0 30 18 11 6 423 212 2,789 1,724 8C
75 % 62 % 64 % 61 % 48 % 62 % 59 % 70 % 0 % 0 % 60 % 55 % 50 % 62 %
9 0 0 0 0 0 1 0 0 0 0 0 0 0 0 0 0 0 0 0 0 0 0 0 0 0 0 0 1 9
0 % 0 % 0 % 0 % 0 % 0 % 0 % 0 % 0 % 0 % 0 % 0 % 0 % 0 %
TOTALS 9,492 7,155 6,135 3,782 18,682 13,213 16,683 11,405 508 252 409 186 562 335 487 244 4 3 3 1 391 223 328 158 6,538 3,658 60,222 40,615 9
75 % 62 % 71 % 68 % 50 % 45 % 60 % 50 % 75 % 33 % 57 % 48 % 56 % 67 %