CP083 0 0 0 0 0 0 0 0 0 0 0 0 0 0 0 0 0 0 0 0 0 0 0 0 0 1 0 1 CP083
0 % 0 % 0 % 0 % 0 % 0 % 0 % 0 % 0 % 0 % 0 % 0 % 0 % 0 %
EP08A 0 1 0 0 0 0 0 0 0 0 0 0 0 0 0 0 0 0 0 0 0 0 0 0 0 0 0 1 EP08A
0 % 0 % 0 % 0 % 0 % 0 % 0 % 0 % 0 % 0 % 0 % 0 % 0 % 0 %
EP10B 0 0 0 1 0 0 0 0 0 0 0 0 0 0 0 0 0 0 0 0 0 0 0 0 0 0 0 1 EP10B
0 % 0 % 0 % 0 % 0 % 0 % 0 % 0 % 0 % 0 % 0 % 0 % 0 % 0 %
ELLENWOOD 2,127 1,807 1,590 1,202 187 134 147 98 17 7 15 8 29 18 18 9 1 1 0 0 28 20 14 11 351 249 4,524 3,564 EW1
85 % 76 % 72 % 67 % 41 % 53 % 62 % 50 % 100 % 0 % 71 % 79 % 71 % 79 %
FA 0 1 0 0 0 0 0 0 0 0 0 0 0 0 0 0 0 0 0 0 0 0 0 0 0 0 0 1 FA
0 % 0 % 0 % 0 % 0 % 0 % 0 % 0 % 0 % 0 % 0 % 0 % 0 % 0 %
FOREST_PAR 801 502 611 304 314 189 258 161 30 8 35 11 40 19 46 12 1 1 2 2 18 7 15 6 189 91 2,360 1,313 FP1
63 % 50 % 60 % 62 % 27 % 31 % 48 % 26 % 100 % 100 % 39 % 40 % 48 % 56 %
FOREST_PAR 643 501 513 303 244 158 185 114 33 16 34 16 49 27 37 21 0 0 0 0 12 8 16 6 154 81 1,920 1,251 FP2
78 % 59 % 65 % 62 % 48 % 47 % 55 % 57 % 0 % 0 % 67 % 38 % 53 % 65 %
FOREST_PAR 574 414 452 251 253 167 210 130 31 15 35 19 44 23 36 18 0 0 0 0 8 4 15 7 125 62 1,783 1,110 FP3
72 % 56 % 66 % 62 % 48 % 54 % 52 % 50 % 0 % 0 % 50 % 47 % 50 % 62 %
FOREST_PAR 368 277 260 165 271 196 217 151 49 25 76 40 29 19 38 20 0 0 0 0 11 5 11 10 87 57 1,417 965 FP4
75 % 63 % 72 % 70 % 51 % 53 % 66 % 53 % 0 % 0 % 45 % 91 % 66 % 68 %
FOREST_PAR 926 651 641 364 316 213 244 151 60 18 80 37 108 41 98 37 1 1 1 0 23 14 12 3 204 90 2,714 1,620 FP5
70 % 57 % 67 % 62 % 30 % 46 % 38 % 38 % 100 % 0 % 61 % 25 % 44 % 60 %
FOREST_PAR 297 219 225 153 163 119 139 104 47 20 79 37 18 12 25 9 0 0 0 0 10 6 9 3 72 41 1,084 723 FP6
74 % 68 % 73 % 75 % 43 % 47 % 67 % 36 % 0 % 0 % 60 % 33 % 57 % 67 %
F1 0 0 0 1 0 0 0 0 0 0 0 0 0 0 0 0 0 0 0 0 0 0 0 0 0 0 0 1 F1
0 % 0 % 0 % 0 % 0 % 0 % 0 % 0 % 0 % 0 % 0 % 0 % 0 % 0 %
HB 0 0 0 1 0 0 0 0 0 0 0 0 0 0 0 0 0 0 0 0 0 0 0 0 0 0 0 1 HB
0 % 0 % 0 % 0 % 0 % 0 % 0 % 0 % 0 % 0 % 0 % 0 % 0 % 0 %
HH 0 0 0 1 0 0 0 0 0 0 0 0 0 0 0 0 0 0 0 0 0 0 0 0 0 0 0 1 HH
0 % 0 % 0 % 0 % 0 % 0 % 0 % 0 % 0 % 0 % 0 % 0 % 0 % 0 %
JONESBORO 1,758 1,381 1,157 768 193 133 136 93 17 7 16 8 18 11 18 7 1 1 1 0 20 13 12 7 299 181 3,646 2,610 JB01
79 % 66 % 69 % 68 % 41 % 50 % 61 % 39 % 100 % 0 % 65 % 58 % 61 % 72 %
JONESBORO 1,681 1,276 1,154 719 87 51 61 36 19 5 20 10 23 16 23 14 0 0 0 0 18 11 14 5 207 133 3,307 2,276 JB02
76 % 62 % 59 % 59 % 26 % 50 % 70 % 61 % 0 % 0 % 61 % 36 % 64 % 69 %
JONESBORO 1,127 891 887 604 341 236 289 214 19 9 19 11 31 19 27 11 0 0 1 0 18 11 13 4 244 143 3,016 2,153 JB03
79 % 68 % 69 % 74 % 47 % 58 % 61 % 41 % 0 % 0 % 61 % 31 % 59 % 71 %
JONESBORO 757 521 450 247 188 110 151 95 5 2 11 6 17 9 18 6 1 0 1 0 7 4 6 2 158 77 1,770 1,079 JB04
69 % 55 % 59 % 63 % 40 % 55 % 53 % 33 % 0 % 0 % 57 % 33 % 49 % 61 %
JONESBORO 559 443 374 252 266 201 193 153 17 6 14 3 23 14 24 11 0 0 0 0 7 7 10 6 116 71 1,603 1,167 JB05
79 % 67 % 76 % 79 % 35 % 21 % 61 % 46 % 0 % 0 % 100 % 60 % 61 % 73 %
JONESBORO 335 292 274 210 622 527 556 478 61 28 54 31 12 8 9 6 0 0 0 0 16 11 18 11 142 96 2,099 1,698 JB06
87 % 77 % 85 % 86 % 46 % 57 % 67 % 67 % 0 % 0 % 69 % 61 % 68 % 81 %
JONESBORO 947 765 674 457 291 222 242 201 34 21 39 19 25 17 25 19 0 0 0 0 19 11 15 10 201 132 2,512 1,874 JB07
81 % 68 % 76 % 83 % 62 % 49 % 68 % 76 % 0 % 0 % 58 % 67 % 66 % 75 %
JONESBORO 1,333 985 776 436 174 81 148 81 17 6 13 4 55 27 26 13 0 0 0 0 21 11 11 5 238 125 2,812 1,774 JB08
74 % 56 % 47 % 55 % 35 % 31 % 49 % 50 % 0 % 0 % 52 % 45 % 53 % 63 %
JONESBORO 404 279 283 146 145 95 132 82 8 1 10 8 19 9 15 3 0 0 0 0 6 4 6 4 68 25 1,096 656 JB09
69 % 52 % 66 % 62 % 13 % 80 % 47 % 20 % 0 % 0 % 67 % 67 % 37 % 60 %
JONESBORO 1,135 818 662 378 184 112 134 85 14 8 10 7 29 21 27 12 0 0 0 0 15 9 19 14 184 110 2,413 1,574 JB10
72 % 57 % 61 % 63 % 57 % 70 % 72 % 44 % 0 % 0 % 60 % 74 % 60 % 65 %
JONESBORO 1,038 872 784 552 455 349 391 300 41 29 37 19 16 13 26 11 0 0 0 0 24 16 19 16 210 135 3,041 2,312 JB11
84 % 70 % 77 % 77 % 71 % 51 % 81 % 42 % 0 % 0 % 67 % 84 % 64 % 76 %
JONESBORO 1,031 793 707 446 89 61 70 42 7 5 1 0 23 14 15 5 0 0 0 0 12 7 8 4 170 104 2,133 1,481 JB12
77 % 63 % 69 % 60 % 71 % 0 % 61 % 33 % 0 % 0 % 58 % 50 % 61 % 69 %
JONESBORO 514 444 401 296 133 102 115 92 4 3 4 0 6 5 4 2 0 0 0 0 7 6 4 1 126 88 1,318 1,039 JB13
86 % 74 % 77 % 80 % 75 % 0 % 83 % 50 % 0 % 0 % 86 % 25 % 70 % 79 %
JONESBORO 1,010 864 772 608 661 543 620 494 31 18 25 16 27 21 32 21 0 0 0 0 21 15 26 19 251 177 3,476 2,796 JB14
86 % 79 % 82 % 80 % 58 % 64 % 78 % 66 % 0 % 0 % 71 % 73 % 71 % 80 %
JONESBORO 1,026 684 576 288 139 96 116 73 7 3 9 4 18 9 14 4 1 0 0 0 13 6 10 7 182 104 2,111 1,278 JB15
67 % 50 % 69 % 63 % 43 % 44 % 50 % 29 % 0 % 0 % 46 % 70 % 57 % 61 %
JONESBORO 722 547 491 312 148 103 99 72 10 2 13 3 16 7 13 6 0 0 1 0 11 6 9 4 144 78 1,677 1,140 JB16
76 % 64 % 70 % 73 % 20 % 23 % 44 % 46 % 0 % 0 % 55 % 44 % 54 % 68 %
JONESBORO 1,707 1,315 1,118 686 174 121 135 86 7 3 7 2 27 16 18 8 0 0 0 0 23 14 16 9 290 185 3,522 2,445 JB17
77 % 61 % 70 % 64 % 43 % 29 % 59 % 44 % 0 % 0 % 61 % 56 % 64 % 69 %
JONESBORO 1,009 806 637 421 202 144 185 129 25 10 29 16 28 13 30 10 0 0 1 0 16 12 6 4 160 98 2,328 1,663 JB18
80 % 66 % 71 % 70 % 40 % 55 % 46 % 33 % 0 % 0 % 75 % 67 % 61 % 71 %
LAKE_CITY 932 652 597 360 201 114 147 85 23 9 30 11 37 21 19 7 0 0 0 0 27 11 13 4 174 97 2,200 1,371 LC1
70 % 60 % 57 % 58 % 39 % 37 % 57 % 37 % 0 % 0 % 41 % 31 % 56 % 62 %
LOVEJOY_1 1,112 912 855 608 286 198 252 190 15 9 12 3 37 20 21 11 0 0 0 0 19 15 13 7 214 128 2,836 2,101 LJ1
82 % 71 % 69 % 75 % 60 % 25 % 54 % 52 % 0 % 0 % 79 % 54 % 60 % 74 %
LOVEJOY_2 1,050 802 642 437 204 123 183 114 7 4 9 5 34 19 33 16 1 1 0 0 18 15 10 8 241 144 2,432 1,688 LJ2
76 % 68 % 60 % 62 % 57 % 56 % 56 % 48 % 100 % 0 % 83 % 80 % 60 % 69 %
LOVEJOY_3 1,830 1,422 1,101 728 475 351 446 299 26 12 10 6 51 30 31 20 0 0 0 0 29 22 20 14 459 281 4,478 3,185 LJ3
78 % 66 % 74 % 67 % 46 % 60 % 59 % 65 % 0 % 0 % 76 % 70 % 61 % 71 %
LOVEJOY_4 1,410 1,168 1,026 726 173 138 142 106 14 9 4 1 33 16 26 14 0 0 0 0 24 15 13 8 262 163 3,127 2,364 LJ4
83 % 71 % 80 % 75 % 64 % 25 % 48 % 54 % 0 % 0 % 63 % 62 % 62 % 76 %
LOVEJOY_5 1,015 793 708 451 150 89 112 67 10 5 5 2 33 20 41 18 0 0 1 1 22 14 3 1 225 130 2,325 1,591 LJ5
78 % 64 % 59 % 60 % 50 % 40 % 61 % 44 % 0 % 100 % 64 % 33 % 58 % 68 %
MORROW_1 1,000 772 672 414 154 95 119 80 19 11 19 12 34 13 27 10 0 0 0 0 8 4 9 4 192 116 2,253 1,531 MO1
77 % 62 % 62 % 67 % 58 % 63 % 38 % 37 % 0 % 0 % 50 % 44 % 60 % 68 %
MORROW_2 364 273 244 157 300 233 241 193 88 43 122 66 14 12 20 14 2 2 0 0 15 6 15 8 136 74 1,561 1,081 MO2
75 % 64 % 78 % 80 % 49 % 54 % 86 % 70 % 100 % 0 % 40 % 53 % 54 % 69 %
MORROW_3 1,357 1,042 975 632 256 186 208 151 130 54 160 66 36 25 24 14 0 0 0 0 35 19 24 8 270 145 3,475 2,342 MO3
77 % 65 % 73 % 73 % 42 % 41 % 69 % 58 % 0 % 0 % 54 % 33 % 54 % 67 %
MORROW_4 533 394 394 249 193 142 167 123 28 11 44 21 23 14 23 7 0 0 1 1 14 11 8 2 117 68 1,545 1,043 MO4
74 % 63 % 74 % 74 % 39 % 48 % 61 % 30 % 0 % 100 % 79 % 25 % 58 % 68 %
MORROW_5 1,592 1,328 1,145 827 343 267 301 231 33 7 25 11 19 13 18 10 1 1 0 0 19 14 20 11 227 159 3,743 2,879 MO5
83 % 72 % 78 % 77 % 21 % 44 % 68 % 56 % 100 % 0 % 74 % 55 % 70 % 77 %
MORROW_6 845 705 594 401 230 170 178 128 20 8 19 9 31 19 36 15 0 0 0 0 7 4 18 11 176 106 2,154 1,576 MO6
83 % 68 % 74 % 72 % 40 % 47 % 61 % 42 % 0 % 0 % 57 % 61 % 60 % 73 %
MORROW_7 596 445 408 265 174 123 127 82 46 22 60 30 14 5 13 6 0 0 0 0 19 13 14 10 131 69 1,602 1,070 MO7
75 % 65 % 71 % 65 % 48 % 50 % 36 % 46 % 0 % 0 % 68 % 71 % 53 % 67 %
MORROW_8 1,119 939 665 469 94 57 81 51 20 10 12 9 32 18 18 10 0 0 1 0 13 9 7 4 157 113 2,219 1,689 MO8
84 % 71 % 61 % 63 % 50 % 75 % 56 % 56 % 0 % 0 % 69 % 57 % 72 % 76 %
MORROW_9 465 362 320 202 124 86 105 68 10 5 5 3 6 4 8 4 0 0 0 0 13 8 4 1 76 48 1,136 791 MO9
78 % 63 % 69 % 65 % 50 % 60 % 67 % 50 % 0 % 0 % 62 % 25 % 63 % 70 %
OAK_1 954 653 678 378 28 13 19 8 6 2 1 1 8 1 5 2 0 0 0 0 12 9 3 2 138 82 1,852 1,151 OAK1
68 % 56 % 46 % 42 % 33 % 100 % 13 % 40 % 0 % 0 % 75 % 67 % 59 % 62 %
OAK_2 574 337 441 220 22 13 22 15 29 7 28 7 3 3 2 1 0 0 0 0 11 4 13 4 113 47 1,258 658 OAK2
59 % 50 % 59 % 68 % 24 % 25 % 100 % 50 % 0 % 0 % 36 % 31 % 42 % 52 %
OAK_3 1,650 1,112 1,221 663 40 23 28 13 15 4 14 7 14 5 18 9 1 0 0 0 15 6 17 10 262 144 3,295 1,996 OAK3
67 % 54 % 58 % 46 % 27 % 50 % 36 % 50 % 0 % 0 % 40 % 59 % 55 % 61 %
OAK_4 1,325 963 924 547 55 31 44 28 8 3 10 2 13 9 6 3 0 0 0 0 14 5 8 4 206 122 2,613 1,717 OAK4
73 % 59 % 56 % 64 % 38 % 20 % 69 % 50 % 0 % 0 % 36 % 50 % 59 % 66 %
OV 0 1 0 0 0 0 0 0 0 0 0 0 0 0 0 0 0 0 0 0 0 0 0 0 0 0 0 1 OV
0 % 0 % 0 % 0 % 0 % 0 % 0 % 0 % 0 % 0 % 0 % 0 % 0 % 0 %
PANHANDLE 1,048 871 713 523 161 130 156 109 10 1 6 2 14 11 21 12 0 0 0 0 14 11 10 5 224 156 2,377 1,831 PH1
83 % 73 % 81 % 70 % 10 % 33 % 79 % 57 % 0 % 0 % 79 % 50 % 70 % 77 %
PANHANDLE 660 544 532 390 349 282 318 266 5 3 5 3 18 13 18 14 1 1 1 1 12 9 8 5 197 128 2,124 1,659 PH2
82 % 73 % 81 % 84 % 60 % 60 % 72 % 78 % 100 % 100 % 75 % 63 % 65 % 78 %
RIVERDALE 918 767 702 539 77 61 72 54 8 3 7 1 9 7 8 3 0 0 0 0 13 10 7 5 102 68 1,923 1,518 RD01
84 % 77 % 79 % 75 % 38 % 14 % 78 % 38 % 0 % 0 % 77 % 71 % 67 % 79 %
RIVERDALE 1,319 1,002 852 526 83 46 44 21 9 7 8 4 36 13 30 10 0 0 1 0 26 17 10 7 206 117 2,624 1,770 RD02
76 % 62 % 55 % 48 % 78 % 50 % 36 % 33 % 0 % 0 % 65 % 70 % 57 % 67 %
RIVERDALE 1,353 1,056 985 633 89 47 65 38 20 10 18 7 16 13 15 8 0 0 0 0 12 8 12 5 222 120 2,807 1,945 RD03
78 % 64 % 53 % 58 % 50 % 39 % 81 % 53 % 0 % 0 % 67 % 42 % 54 % 69 %
RIVERDALE 1,598 1,159 1,063 661 201 132 154 106 31 13 38 18 36 23 28 9 0 0 0 0 34 16 18 6 230 134 3,431 2,277 RD04
73 % 62 % 66 % 69 % 42 % 47 % 64 % 32 % 0 % 0 % 47 % 33 % 58 % 66 %
RIVERDALE 1,155 912 764 507 89 60 69 43 5 2 6 2 22 14 11 6 0 0 0 0 19 7 6 3 166 112 2,312 1,668 RD05
79 % 66 % 67 % 62 % 40 % 33 % 64 % 55 % 0 % 0 % 37 % 50 % 67 % 72 %
RIVERDALE 1,086 740 720 396 230 150 176 120 13 5 29 14 37 21 34 16 1 1 0 0 23 13 16 12 206 108 2,571 1,596 RD06
68 % 55 % 65 % 68 % 38 % 48 % 57 % 47 % 100 % 0 % 57 % 75 % 52 % 62 %
RIVERDALE 847 555 556 282 124 75 109 75 20 9 25 11 28 11 30 12 0 0 0 0 11 5 11 5 151 72 1,912 1,112 RD07
66 % 51 % 60 % 69 % 45 % 44 % 39 % 40 % 0 % 0 % 45 % 45 % 48 % 58 %
RIVERDALE 992 832 775 570 140 108 112 90 13 3 8 4 19 12 13 8 0 0 0 0 22 16 13 6 126 80 2,233 1,729 RD08
84 % 74 % 77 % 80 % 23 % 50 % 63 % 62 % 0 % 0 % 73 % 46 % 63 % 77 %
RIVERDALE 988 762 670 454 100 63 78 63 39 19 40 22 11 9 12 6 0 0 1 0 19 12 17 14 151 90 2,126 1,514 RD09
77 % 68 % 63 % 81 % 49 % 55 % 82 % 50 % 0 % 0 % 63 % 82 % 60 % 71 %
RIVERDALE 1,137 724 791 432 36 16 27 10 2 2 3 1 14 4 7 1 0 0 1 0 9 5 4 1 179 95 2,210 1,291 RD10
64 % 55 % 44 % 37 % 100 % 33 % 29 % 14 % 0 % 0 % 56 % 25 % 53 % 58 %
RIVERDALE 729 604 601 442 44 33 43 31 1 1 1 1 0 0 0 0 0 0 0 0 8 6 5 3 106 78 1,538 1,199 RD11
83 % 74 % 75 % 72 % 100 % 100 % 0 % 0 % 0 % 0 % 75 % 60 % 74 % 78 %
RIVERDALE 1,160 955 808 581 75 53 84 56 21 8 20 10 22 14 12 3 2 0 1 1 20 15 5 3 159 99 2,389 1,798 RD12
82 % 72 % 71 % 67 % 38 % 50 % 64 % 25 % 0 % 100 % 75 % 60 % 62 % 75 %
SM 0 0 0 0 0 0 0 0 0 0 0 0 0 0 0 0 0 0 0 0 0 0 0 0 0 1 0 1 SM
0 % 0 % 0 % 0 % 0 % 0 % 0 % 0 % 0 % 0 % 0 % 0 % 0 % 0 %
SS19A 0 1 0 0 0 0 0 0 0 0 0 0 0 0 0 0 0 0 0 0 0 0 0 0 0 0 0 1 SS19A
0 % 0 % 0 % 0 % 0 % 0 % 0 % 0 % 0 % 0 % 0 % 0 % 0 % 0 %
02D 0 1 0 0 0 0 0 0 0 0 0 0 0 0 0 0 0 0 0 0 0 0 0 0 0 0 0 1 02D
0 % 0 % 0 % 0 % 0 % 0 % 0 % 0 % 0 % 0 % 0 % 0 % 0 % 0 %
03H 0 1 0 0 0 0 0 0 0 0 0 0 0 0 0 0 0 0 0 0 0 0 0 0 0 0 0 1 03H
0 % 0 % 0 % 0 % 0 % 0 % 0 % 0 % 0 % 0 % 0 % 0 % 0 % 0 %
104 0 0 0 1 0 0 0 0 0 0 0 0 0 0 0 0 0 0 0 0 0 0 0 0 0 0 0 1 104
0 % 0 % 0 % 0 % 0 % 0 % 0 % 0 % 0 % 0 % 0 % 0 % 0 % 0 %
12B 0 0 0 1 0 0 0 0 0 0 0 0 0 0 0 0 0 0 0 0 0 0 0 0 0 0 0 1 12B
0 % 0 % 0 % 0 % 0 % 0 % 0 % 0 % 0 % 0 % 0 % 0 % 0 % 0 %
22 0 0 0 1 0 0 0 0 0 0 0 0 0 0 0 0 0 0 0 0 0 0 0 0 0 0 0 1 22
0 % 0 % 0 % 0 % 0 % 0 % 0 % 0 % 0 % 0 % 0 % 0 % 0 % 0 %
28 0 0 0 0 0 0 0 0 0 0 0 0 0 0 0 0 0 0 0 0 0 0 0 0 0 1 0 1 28
0 % 0 % 0 % 0 % 0 % 0 % 0 % 0 % 0 % 0 % 0 % 0 % 0 % 0 %
TOTALS 58,542 44,910 40,611 26,245 11,540 8,171 9,602 6,829 1,354 596 1,488 707 1,484 840 1,290 594 15 10 16 6 960 592 688 379 10,773 6,429 138,363 96,308 28
77 % 65 % 71 % 71 % 44 % 48 % 57 % 46 % 67 % 38 % 62 % 55 % 60 % 70 %