BLUFFTON 78 54 42 27 88 77 93 72 0 0 0 0 0 0 0 0 0 0 0 0 0 0 0 0 6 3 307 233 1
69 % 64 % 88 % 77 % 0 % 0 % 0 % 0 % 0 % 0 % 0 % 0 % 50 % 76 %
ZETTO 161 120 72 50 53 41 48 39 0 0 0 0 0 0 0 0 0 0 0 0 2 1 1 0 2 2 339 253 2
75 % 69 % 77 % 81 % 0 % 0 % 0 % 0 % 0 % 0 % 50 % 0 % 100 % 75 %
COURTHOUSE 160 135 86 66 43 36 37 32 1 0 2 0 0 0 1 0 0 0 0 0 0 0 0 0 0 0 330 269 3
84 % 77 % 84 % 86 % 0 % 0 % 0 % 0 % 0 % 0 % 0 % 0 % 0 % 82 %
OLD_HEAD_S 153 121 93 70 87 76 84 70 1 0 1 1 1 0 0 0 0 0 0 0 0 0 0 0 3 3 423 341 4
79 % 75 % 87 % 83 % 0 % 100 % 0 % 0 % 0 % 0 % 0 % 0 % 100 % 81 %
DAY'S_CROS 97 84 67 53 112 98 95 80 0 0 0 0 0 0 1 1 0 0 0 0 0 0 0 0 4 2 376 318 5
87 % 79 % 88 % 84 % 0 % 0 % 0 % 100 % 0 % 0 % 0 % 0 % 50 % 85 %
TOTALS 649 514 360 266 383 328 357 293 2 0 3 1 1 0 2 1 0 0 0 0 2 1 1 0 15 10 1,775 1,414 5
79 % 74 % 86 % 82 % 0 % 33 % 0 % 50 % 0 % 0 % 50 % 0 % 67 % 80 %