ARABIA 3 2 1 0 51 33 45 34 0 0 0 0 0 0 0 0 0 0 0 0 0 0 0 0 0 0 100 69 AB
67 % 0 % 65 % 76 % 0 % 0 % 0 % 0 % 0 % 0 % 0 % 0 % 0 % 69 %
ARGYLE 36 27 19 8 131 93 115 73 1 0 0 0 2 2 1 1 0 0 0 0 1 0 0 0 17 11 323 215 AG
75 % 42 % 71 % 63 % 0 % 0 % 100 % 100 % 0 % 0 % 0 % 0 % 65 % 67 %
DUPONT 37 31 30 19 85 68 81 61 0 0 0 0 1 1 0 0 0 0 0 0 0 0 0 0 12 5 246 185 D
84 % 63 % 80 % 75 % 0 % 0 % 100 % 0 % 0 % 0 % 0 % 0 % 42 % 75 %
FARGO 14 9 10 6 99 77 106 64 1 0 0 0 1 0 0 0 0 0 0 0 2 2 0 0 12 3 245 161 F
64 % 60 % 78 % 60 % 0 % 0 % 0 % 0 % 0 % 0 % 100 % 0 % 25 % 66 %
HOMERVILLE 513 366 330 183 928 671 787 562 3 1 3 2 2 2 0 0 0 0 0 0 2 2 1 1 148 78 2,717 1,868 H
71 % 55 % 72 % 71 % 33 % 67 % 100 % 0 % 0 % 0 % 100 % 100 % 53 % 69 %
1 0 0 0 1 0 0 0 0 0 0 0 0 0 0 0 0 0 0 0 0 0 0 0 0 0 0 0 1 1
0 % 0 % 0 % 0 % 0 % 0 % 0 % 0 % 0 % 0 % 0 % 0 % 0 % 0 %
304 0 0 0 0 0 0 0 1 0 0 0 0 0 0 0 0 0 0 0 0 0 0 0 0 0 0 0 1 304
0 % 0 % 0 % 0 % 0 % 0 % 0 % 0 % 0 % 0 % 0 % 0 % 0 % 0 %
408 0 0 0 0 0 0 0 1 0 0 0 0 0 0 0 0 0 0 0 0 0 0 0 0 0 0 0 1 408
0 % 0 % 0 % 0 % 0 % 0 % 0 % 0 % 0 % 0 % 0 % 0 % 0 % 0 %
TOTALS 603 435 390 217 1,294 942 1,134 796 5 1 3 2 6 5 1 1 0 0 0 0 5 4 1 1 189 97 3,631 2,501 408
72 % 56 % 73 % 70 % 20 % 67 % 83 % 100 % 0 % 0 % 80 % 100 % 51 % 69 %