UNKNOWN 1 0 0 0 0 0 0 0 0 0 0 0 0 0 0 0 0 0 0 0 0 0 0 0 0 0 1 0 UNKNOWN
0 % 0 % 0 % 0 % 0 % 0 % 0 % 0 % 0 % 0 % 0 % 0 % 0 % 0 %
ACWORTH_1A 468 381 347 274 1,408 1,048 1,218 880 53 33 60 33 91 62 68 38 2 1 0 0 36 26 24 16 247 125 4,022 2,917 AC1A
81 % 79 % 74 % 72 % 62 % 55 % 68 % 56 % 50 % 0 % 72 % 67 % 51 % 73 %
ACWORTH_1B 427 315 264 159 1,462 1,036 1,128 791 17 12 13 8 69 51 64 28 1 1 0 0 29 16 13 7 187 98 3,674 2,522 AC1B
74 % 60 % 71 % 70 % 71 % 62 % 74 % 44 % 100 % 0 % 55 % 54 % 52 % 69 %
ACWORTH_1C 683 522 495 332 1,050 775 874 620 39 17 38 19 108 67 70 36 1 1 1 1 43 27 29 16 267 129 3,698 2,562 AC1C
76 % 67 % 74 % 71 % 44 % 50 % 62 % 51 % 100 % 100 % 63 % 55 % 48 % 69 %
ADDISON_01 111 87 80 60 738 618 706 561 39 24 31 21 28 22 15 11 1 0 1 0 27 23 29 21 97 67 1,903 1,515 AD01
78 % 75 % 84 % 79 % 62 % 68 % 79 % 73 % 0 % 0 % 85 % 72 % 69 % 80 %
AUSTELL_1A 1,256 1,032 883 580 558 390 413 292 17 7 12 3 45 21 36 16 1 0 1 1 33 23 30 18 146 72 3,431 2,455 AU1A
82 % 66 % 70 % 71 % 41 % 25 % 47 % 44 % 0 % 100 % 70 % 60 % 49 % 72 %
BELLS_FERR 215 172 174 124 939 740 867 709 64 32 52 30 27 22 28 18 0 0 0 0 27 20 26 15 172 87 2,591 1,969 BF02
80 % 71 % 79 % 82 % 50 % 58 % 81 % 64 % 0 % 0 % 74 % 58 % 51 % 76 %
BELLS_FERR 337 265 252 168 1,922 1,483 1,790 1,323 35 23 32 15 79 54 79 39 2 2 1 1 45 29 48 31 286 129 4,908 3,562 BF03
79 % 67 % 77 % 74 % 66 % 47 % 68 % 49 % 100 % 100 % 64 % 65 % 45 % 73 %
BIG_SHANTY 220 148 119 70 847 606 774 555 18 7 11 7 42 22 33 21 1 1 0 0 18 12 13 5 142 67 2,238 1,521 BG01
67 % 59 % 72 % 72 % 39 % 64 % 52 % 64 % 100 % 0 % 67 % 38 % 47 % 68 %
BIG_SHANTY 193 161 148 106 1,027 799 929 716 35 22 29 17 28 22 24 18 1 1 1 1 31 24 27 18 152 85 2,625 1,990 BG02
83 % 72 % 78 % 77 % 63 % 59 % 79 % 75 % 100 % 100 % 77 % 67 % 56 % 76 %
BAKER_01 519 409 403 274 1,119 829 960 720 57 34 62 34 64 46 44 27 0 0 0 0 36 30 31 22 287 144 3,582 2,569 BK01
79 % 68 % 74 % 75 % 60 % 55 % 72 % 61 % 0 % 0 % 83 % 71 % 50 % 72 %
CM 0 1 0 0 0 0 0 0 0 0 0 0 0 0 0 0 0 0 0 0 0 0 0 0 0 0 0 1 CM
0 % 0 % 0 % 0 % 0 % 0 % 0 % 0 % 0 % 0 % 0 % 0 % 0 % 0 %
COOPER_01 1,420 1,078 857 566 660 487 498 376 22 13 10 5 78 44 34 20 2 0 0 0 53 37 24 14 147 66 3,805 2,706 CO01
76 % 66 % 74 % 76 % 59 % 50 % 56 % 59 % 0 % 0 % 70 % 58 % 45 % 71 %
CHESTNUT_R 56 45 60 47 1,289 1,071 1,206 989 30 22 34 25 13 8 17 13 0 0 0 0 22 15 24 14 103 61 2,854 2,310 CR01
80 % 78 % 83 % 82 % 73 % 74 % 62 % 76 % 0 % 0 % 68 % 58 % 59 % 81 %
DICKERSON 41 32 41 31 1,137 943 1,059 847 61 36 59 39 19 14 14 11 1 1 0 0 23 14 20 13 94 58 2,569 2,039 DC01
78 % 76 % 83 % 80 % 59 % 66 % 74 % 79 % 100 % 0 % 61 % 65 % 62 % 79 %
DOBBINS_01 1,023 749 659 414 397 276 360 222 17 8 14 7 62 38 48 24 2 1 1 0 42 29 29 14 217 108 2,871 1,890 DI01
73 % 63 % 70 % 62 % 47 % 50 % 61 % 50 % 50 % 0 % 69 % 48 % 50 % 66 %
DI02 0 1 0 0 0 0 0 0 0 0 0 0 0 0 0 0 0 0 0 0 0 0 0 0 0 0 0 1 DI02
0 % 0 % 0 % 0 % 0 % 0 % 0 % 0 % 0 % 0 % 0 % 0 % 0 % 0 %
DOWELL_01 314 269 238 187 1,012 837 926 738 25 12 19 11 22 16 20 12 0 0 1 0 23 17 25 16 97 55 2,722 2,170 DL01
86 % 79 % 83 % 80 % 48 % 58 % 73 % 60 % 0 % 0 % 74 % 64 % 57 % 80 %
DODGEN_01 35 30 29 19 858 697 770 610 50 33 46 31 15 8 21 14 0 0 0 0 9 5 10 9 71 39 1,914 1,495 DO01
86 % 66 % 81 % 79 % 66 % 67 % 53 % 67 % 0 % 0 % 56 % 90 % 55 % 78 %
DURHAM_01 120 105 103 80 1,559 1,257 1,443 1,166 23 16 19 13 18 13 16 10 0 0 1 1 17 12 14 8 115 66 3,448 2,747 DU01
88 % 78 % 81 % 81 % 70 % 68 % 72 % 63 % 0 % 100 % 71 % 57 % 57 % 80 %
DAVIS_01 69 56 48 32 791 637 683 541 22 17 13 7 25 20 13 10 3 1 2 1 15 12 10 9 80 54 1,774 1,397 DV01
81 % 67 % 81 % 79 % 77 % 54 % 80 % 77 % 33 % 50 % 80 % 90 % 68 % 79 %
EASTSIDE_0 36 26 34 29 1,207 984 1,040 866 46 33 42 27 24 20 12 11 1 1 0 0 21 13 27 20 124 70 2,614 2,100 EA01
72 % 85 % 82 % 83 % 72 % 64 % 83 % 92 % 100 % 0 % 62 % 74 % 56 % 80 %
EASTSIDE_0 97 80 99 79 1,600 1,342 1,472 1,230 38 19 29 16 38 34 30 24 0 0 2 1 24 19 23 19 123 69 3,575 2,932 EA02
82 % 80 % 84 % 84 % 50 % 55 % 89 % 80 % 0 % 50 % 79 % 83 % 56 % 82 %
EE 0 0 0 0 0 1 0 0 0 0 0 0 0 0 0 0 0 0 0 0 0 0 0 0 0 0 0 1 EE
0 % 0 % 0 % 0 % 0 % 0 % 0 % 0 % 0 % 0 % 0 % 0 % 0 % 0 %
ELIZABETH 471 327 333 185 768 504 706 428 67 38 52 33 74 38 44 21 3 2 1 0 24 12 17 10 272 136 2,832 1,734 EL01
69 % 56 % 66 % 61 % 57 % 63 % 51 % 48 % 67 % 0 % 50 % 59 % 50 % 61 %
ELIZABETH 126 106 94 71 747 601 685 544 14 9 25 16 30 19 16 12 0 0 0 0 20 16 20 14 104 57 1,881 1,465 EL02
84 % 76 % 80 % 79 % 64 % 64 % 63 % 75 % 0 % 0 % 80 % 70 % 55 % 78 %
ELIZABETH 79 67 61 44 761 632 684 554 18 11 15 7 18 15 13 8 0 0 0 0 21 15 18 13 72 37 1,760 1,403 EL03
85 % 72 % 83 % 81 % 61 % 47 % 83 % 62 % 0 % 0 % 71 % 72 % 51 % 80 %
ELIZABETH 352 250 218 144 680 517 598 454 57 35 56 31 65 38 25 12 1 1 1 0 27 19 24 13 143 61 2,247 1,575 EL04
71 % 66 % 76 % 76 % 61 % 55 % 58 % 48 % 100 % 0 % 70 % 54 % 43 % 70 %
ELIZABETH 111 92 96 73 1,068 878 899 724 44 24 50 28 38 25 29 21 1 1 0 0 30 21 27 21 133 78 2,526 1,986 EL05
83 % 76 % 82 % 81 % 55 % 56 % 66 % 72 % 100 % 0 % 70 % 78 % 59 % 79 %
EAST_PIEDM 256 200 160 115 629 482 564 434 42 25 35 23 43 28 36 20 0 0 2 1 25 18 17 11 162 89 1,971 1,446 EP01
78 % 72 % 77 % 77 % 60 % 66 % 65 % 56 % 0 % 50 % 72 % 65 % 55 % 73 %
FAIR_OAKS 919 706 676 463 609 446 472 359 24 11 41 19 101 59 82 37 1 0 0 0 39 31 27 16 142 67 3,133 2,214 FO01
77 % 68 % 73 % 76 % 46 % 46 % 58 % 45 % 0 % 0 % 79 % 59 % 47 % 71 %
FAIR_OAKS 1,048 713 640 377 615 455 510 374 47 26 48 20 116 83 101 44 2 1 3 1 40 25 35 21 189 74 3,394 2,214 FO02
68 % 59 % 74 % 73 % 55 % 42 % 72 % 44 % 50 % 33 % 63 % 60 % 39 % 65 %
FAIR_OAKS 326 226 243 144 450 333 385 263 21 9 18 11 110 57 107 45 1 0 0 0 19 8 21 10 99 40 1,800 1,146 FO04
69 % 59 % 74 % 68 % 43 % 61 % 52 % 42 % 0 % 0 % 42 % 48 % 40 % 64 %
BIRNEY_01 448 334 321 208 541 433 434 338 17 7 11 3 56 32 42 24 0 0 0 0 19 11 13 9 78 38 1,980 1,437 BR01
75 % 65 % 80 % 78 % 41 % 27 % 57 % 57 % 0 % 0 % 58 % 69 % 49 % 73 %
BIRNEY_02 576 480 436 328 947 741 829 637 33 14 32 15 39 27 48 30 1 0 0 0 34 24 25 20 125 71 3,125 2,387 BR02
83 % 75 % 78 % 77 % 42 % 47 % 69 % 63 % 0 % 0 % 71 % 80 % 57 % 76 %
BRYANT_01 834 723 573 421 72 53 55 41 7 4 4 3 18 12 4 4 0 0 0 0 10 7 9 6 49 35 1,635 1,309 BT01
87 % 73 % 74 % 75 % 57 % 75 % 67 % 100 % 0 % 0 % 70 % 67 % 71 % 80 %
BRYANT_02 2,207 1,554 1,307 756 136 83 103 58 8 5 7 4 59 33 55 21 0 0 1 1 44 25 21 11 194 85 4,142 2,636 BT02
70 % 58 % 61 % 56 % 63 % 57 % 56 % 38 % 0 % 100 % 57 % 52 % 44 % 64 %
BLACKWELL 148 114 115 88 709 575 707 559 46 28 38 23 27 18 28 20 1 1 1 1 29 19 17 11 146 78 2,012 1,535 BW01
77 % 77 % 81 % 79 % 61 % 61 % 67 % 71 % 100 % 100 % 66 % 65 % 53 % 76 %
CHATTAHOOC 1,135 862 690 423 1,050 674 940 613 56 29 34 14 62 35 67 26 2 1 3 1 64 40 35 13 414 212 4,552 2,943 CA01
76 % 61 % 64 % 65 % 52 % 41 % 56 % 39 % 50 % 33 % 63 % 37 % 51 % 65 %
CHEATHAM_H 154 130 122 93 1,070 877 1,007 817 15 10 17 9 23 19 28 21 1 0 0 0 19 14 17 11 76 48 2,549 2,049 CH02
84 % 76 % 82 % 81 % 67 % 53 % 83 % 75 % 0 % 0 % 74 % 65 % 63 % 80 %
CHEATHAM_H 312 268 251 201 1,278 1,053 1,191 982 35 23 23 15 26 22 30 21 2 2 1 1 22 18 23 20 128 79 3,322 2,705 CH03
86 % 80 % 82 % 82 % 66 % 65 % 85 % 70 % 100 % 100 % 82 % 87 % 62 % 81 %
CHALKER_01 427 319 289 183 1,141 769 1,022 674 34 20 28 13 63 39 47 25 0 0 0 0 35 21 24 14 280 129 3,390 2,206 CK01
75 % 63 % 67 % 66 % 59 % 46 % 62 % 53 % 0 % 0 % 60 % 58 % 46 % 65 %
CLARKDALE 279 231 235 160 407 286 342 257 6 3 4 4 26 18 21 8 2 1 0 0 20 16 5 4 65 28 1,412 1,016 CL01
83 % 68 % 70 % 75 % 50 % 100 % 69 % 38 % 50 % 0 % 80 % 80 % 43 % 72 %
CLARKDALE 1,154 956 943 688 821 638 726 558 14 8 11 9 48 29 53 28 0 0 0 0 23 14 23 13 147 76 3,963 3,017 CL02
83 % 73 % 78 % 77 % 57 % 82 % 60 % 53 % 0 % 0 % 61 % 57 % 52 % 76 %
FAIR_OAKS 313 175 220 117 378 223 323 202 3 3 6 5 48 14 50 20 0 0 2 0 12 7 16 10 74 28 1,445 804 FO05
56 % 53 % 59 % 63 % 100 % 83 % 29 % 40 % 0 % 0 % 58 % 63 % 38 % 56 %
FULLERS_PA 95 81 79 64 1,216 1,020 1,153 924 94 58 99 61 30 22 27 24 1 0 0 0 26 20 19 14 139 76 2,978 2,364 FP01
85 % 81 % 84 % 80 % 62 % 62 % 73 % 89 % 0 % 0 % 77 % 74 % 55 % 79 %
FORD_01 111 98 94 74 1,153 912 1,074 826 17 13 14 13 22 12 19 15 0 0 0 0 5 3 12 10 142 84 2,663 2,060 FR01
88 % 79 % 79 % 77 % 76 % 93 % 55 % 79 % 0 % 0 % 60 % 83 % 59 % 77 %
FREY_01 134 115 91 73 780 634 748 593 36 23 27 18 24 18 15 6 0 0 2 2 15 9 12 8 90 54 1,974 1,553 FY01
86 % 80 % 81 % 79 % 64 % 67 % 75 % 40 % 0 % 100 % 60 % 67 % 60 % 79 %
GARRISON_M 82 67 81 61 1,067 866 999 763 22 18 21 14 19 15 24 15 0 0 0 0 24 18 20 11 131 86 2,490 1,934 GM01
82 % 75 % 81 % 76 % 82 % 67 % 79 % 63 % 0 % 0 % 75 % 55 % 66 % 78 %
GRITTERS_0 136 97 97 59 790 636 724 551 26 14 20 11 41 29 32 20 0 0 0 0 17 12 16 12 103 47 2,002 1,488 GT01
71 % 61 % 81 % 76 % 54 % 55 % 71 % 63 % 0 % 0 % 71 % 75 % 46 % 74 %
HARMONY-LE 1,470 1,261 942 727 805 573 650 461 33 14 23 12 87 51 69 32 0 0 3 0 34 25 31 20 197 113 4,344 3,289 HL01
86 % 77 % 71 % 71 % 42 % 52 % 59 % 46 % 0 % 0 % 74 % 65 % 57 % 76 %
HARRISON_0 76 55 72 44 1,105 888 979 801 8 4 7 5 16 13 18 9 0 0 0 0 13 8 14 9 89 52 2,397 1,888 HR01
72 % 61 % 80 % 82 % 50 % 71 % 81 % 50 % 0 % 0 % 62 % 64 % 58 % 79 %
HIGHTOWER 70 62 68 49 1,294 1,057 1,119 907 42 22 43 22 32 23 24 15 1 0 0 0 30 22 27 20 148 87 2,898 2,286 HT01
89 % 72 % 82 % 81 % 52 % 51 % 72 % 63 % 0 % 0 % 73 % 74 % 59 % 79 %
HAYES_01 158 133 142 106 1,378 1,122 1,353 1,067 27 17 24 11 41 24 31 16 0 0 0 0 24 18 27 18 173 105 3,378 2,637 HY01
84 % 75 % 81 % 79 % 63 % 46 % 59 % 52 % 0 % 0 % 75 % 67 % 61 % 78 %
KENNESAW_1 186 142 106 67 609 443 501 355 8 3 11 4 31 19 29 14 0 0 0 0 15 8 11 10 80 36 1,587 1,101 KE1A
76 % 63 % 73 % 71 % 38 % 36 % 61 % 48 % 0 % 0 % 53 % 91 % 45 % 69 %
KENNESAW_2 915 662 379 226 991 677 696 452 51 27 41 20 71 41 54 31 0 0 0 0 40 28 30 19 285 146 3,553 2,329 KE2A
72 % 60 % 68 % 65 % 53 % 49 % 58 % 57 % 0 % 0 % 70 % 63 % 51 % 66 %
KENNESAW_2 298 236 240 169 1,122 831 1,059 759 50 33 47 29 68 32 54 39 0 0 1 0 35 25 19 12 169 95 3,162 2,260 KE2B
79 % 70 % 74 % 72 % 66 % 62 % 47 % 72 % 0 % 0 % 71 % 63 % 56 % 71 %
KENNESAW_3 155 120 90 53 471 325 404 256 10 4 14 3 44 27 25 9 1 1 0 0 15 8 17 5 90 42 1,336 853 KE3A
77 % 59 % 69 % 63 % 40 % 21 % 61 % 36 % 100 % 0 % 53 % 29 % 47 % 64 %
KENNESAW_4 231 175 165 107 741 562 658 467 27 17 21 13 41 28 35 24 0 0 1 0 21 16 13 13 149 73 2,103 1,495 KE4A
76 % 65 % 76 % 71 % 63 % 62 % 68 % 69 % 0 % 0 % 76 % 100 % 49 % 71 %
KENNESAW_5 222 193 183 135 1,053 823 934 730 37 28 25 15 42 30 34 19 0 0 1 1 29 19 19 15 140 82 2,719 2,090 KE5A
87 % 74 % 78 % 78 % 76 % 60 % 71 % 56 % 0 % 100 % 66 % 79 % 59 % 77 %
KENNESAW_5 421 357 290 219 893 709 802 618 36 19 31 18 35 26 32 25 1 1 0 0 32 22 25 18 156 93 2,754 2,125 KE5B
85 % 76 % 79 % 77 % 53 % 58 % 74 % 78 % 100 % 0 % 69 % 72 % 60 % 77 %
KELL_01 69 55 50 36 767 622 703 549 8 3 15 9 26 21 23 19 0 0 0 0 15 11 9 8 76 51 1,761 1,384 KL01
80 % 72 % 81 % 78 % 38 % 60 % 81 % 83 % 0 % 0 % 73 % 89 % 67 % 79 %
KEMP_01 47 38 46 34 803 656 734 590 7 2 6 3 15 13 11 6 1 1 0 0 10 7 3 2 61 37 1,744 1,389 KP01
81 % 74 % 82 % 80 % 29 % 50 % 87 % 55 % 100 % 0 % 70 % 67 % 61 % 80 %
KEMP_02 285 241 220 170 1,306 1,071 1,102 916 26 17 24 14 30 20 28 16 1 0 0 0 24 16 15 9 121 71 3,182 2,561 KP02
85 % 77 % 82 % 83 % 65 % 58 % 67 % 57 % 0 % 0 % 67 % 60 % 59 % 80 %
KEMP_03 72 61 70 51 728 620 715 581 20 11 11 7 7 5 4 2 0 0 0 0 16 12 8 5 61 39 1,712 1,394 KP03
85 % 73 % 85 % 81 % 55 % 64 % 71 % 50 % 0 % 0 % 75 % 63 % 64 % 81 %
LASSITER_0 117 96 100 74 1,257 1,028 1,188 972 52 29 46 29 57 38 36 18 0 0 1 0 16 12 25 20 136 79 3,031 2,395 LA01
82 % 74 % 82 % 82 % 56 % 63 % 67 % 50 % 0 % 0 % 75 % 80 % 58 % 79 %
LINDLEY_01 906 764 675 543 943 735 869 674 42 23 40 27 37 26 33 21 0 0 1 1 41 27 32 16 136 89 3,755 2,946 LI01
84 % 80 % 78 % 78 % 55 % 68 % 70 % 64 % 0 % 100 % 66 % 50 % 65 % 78 %
LOST_MOUNT 184 162 158 126 1,173 963 1,059 864 12 8 8 3 15 14 14 10 0 0 0 0 14 9 7 7 68 49 2,712 2,215 LM01
88 % 80 % 82 % 82 % 67 % 38 % 93 % 71 % 0 % 0 % 64 % 100 % 72 % 82 %
LOST_MOUNT 115 90 89 69 1,665 1,354 1,553 1,226 9 6 10 4 15 13 12 7 2 2 1 1 13 6 11 7 133 84 3,628 2,869 LM02
78 % 78 % 81 % 79 % 67 % 40 % 87 % 58 % 100 % 100 % 46 % 64 % 63 % 79 %
LOST_MOUNT 288 252 251 193 1,396 1,150 1,294 1,021 14 11 11 7 29 22 20 13 0 0 1 1 24 19 17 10 123 88 3,468 2,787 LM03
88 % 77 % 82 % 79 % 79 % 64 % 76 % 65 % 0 % 100 % 79 % 59 % 72 % 80 %
LOST_MOUNT 120 98 109 91 936 769 835 668 27 17 14 6 11 8 7 6 0 0 1 0 9 7 7 4 86 54 2,162 1,728 LM04
82 % 83 % 82 % 80 % 63 % 43 % 73 % 86 % 0 % 0 % 78 % 57 % 63 % 80 %
LEWIS_01 96 77 75 60 526 428 520 419 9 6 6 3 14 13 8 6 0 0 0 0 12 9 7 3 46 26 1,319 1,050 LW01
80 % 80 % 81 % 81 % 67 % 50 % 93 % 75 % 0 % 0 % 75 % 43 % 57 % 80 %
MABLETON_0 937 770 651 484 1,003 788 824 622 28 18 18 13 60 38 39 28 1 0 2 0 35 23 30 18 135 70 3,763 2,872 MA01
82 % 74 % 79 % 75 % 64 % 72 % 63 % 72 % 0 % 0 % 66 % 60 % 52 % 76 %
MABLETON_0 569 446 443 275 495 338 386 277 8 6 8 5 42 22 40 18 2 2 0 0 18 16 18 12 85 50 2,114 1,467 MA02
78 % 62 % 68 % 72 % 75 % 63 % 52 % 45 % 100 % 0 % 89 % 67 % 59 % 69 %
MABLETON_0 353 266 262 184 779 619 739 584 12 9 8 5 54 34 24 13 0 0 2 1 31 18 30 23 71 34 2,365 1,790 MA03
75 % 70 % 79 % 79 % 75 % 63 % 63 % 54 % 0 % 50 % 58 % 77 % 48 % 76 %
MABLETON_0 118 87 84 69 526 431 501 415 15 10 10 8 22 17 16 8 0 0 1 1 12 13 10 7 30 14 1,345 1,080 MA04
74 % 82 % 82 % 83 % 67 % 80 % 77 % 50 % 0 % 100 % 108 % 70 % 47 % 80 %
MABRY_01 23 22 25 19 725 602 732 584 7 2 7 2 6 5 7 5 0 0 0 0 12 6 7 3 45 23 1,596 1,273 MB01
96 % 76 % 83 % 80 % 29 % 29 % 83 % 71 % 0 % 0 % 50 % 43 % 51 % 80 %
MACLAND_01 828 662 627 473 624 485 547 405 19 9 25 13 62 38 55 34 1 0 2 2 33 20 18 14 131 69 2,972 2,224 MC01
80 % 75 % 78 % 74 % 47 % 52 % 61 % 62 % 0 % 100 % 61 % 78 % 53 % 75 %
MURDOCK_01 112 90 79 61 1,486 1,236 1,444 1,177 53 29 40 22 43 36 36 23 1 1 0 0 27 19 27 20 141 76 3,489 2,790 MD01
80 % 77 % 83 % 82 % 55 % 55 % 84 % 64 % 100 % 0 % 70 % 74 % 54 % 80 %
MCEACHERN 459 373 355 266 741 589 675 534 15 9 4 1 26 22 25 14 0 0 1 1 20 14 17 12 92 57 2,430 1,892 ME01
81 % 75 % 79 % 79 % 60 % 25 % 85 % 56 % 0 % 100 % 70 % 71 % 62 % 78 %
MI 0 1 0 0 0 0 0 0 0 0 0 0 0 0 0 0 0 0 0 0 0 0 0 0 0 0 0 1 MI
0 % 0 % 0 % 0 % 0 % 0 % 0 % 0 % 0 % 0 % 0 % 0 % 0 % 0 %
MCCLESKEY 54 44 39 33 739 598 641 527 14 7 9 8 9 5 7 5 0 0 0 0 6 4 4 4 56 38 1,578 1,273 MK01
81 % 85 % 81 % 82 % 50 % 89 % 56 % 71 % 0 % 0 % 67 % 100 % 68 % 81 %
MCCLURE_01 54 43 53 40 607 488 561 461 5 2 4 3 9 6 9 6 2 2 0 0 13 9 8 7 55 37 1,380 1,104 ML01
80 % 75 % 80 % 82 % 40 % 75 % 67 % 67 % 100 % 0 % 69 % 88 % 67 % 80 %
MARIETTA_1 777 569 498 322 426 301 358 243 24 10 17 9 48 24 38 21 0 0 0 0 20 12 23 11 189 93 2,418 1,615 MR1A
73 % 65 % 71 % 68 % 42 % 53 % 50 % 55 % 0 % 0 % 60 % 48 % 49 % 67 %
MARIETTA_2 347 258 217 130 992 812 756 601 9 5 6 4 24 19 15 11 0 0 1 0 24 18 14 11 88 45 2,493 1,914 MR2A
74 % 60 % 82 % 79 % 56 % 67 % 79 % 73 % 0 % 0 % 75 % 79 % 51 % 77 %
MARIETTA_2 1,037 782 568 357 995 817 900 732 26 18 27 18 47 32 33 14 1 1 0 0 41 28 31 24 157 89 3,863 2,912 MR2B
75 % 63 % 82 % 81 % 69 % 67 % 68 % 42 % 100 % 0 % 68 % 77 % 57 % 75 %
MARIETTA_3 671 493 450 269 1,180 875 889 678 16 8 12 6 70 39 43 22 2 1 0 0 31 15 26 11 153 86 3,543 2,503 MR3A
73 % 60 % 74 % 76 % 50 % 50 % 56 % 51 % 50 % 0 % 48 % 42 % 56 % 71 %
MARIETTA_4 34 25 21 13 956 824 775 667 12 8 6 4 4 3 4 3 0 0 1 1 5 2 5 3 57 38 1,880 1,591 MR4A
74 % 62 % 86 % 86 % 67 % 67 % 75 % 75 % 0 % 100 % 40 % 60 % 67 % 85 %
MARIETTA_4 328 229 170 101 819 570 660 474 33 23 27 18 40 23 32 15 1 1 1 0 19 10 21 9 163 82 2,314 1,555 MR4B
70 % 59 % 70 % 72 % 70 % 67 % 58 % 47 % 100 % 0 % 53 % 43 % 50 % 67 %
MARIETTA_4 164 135 116 90 1,122 930 990 819 28 18 20 13 16 11 16 12 1 1 0 0 24 18 22 12 92 52 2,611 2,111 MR4C
82 % 78 % 83 % 83 % 64 % 65 % 69 % 75 % 100 % 0 % 75 % 55 % 57 % 81 %
MARIETTA_5 507 347 309 169 290 191 218 154 11 9 10 9 36 17 26 15 2 1 1 1 15 8 7 2 94 37 1,526 960 MR5A
68 % 55 % 66 % 71 % 82 % 90 % 47 % 58 % 50 % 100 % 53 % 29 % 39 % 63 %
MARIETTA_5 538 374 367 199 312 204 288 181 13 7 12 7 39 21 28 10 2 2 0 0 23 14 12 7 123 45 1,757 1,071 MR5B
70 % 54 % 65 % 63 % 54 % 58 % 54 % 36 % 100 % 0 % 61 % 58 % 37 % 61 %
MARIETTA_6 644 400 468 239 298 204 278 169 8 3 11 9 67 31 53 25 0 0 0 0 25 12 10 4 164 68 2,026 1,164 MR6A
62 % 51 % 68 % 61 % 38 % 82 % 46 % 47 % 0 % 0 % 48 % 40 % 41 % 57 %
MARIETTA_6 213 184 173 129 921 745 753 597 46 20 52 21 25 17 25 19 0 0 0 0 23 18 26 17 120 72 2,377 1,839 MR6B
86 % 75 % 81 % 79 % 43 % 40 % 68 % 76 % 0 % 0 % 78 % 65 % 60 % 77 %
MARIETTA_7 1,002 614 640 335 414 254 363 215 12 5 17 8 61 29 50 17 1 0 1 0 30 20 29 14 246 94 2,866 1,605 MR7A
61 % 52 % 61 % 59 % 42 % 47 % 48 % 34 % 0 % 0 % 67 % 48 % 38 % 56 %
MARS_HILL 78 65 70 58 1,164 883 1,071 832 14 12 10 7 25 19 25 18 0 0 1 1 13 9 13 7 97 47 2,581 1,958 MS01
83 % 83 % 76 % 78 % 86 % 70 % 76 % 72 % 0 % 100 % 69 % 54 % 48 % 76 %
MARS_HILL 182 144 148 102 844 634 759 563 24 13 18 11 70 50 61 39 0 0 1 0 23 13 14 10 124 58 2,268 1,637 MS02
79 % 69 % 75 % 74 % 54 % 61 % 71 % 64 % 0 % 0 % 57 % 71 % 47 % 72 %
MT 0 0 0 1 0 0 0 0 0 0 0 0 0 0 0 0 0 0 0 0 0 0 0 0 0 0 0 1 MT
0 % 0 % 0 % 0 % 0 % 0 % 0 % 0 % 0 % 0 % 0 % 0 % 0 % 0 %
MT_BETHEL 49 39 43 38 1,735 1,401 1,602 1,271 53 23 50 29 31 29 24 16 0 0 0 0 34 27 19 15 140 92 3,780 2,980 MT01
80 % 88 % 81 % 79 % 43 % 58 % 94 % 67 % 0 % 0 % 79 % 79 % 66 % 79 %
MT_BETHEL 68 54 42 29 1,234 1,000 951 740 54 31 54 31 22 17 13 10 0 0 1 1 22 13 15 12 104 45 2,580 1,983 MT03
79 % 69 % 81 % 78 % 57 % 57 % 77 % 77 % 0 % 100 % 59 % 80 % 43 % 77 %
MT_BETHEL 42 38 40 29 1,192 985 1,121 930 49 33 39 25 13 10 14 9 0 0 1 1 40 28 22 19 122 70 2,695 2,177 MT04
90 % 73 % 83 % 83 % 67 % 64 % 77 % 64 % 0 % 100 % 70 % 86 % 57 % 81 %
NORTH_COBB 190 160 156 119 606 461 551 414 25 14 21 14 35 27 33 22 1 1 0 0 23 17 16 8 118 71 1,775 1,328 NC01
84 % 76 % 76 % 75 % 56 % 67 % 77 % 67 % 100 % 0 % 74 % 50 % 60 % 75 %
NICKAJACK 842 658 499 349 876 647 777 556 33 25 32 22 45 31 36 20 3 2 1 1 43 31 25 18 240 139 3,452 2,499 NJ01
78 % 70 % 74 % 72 % 76 % 69 % 69 % 56 % 67 % 100 % 72 % 72 % 58 % 72 %
NORTON_PAR 599 430 406 256 1,042 803 920 707 26 18 19 13 89 45 81 34 1 1 0 0 36 31 27 18 111 57 3,357 2,413 NP01
72 % 63 % 77 % 77 % 69 % 68 % 51 % 42 % 100 % 0 % 86 % 67 % 51 % 72 %
NSES 0 0 0 1 0 0 0 0 0 0 0 0 0 0 0 0 0 0 0 0 0 0 0 0 0 0 0 1 NSES
0 % 0 % 0 % 0 % 0 % 0 % 0 % 0 % 0 % 0 % 0 % 0 % 0 % 0 %
NICHOLSON 122 103 102 71 893 697 805 611 18 9 15 9 32 24 37 22 0 0 1 0 15 13 13 7 114 66 2,167 1,632 NS01
84 % 70 % 78 % 76 % 50 % 60 % 75 % 59 % 0 % 0 % 87 % 54 % 58 % 75 %
OAKDALE_01 440 337 277 186 1,086 852 941 747 37 26 41 28 30 19 19 13 0 0 0 0 31 22 31 23 130 75 3,063 2,328 OK01
77 % 67 % 78 % 79 % 70 % 68 % 63 % 68 % 0 % 0 % 71 % 74 % 58 % 76 %
OREGON_01 118 98 94 76 568 488 551 457 10 6 8 5 6 4 8 5 0 0 0 0 7 6 6 4 55 29 1,431 1,178 OR01
83 % 81 % 86 % 83 % 60 % 63 % 67 % 63 % 0 % 0 % 86 % 67 % 53 % 82 %
OREGON_02 762 624 496 360 532 411 452 341 19 10 13 8 69 37 61 35 2 1 0 0 38 30 19 10 126 60 2,589 1,927 OR02
82 % 73 % 77 % 75 % 53 % 62 % 54 % 57 % 50 % 0 % 79 % 53 % 48 % 74 %
OREGON_03 704 518 460 289 628 446 543 384 14 6 19 6 69 34 74 30 0 0 0 0 22 15 19 8 140 66 2,692 1,802 OR03
74 % 63 % 71 % 71 % 43 % 32 % 49 % 41 % 0 % 0 % 68 % 42 % 47 % 67 %
OREGON_04 826 676 587 417 441 334 349 261 5 3 10 5 74 45 57 31 2 1 1 1 30 22 19 11 129 68 2,530 1,875 OR04
82 % 71 % 76 % 75 % 60 % 50 % 61 % 54 % 50 % 100 % 73 % 58 % 53 % 74 %
OREGON_05 521 441 447 339 967 784 856 701 14 13 15 12 34 24 19 11 0 0 0 0 38 27 22 16 126 90 3,059 2,458 OR05
85 % 76 % 81 % 82 % 93 % 80 % 71 % 58 % 0 % 0 % 71 % 73 % 71 % 80 %
OREGON_06 638 533 467 375 490 403 410 327 18 15 23 16 62 30 43 27 1 1 1 1 31 18 22 16 110 64 2,316 1,826 OR06
84 % 80 % 82 % 80 % 83 % 70 % 48 % 63 % 100 % 100 % 58 % 73 % 58 % 79 %
PEBBLEBROO 1,497 1,245 1,039 722 497 356 433 310 11 8 8 5 85 55 70 43 2 0 1 1 41 27 25 18 164 89 3,873 2,879 PE01
83 % 69 % 72 % 72 % 73 % 63 % 65 % 61 % 0 % 100 % 66 % 72 % 54 % 74 %
POWERS_FER 201 150 158 104 1,202 942 1,063 825 41 23 30 20 51 32 40 25 0 0 0 0 27 22 29 20 142 82 2,984 2,245 PF01
75 % 66 % 78 % 78 % 56 % 67 % 63 % 63 % 0 % 0 % 81 % 69 % 58 % 75 %
PINE_MOUNT 91 82 78 63 1,051 895 1,009 828 31 19 26 21 14 6 25 18 0 0 0 0 12 11 17 13 116 80 2,470 2,036 PM01
90 % 81 % 85 % 82 % 61 % 81 % 43 % 72 % 0 % 0 % 92 % 76 % 69 % 82 %
PINE_MOUNT 56 46 43 39 1,071 905 1,017 854 18 14 17 8 23 15 18 13 0 0 0 0 18 12 11 8 110 71 2,402 1,985 PM02
82 % 91 % 85 % 84 % 78 % 47 % 65 % 72 % 0 % 0 % 67 % 73 % 65 % 83 %
POST_OAK_0 77 56 61 48 1,376 1,097 1,338 1,054 33 17 23 10 29 20 24 16 0 0 0 0 31 24 31 20 112 63 3,135 2,425 PO01
73 % 79 % 80 % 79 % 52 % 43 % 69 % 67 % 0 % 0 % 77 % 65 % 56 % 77 %
POPE_01 109 87 96 73 1,150 928 1,076 853 49 35 39 21 24 17 29 17 0 0 0 0 17 12 27 18 113 64 2,729 2,125 PP01
80 % 76 % 81 % 79 % 71 % 54 % 71 % 59 % 0 % 0 % 71 % 67 % 57 % 78 %
PALMER_01 147 117 136 90 900 724 825 652 31 20 28 15 33 24 20 17 0 0 1 0 10 9 17 13 110 52 2,258 1,733 PR01
80 % 66 % 80 % 79 % 65 % 54 % 73 % 85 % 0 % 0 % 90 % 76 % 47 % 77 %
POWDER_SPR 988 802 673 520 1,024 776 871 653 22 12 15 8 45 29 35 22 1 0 1 1 37 24 21 14 143 93 3,876 2,954 PS1A
81 % 77 % 76 % 75 % 55 % 53 % 64 % 63 % 0 % 100 % 65 % 67 % 65 % 76 %
POWDER_SPR 886 706 551 379 322 230 241 179 4 2 5 2 48 33 38 22 0 0 0 0 21 11 23 13 95 51 2,234 1,628 PS2A
80 % 69 % 71 % 74 % 50 % 40 % 69 % 58 % 0 % 0 % 52 % 57 % 54 % 73 %
POWDER_SPR 709 584 543 381 611 476 482 368 8 5 3 1 32 18 21 10 0 0 0 0 23 16 12 5 94 49 2,538 1,913 PS3A
82 % 70 % 78 % 76 % 63 % 33 % 56 % 48 % 0 % 0 % 70 % 42 % 52 % 75 %
PITNER_01 93 75 85 59 662 527 635 462 14 9 22 13 20 13 19 13 0 0 0 0 13 7 10 6 97 46 1,670 1,230 PT01
81 % 69 % 80 % 73 % 64 % 59 % 65 % 68 % 0 % 0 % 54 % 60 % 47 % 74 %
RD03 0 1 0 0 0 0 0 0 0 0 0 0 0 0 0 0 0 0 0 0 0 0 0 0 0 0 0 1 RD03
0 % 0 % 0 % 0 % 0 % 0 % 0 % 0 % 0 % 0 % 0 % 0 % 0 % 0 %
ROCKY_MOUN 114 93 112 97 1,200 984 1,112 894 56 38 42 25 22 19 21 16 0 0 0 0 33 28 18 10 149 88 2,879 2,292 RM01
82 % 87 % 82 % 80 % 68 % 60 % 86 % 76 % 0 % 0 % 85 % 56 % 59 % 80 %
RED_ROCK_0 64 55 57 44 972 799 907 757 7 4 3 2 11 7 10 5 0 0 1 1 8 5 7 5 79 44 2,126 1,728 RR01
86 % 77 % 82 % 83 % 57 % 67 % 64 % 50 % 0 % 100 % 63 % 71 % 56 % 81 %
RIVERSIDE 726 544 456 289 67 49 59 42 3 1 3 2 30 18 27 12 0 0 0 1 15 10 8 7 58 25 1,452 1,000 RS01
75 % 63 % 73 % 71 % 33 % 67 % 60 % 44 % 0 % 0 % 67 % 88 % 43 % 69 %
ROSWELL_01 33 28 33 26 1,192 1,001 1,151 941 20 9 23 14 18 16 14 13 0 0 0 0 19 17 13 11 119 72 2,635 2,148 RW01
85 % 79 % 84 % 82 % 45 % 61 % 89 % 93 % 0 % 0 % 89 % 85 % 61 % 82 %
ROSWELL_02 59 48 57 44 1,480 1,189 1,370 1,066 79 52 72 50 35 26 37 25 1 1 1 1 22 15 25 16 155 89 3,393 2,622 RW02
81 % 77 % 80 % 78 % 66 % 69 % 74 % 68 % 100 % 100 % 68 % 64 % 57 % 77 %
RW03 0 0 0 0 0 0 0 0 0 0 0 0 0 0 0 0 0 0 0 0 0 0 0 0 0 1 0 1 RW03
0 % 0 % 0 % 0 % 0 % 0 % 0 % 0 % 0 % 0 % 0 % 0 % 0 % 0 %
SANDY_PLAI 143 116 110 66 937 754 827 642 48 32 46 28 28 19 27 21 2 2 2 1 29 19 22 16 117 68 2,338 1,784 SA01
81 % 60 % 80 % 78 % 67 % 61 % 68 % 78 % 100 % 50 % 66 % 73 % 58 % 76 %
SHALLOWFOR 89 70 80 64 1,299 1,068 1,219 979 36 23 34 21 25 19 19 16 0 0 1 0 23 16 15 13 109 66 2,949 2,355 SF01
79 % 80 % 82 % 80 % 64 % 62 % 76 % 84 % 0 % 0 % 70 % 87 % 61 % 80 %
SIMPSON_01 39 34 34 28 738 596 671 521 38 26 31 20 20 12 12 7 0 0 0 0 16 9 14 10 90 62 1,703 1,325 SI01
87 % 82 % 81 % 78 % 68 % 65 % 60 % 58 % 0 % 0 % 56 % 71 % 69 % 78 %
SK 0 0 0 0 0 0 0 1 0 0 0 0 0 0 0 0 0 0 0 0 0 0 0 0 0 0 0 1 SK
0 % 0 % 0 % 0 % 0 % 0 % 0 % 0 % 0 % 0 % 0 % 0 % 0 % 0 %
SEWELL_MIL 99 82 80 66 1,138 952 1,057 851 123 68 125 78 29 22 24 13 2 2 1 1 36 23 37 22 158 81 2,909 2,261 SM01
83 % 83 % 84 % 81 % 55 % 62 % 76 % 54 % 100 % 100 % 64 % 59 % 51 % 78 %
SEWELL_MIL 563 399 329 211 1,287 938 1,100 811 54 24 33 16 68 37 47 24 0 0 0 0 45 25 35 16 270 140 3,831 2,641 SM03
71 % 64 % 73 % 74 % 44 % 48 % 54 % 51 % 0 % 0 % 56 % 46 % 52 % 69 %
SMYRNA_1A 865 641 568 349 662 461 580 404 26 17 28 11 65 33 47 24 2 2 2 0 43 29 27 13 202 105 3,117 2,089 SN1A
74 % 61 % 70 % 70 % 65 % 39 % 51 % 51 % 100 % 0 % 67 % 48 % 52 % 67 %
SMYRNA_2A 470 369 288 179 660 455 524 383 29 18 19 6 28 16 27 13 1 0 0 0 22 15 18 11 147 72 2,233 1,537 SN2A
79 % 62 % 69 % 73 % 62 % 32 % 57 % 48 % 0 % 0 % 68 % 61 % 49 % 69 %
SMYRNA_2B 512 393 336 211 391 258 252 152 15 7 9 5 27 16 22 12 1 1 1 0 27 17 8 2 145 73 1,746 1,147 SN2B
77 % 63 % 66 % 60 % 47 % 56 % 59 % 55 % 100 % 0 % 63 % 25 % 50 % 66 %
SMYRNA_3A 688 510 398 233 874 665 704 524 22 13 17 13 46 33 28 16 0 0 0 0 28 14 17 12 143 63 2,965 2,096 SN3A
74 % 59 % 76 % 74 % 59 % 76 % 72 % 57 % 0 % 0 % 50 % 71 % 44 % 71 %
SMYRNA_4A 595 458 382 261 1,307 998 1,015 796 25 15 25 19 49 32 37 25 2 1 0 0 32 25 29 21 168 84 3,666 2,735 SN4A
77 % 68 % 76 % 78 % 60 % 76 % 65 % 68 % 50 % 0 % 78 % 72 % 50 % 75 %
SMYRNA_5A 689 476 454 248 781 567 664 483 39 22 32 23 91 51 99 45 1 0 0 0 36 18 26 17 156 60 3,068 2,010 SN5A
69 % 55 % 73 % 73 % 56 % 72 % 56 % 45 % 0 % 0 % 50 % 65 % 38 % 66 %
SMYRNA_6A 716 553 464 308 1,452 1,167 1,358 1,064 62 43 61 40 38 26 23 12 0 0 1 0 43 26 33 21 189 117 4,440 3,377 SN6A
77 % 66 % 80 % 78 % 69 % 66 % 68 % 52 % 0 % 0 % 60 % 64 % 62 % 76 %
SMYRNA_7A 188 163 133 102 1,180 970 1,012 824 36 26 35 28 26 17 18 8 1 1 1 1 19 17 24 18 81 52 2,754 2,227 SN7A
87 % 77 % 82 % 81 % 72 % 80 % 65 % 44 % 100 % 100 % 89 % 75 % 64 % 81 %
SMYRNA_7B 850 751 589 486 1,622 1,287 1,494 1,177 120 77 109 62 74 62 42 35 2 1 4 2 60 37 44 34 261 168 5,271 4,179 SN7B
88 % 83 % 79 % 79 % 64 % 57 % 84 % 83 % 50 % 50 % 62 % 77 % 64 % 79 %
SOPE_CREEK 53 46 35 25 902 745 853 714 18 15 21 13 15 12 8 7 0 0 0 0 13 7 20 15 62 40 2,000 1,639 SO01
87 % 71 % 83 % 84 % 83 % 62 % 80 % 88 % 0 % 0 % 54 % 75 % 65 % 82 %
SOPE_CREEK 227 174 177 134 1,477 1,167 1,482 1,145 59 47 51 31 41 29 46 31 3 1 3 3 27 22 35 25 220 120 3,848 2,929 SO02
77 % 76 % 79 % 77 % 80 % 61 % 71 % 67 % 33 % 100 % 81 % 71 % 55 % 76 %
SOPE_CREEK 108 87 40 32 1,113 883 978 755 51 25 36 14 25 17 10 7 1 1 0 0 19 13 23 11 120 60 2,524 1,905 SO03
81 % 80 % 79 % 77 % 49 % 39 % 68 % 70 % 100 % 0 % 68 % 48 % 50 % 75 %
SS15B 0 0 0 0 0 1 0 0 0 0 0 0 0 0 0 0 0 0 0 0 0 0 0 0 0 0 0 1 SS15B
0 % 0 % 0 % 0 % 0 % 0 % 0 % 0 % 0 % 0 % 0 % 0 % 0 % 0 %
SWEETWATER 542 460 396 313 689 553 634 498 10 7 4 2 46 32 31 21 2 2 0 0 27 22 16 15 70 43 2,467 1,968 SW01
85 % 79 % 80 % 79 % 70 % 50 % 70 % 68 % 100 % 0 % 81 % 94 % 61 % 80 %
SWEETWATER 909 659 451 280 504 332 328 238 16 10 4 3 46 26 34 9 0 0 0 0 26 12 11 8 120 49 2,449 1,626 SW02
72 % 62 % 66 % 73 % 63 % 75 % 57 % 26 % 0 % 0 % 46 % 73 % 41 % 66 %
SW03 0 1 0 0 0 0 0 0 0 0 0 0 0 0 0 0 0 0 0 0 0 0 0 0 0 0 0 1 SW03
0 % 0 % 0 % 0 % 0 % 0 % 0 % 0 % 0 % 0 % 0 % 0 % 0 % 0 %
SPRAYBERRY 161 124 126 82 862 705 756 603 27 14 16 10 32 19 21 13 0 0 1 1 11 9 19 13 121 65 2,153 1,658 SY01
77 % 65 % 82 % 80 % 52 % 63 % 59 % 62 % 0 % 100 % 82 % 68 % 54 % 77 %
TERRELL_MI 1,085 762 633 389 1,028 790 807 612 34 20 36 17 77 56 61 36 1 1 1 2 58 39 36 25 316 158 4,173 2,907 TM01
70 % 61 % 77 % 76 % 59 % 47 % 73 % 59 % 100 % 200 % 67 % 69 % 50 % 70 %
TIMBER_RID 27 21 32 22 1,060 874 1,021 826 35 26 28 18 19 11 6 6 0 0 1 0 15 14 14 9 87 54 2,345 1,881 TR01
78 % 69 % 82 % 81 % 74 % 64 % 58 % 100 % 0 % 0 % 93 % 64 % 62 % 80 %
TRITT_01 53 46 57 51 1,408 1,156 1,387 1,135 34 22 32 24 32 26 21 15 0 0 0 0 28 19 26 17 128 77 3,206 2,588 TT01
87 % 89 % 82 % 82 % 65 % 75 % 81 % 71 % 0 % 0 % 68 % 65 % 60 % 81 %
VAUGHAN_01 117 96 105 70 1,239 986 1,132 920 14 8 10 6 22 15 17 15 1 0 0 0 12 9 12 10 94 60 2,775 2,195 VA01
82 % 67 % 80 % 81 % 57 % 60 % 68 % 88 % 0 % 0 % 75 % 83 % 64 % 79 %
VININGS_01 177 134 112 84 615 467 488 359 12 7 14 3 18 8 8 4 0 0 0 0 15 11 9 3 92 45 1,560 1,125 VG01
76 % 75 % 76 % 74 % 58 % 21 % 44 % 50 % 0 % 0 % 73 % 33 % 49 % 72 %
VININGS_02 861 659 496 343 1,509 1,077 1,283 860 52 38 33 19 45 32 50 26 1 0 2 2 54 41 25 16 388 209 4,799 3,322 VG02
77 % 69 % 71 % 67 % 73 % 58 % 71 % 52 % 0 % 100 % 76 % 64 % 54 % 69 %
VININGS_03 618 496 346 252 1,073 867 942 732 39 26 31 19 29 17 19 15 0 0 1 1 43 29 19 14 170 97 3,330 2,565 VG03
80 % 73 % 81 % 78 % 67 % 61 % 59 % 79 % 0 % 100 % 67 % 74 % 57 % 77 %
VININGS_04 231 195 114 83 1,230 1,014 1,123 922 11 8 13 6 24 16 17 8 1 0 0 0 19 14 8 8 110 65 2,901 2,339 VG04
84 % 73 % 82 % 82 % 73 % 46 % 67 % 47 % 0 % 0 % 74 % 100 % 59 % 81 %
WADE_GREEN 254 213 219 157 938 761 891 666 18 10 24 13 44 26 33 21 1 1 0 0 29 18 19 12 152 87 2,622 1,985 WG01
84 % 72 % 81 % 75 % 56 % 54 % 59 % 64 % 100 % 0 % 62 % 63 % 57 % 76 %
WADE_GREEN 265 205 223 172 560 448 517 393 27 17 22 13 39 26 33 17 1 0 0 0 20 13 10 6 130 71 1,847 1,381 WG02
77 % 77 % 80 % 76 % 63 % 59 % 67 % 52 % 0 % 0 % 65 % 60 % 55 % 75 %
WILLEO_01 62 52 57 42 1,173 954 1,146 912 26 21 26 16 15 15 12 8 1 0 0 0 21 13 19 13 93 57 2,651 2,103 WL01
84 % 74 % 81 % 80 % 81 % 62 % 100 % 67 % 0 % 0 % 62 % 68 % 61 % 79 %
WN 0 0 0 0 0 0 0 0 0 0 0 0 0 0 0 0 0 0 0 0 0 0 0 0 0 1 0 1 WN
0 % 0 % 0 % 0 % 0 % 0 % 0 % 0 % 0 % 0 % 0 % 0 % 0 % 0 %
007 0 0 0 0 0 1 0 0 0 0 0 0 0 0 0 0 0 0 0 0 0 0 0 0 0 0 0 1 007
0 % 0 % 0 % 0 % 0 % 0 % 0 % 0 % 0 % 0 % 0 % 0 % 0 % 0 %
024 0 0 0 0 0 0 0 1 0 0 0 0 0 0 0 0 0 0 0 0 0 0 0 0 0 0 0 1 024
0 % 0 % 0 % 0 % 0 % 0 % 0 % 0 % 0 % 0 % 0 % 0 % 0 % 0 %
027 0 0 0 1 0 0 0 0 0 0 0 0 0 0 0 0 0 0 0 0 0 0 0 0 0 0 0 1 027
0 % 0 % 0 % 0 % 0 % 0 % 0 % 0 % 0 % 0 % 0 % 0 % 0 % 0 %
03 0 1 0 0 0 0 0 0 0 0 0 0 0 0 0 0 0 0 0 0 0 0 0 0 0 0 0 1 03
0 % 0 % 0 % 0 % 0 % 0 % 0 % 0 % 0 % 0 % 0 % 0 % 0 % 0 %
06B 0 0 0 1 0 0 0 0 0 0 0 0 0 0 0 0 0 0 0 0 0 0 0 0 0 0 0 1 06B
0 % 0 % 0 % 0 % 0 % 0 % 0 % 0 % 0 % 0 % 0 % 0 % 0 % 0 %
09A 0 0 0 0 0 0 0 1 0 0 0 0 0 0 0 0 0 0 0 0 0 0 0 0 0 0 0 1 09A
0 % 0 % 0 % 0 % 0 % 0 % 0 % 0 % 0 % 0 % 0 % 0 % 0 % 0 %
105 0 0 0 1 0 0 0 0 0 0 0 0 0 0 0 0 0 0 0 0 0 0 0 0 0 0 0 1 105
0 % 0 % 0 % 0 % 0 % 0 % 0 % 0 % 0 % 0 % 0 % 0 % 0 % 0 %
11G 0 1 0 0 0 0 0 0 0 0 0 0 0 0 0 0 0 0 0 0 0 0 0 0 0 0 0 1 11G
0 % 0 % 0 % 0 % 0 % 0 % 0 % 0 % 0 % 0 % 0 % 0 % 0 % 0 %
111 0 0 0 0 0 0 0 0 0 0 0 0 0 0 0 0 0 0 0 0 0 0 0 0 0 1 0 1 111
0 % 0 % 0 % 0 % 0 % 0 % 0 % 0 % 0 % 0 % 0 % 0 % 0 % 0 %
119 0 0 0 0 0 0 0 1 0 0 0 0 0 0 0 0 0 0 0 0 0 0 0 0 0 0 0 1 119
0 % 0 % 0 % 0 % 0 % 0 % 0 % 0 % 0 % 0 % 0 % 0 % 0 % 0 %
12B 0 0 0 0 0 1 0 0 0 0 0 0 0 0 0 0 0 0 0 0 0 0 0 0 0 0 0 1 12B
0 % 0 % 0 % 0 % 0 % 0 % 0 % 0 % 0 % 0 % 0 % 0 % 0 % 0 %
1258 0 0 0 1 0 0 0 0 0 0 0 0 0 0 0 0 0 0 0 0 0 0 0 0 0 0 0 1 1258
0 % 0 % 0 % 0 % 0 % 0 % 0 % 0 % 0 % 0 % 0 % 0 % 0 % 0 %
42 0 0 0 0 0 1 0 0 0 0 0 0 0 0 0 0 0 0 0 0 0 0 0 0 0 0 0 1 42
0 % 0 % 0 % 0 % 0 % 0 % 0 % 0 % 0 % 0 % 0 % 0 % 0 % 0 %
5B 0 0 0 0 0 1 0 0 0 0 0 0 0 0 0 0 0 0 0 0 0 0 0 0 0 0 0 1 5B
0 % 0 % 0 % 0 % 0 % 0 % 0 % 0 % 0 % 0 % 0 % 0 % 0 % 0 %
6-11C 0 0 0 0 0 0 0 1 0 0 0 0 0 0 0 0 0 0 0 0 0 0 0 0 0 0 0 1 6-11C
0 % 0 % 0 % 0 % 0 % 0 % 0 % 0 % 0 % 0 % 0 % 0 % 0 % 0 %
990 0 0 0 0 0 1 0 0 0 0 0 0 0 0 0 0 0 0 0 0 0 0 0 0 0 0 0 1 990
0 % 0 % 0 % 0 % 0 % 0 % 0 % 0 % 0 % 0 % 0 % 0 % 0 % 0 %
TOTALS 60,431 46,883 41,309 28,270 140,658110,512 125,494 97,234 4,476 2,701 3,940 2,315 6,104 3,927 4,903 2,803 103 62 88 51 3,895 2,664 3,024 1,971 20,612 11,128 415,037 310,521 990
78 % 68 % 79 % 77 % 60 % 59 % 64 % 57 % 60 % 58 % 68 % 65 % 54 % 75 %