EM6 0 1 0 0 0 0 0 0 0 0 0 0 0 0 0 0 0 0 0 0 0 0 0 0 0 0 0 1 EM6
0 % 0 % 0 % 0 % 0 % 0 % 0 % 0 % 0 % 0 % 0 % 0 % 0 % 0 %
MR1A 0 0 0 0 0 0 0 0 0 0 0 0 0 0 0 0 0 0 0 0 0 0 0 0 0 1 0 1 MR1A
0 % 0 % 0 % 0 % 0 % 0 % 0 % 0 % 0 % 0 % 0 % 0 % 0 % 0 %
NEW_L 0 0 0 0 0 1 0 0 0 0 0 0 0 0 0 0 0 0 0 0 0 0 0 0 0 0 0 1 NEW_L
0 % 0 % 0 % 0 % 0 % 0 % 0 % 0 % 0 % 0 % 0 % 0 % 0 % 0 %
0001 0 0 0 0 0 1 0 0 0 0 0 0 0 0 0 0 0 0 0 0 0 0 0 0 0 0 0 1 0001
0 % 0 % 0 % 0 % 0 % 0 % 0 % 0 % 0 % 0 % 0 % 0 % 0 % 0 %
0003 0 1 0 0 0 0 0 1 0 0 0 0 0 0 0 0 0 0 0 0 0 0 0 0 0 0 0 2 0003
0 % 0 % 0 % 0 % 0 % 0 % 0 % 0 % 0 % 0 % 0 % 0 % 0 % 0 %
07 0 1 0 0 0 0 0 0 0 0 0 0 0 0 0 0 0 0 0 0 0 0 0 0 0 0 0 1 07
0 % 0 % 0 % 0 % 0 % 0 % 0 % 0 % 0 % 0 % 0 % 0 % 0 % 0 %
DOUGLAS 2,401 1,941 1,641 1,078 4,813 3,566 4,026 2,999 36 20 26 17 124 56 133 51 3 1 1 1 27 13 27 12 147 76 13,405 9,831 1
81 % 66 % 74 % 74 % 56 % 65 % 45 % 38 % 33 % 100 % 48 % 44 % 52 % 73 %
1529 0 1 0 0 0 0 0 0 0 0 0 0 0 0 0 0 0 0 0 0 0 0 0 0 0 0 0 1 1529
0 % 0 % 0 % 0 % 0 % 0 % 0 % 0 % 0 % 0 % 0 % 0 % 0 % 0 %
1753 0 1 0 0 0 0 0 0 0 0 0 0 0 0 0 0 0 0 0 0 0 0 0 0 0 0 0 1 1753
0 % 0 % 0 % 0 % 0 % 0 % 0 % 0 % 0 % 0 % 0 % 0 % 0 % 0 %
AMBROSE 186 140 124 81 700 544 621 465 1 1 0 0 17 6 16 10 0 0 0 0 4 2 0 1 13 6 1,682 1,256 2
75 % 65 % 78 % 75 % 100 % 0 % 35 % 63 % 0 % 0 % 50 % 0 % 46 % 75 %
BRIDGETOWN 36 30 29 20 84 74 101 86 0 0 0 0 2 2 5 3 0 0 0 0 0 0 1 1 2 1 260 217 3
83 % 69 % 88 % 85 % 0 % 0 % 100 % 60 % 0 % 0 % 0 % 100 % 50 % 83 %
BROXTON 255 192 186 114 841 628 723 546 8 4 2 1 16 6 13 6 2 1 1 1 3 0 3 0 21 10 2,074 1,509 4
75 % 61 % 75 % 76 % 50 % 50 % 38 % 46 % 50 % 100 % 0 % 0 % 48 % 73 %
402 0 0 0 0 0 0 0 0 0 0 0 1 0 0 0 0 0 0 0 0 0 0 0 0 0 0 0 1 402
0 % 0 % 0 % 0 % 0 % 0 % 0 % 0 % 0 % 0 % 0 % 0 % 0 % 0 %
404 0 0 0 0 0 1 0 1 0 0 0 0 0 0 0 0 0 0 0 0 0 0 0 0 0 0 0 2 404
0 % 0 % 0 % 0 % 0 % 0 % 0 % 0 % 0 % 0 % 0 % 0 % 0 % 0 %
NICHOLLS 186 135 142 86 673 450 569 393 1 1 0 0 17 10 29 14 0 0 0 0 4 1 5 2 28 14 1,654 1,106 5
73 % 61 % 67 % 69 % 100 % 0 % 59 % 48 % 0 % 0 % 25 % 40 % 50 % 67 %
WEST_GREEN 10 8 17 11 391 322 357 286 1 0 0 0 0 0 1 1 0 0 0 0 0 0 0 0 4 3 781 631 6
80 % 65 % 82 % 80 % 0 % 0 % 0 % 100 % 0 % 0 % 0 % 0 % 75 % 81 %
97 0 0 0 1 0 0 0 0 0 0 0 0 0 0 0 0 0 0 0 0 0 0 0 0 0 0 0 1 97
0 % 0 % 0 % 0 % 0 % 0 % 0 % 0 % 0 % 0 % 0 % 0 % 0 % 0 %
TOTALS 3,074 2,451 2,139 1,391 7,502 5,587 6,397 4,777 47 26 28 19 176 80 197 85 5 2 2 2 38 16 36 16 215 111 19,856 14,563 97
80 % 65 % 74 % 75 % 55 % 68 % 45 % 43 % 40 % 100 % 42 % 44 % 52 % 73 %