CS 0 0 0 0 0 1 0 0 0 0 0 0 0 0 0 0 0 0 0 0 0 0 0 0 0 0 0 1 CS
0 % 0 % 0 % 0 % 0 % 0 % 0 % 0 % 0 % 0 % 0 % 0 % 0 % 0 %
DE 0 1 0 0 0 0 0 0 0 0 0 0 0 0 0 0 0 0 0 0 0 0 0 0 0 0 0 1 DE
0 % 0 % 0 % 0 % 0 % 0 % 0 % 0 % 0 % 0 % 0 % 0 % 0 % 0 %
SHAW 1,315 851 887 411 302 189 255 159 0 0 2 1 26 9 20 6 0 0 0 0 9 4 2 1 110 46 2,928 1,677 0001
65 % 46 % 63 % 62 % 0 % 50 % 35 % 30 % 0 % 0 % 44 % 50 % 42 % 57 %
MOULTRIE 687 447 462 239 1,438 992 1,109 787 8 3 15 8 30 14 27 6 0 0 1 0 11 7 11 3 140 74 3,939 2,580 0002
65 % 52 % 69 % 71 % 38 % 53 % 47 % 22 % 0 % 0 % 64 % 27 % 53 % 65 %
AUTREYVILL 88 63 53 35 441 316 407 282 5 3 0 0 16 7 22 6 0 0 0 0 6 3 1 1 35 14 1,074 730 0007
72 % 66 % 72 % 69 % 60 % 0 % 44 % 27 % 0 % 0 % 50 % 100 % 40 % 68 %
BRIDGECREE 27 20 19 11 420 324 393 302 0 0 0 0 7 1 7 1 0 0 0 0 0 0 2 2 36 22 911 683 0008
74 % 58 % 77 % 77 % 0 % 0 % 14 % 14 % 0 % 0 % 0 % 100 % 61 % 75 %
CROSLAND 25 21 17 12 82 59 68 52 1 1 0 0 5 2 7 1 0 0 0 0 1 1 2 1 5 4 213 154 0009
84 % 71 % 72 % 76 % 100 % 0 % 40 % 14 % 0 % 0 % 100 % 50 % 80 % 72 %
DOERUN 129 98 87 47 174 140 155 124 0 0 2 0 1 0 0 0 0 0 0 0 6 2 3 2 16 8 573 421 0010
76 % 54 % 80 % 80 % 0 % 0 % 0 % 0 % 0 % 0 % 33 % 67 % 50 % 73 %
FUNSTON 43 32 40 23 391 309 317 263 0 0 0 0 8 4 10 3 0 0 0 0 3 3 0 0 18 7 830 644 0011
74 % 58 % 79 % 83 % 0 % 0 % 50 % 30 % 0 % 0 % 100 % 0 % 39 % 78 %
HAMILTON 12 10 7 4 286 199 263 198 0 0 0 0 4 1 5 2 0 0 0 0 3 3 3 3 25 10 608 430 0012
83 % 57 % 70 % 75 % 0 % 0 % 25 % 40 % 0 % 0 % 100 % 100 % 40 % 71 %
HARTSFIELD 2 3 3 0 163 129 158 116 0 0 0 0 1 0 1 1 0 0 0 0 0 0 0 0 11 5 339 254 0013
150 % 0 % 79 % 73 % 0 % 0 % 0 % 100 % 0 % 0 % 0 % 0 % 45 % 75 %
HOPEWELL 42 32 32 24 573 431 494 363 4 4 1 1 20 6 12 3 0 0 1 1 2 1 1 1 48 22 1,230 889 0014
76 % 75 % 75 % 73 % 100 % 100 % 30 % 25 % 0 % 100 % 50 % 100 % 46 % 72 %
LEE 48 30 39 23 339 253 309 219 2 2 3 2 11 3 8 3 0 0 0 0 4 1 2 1 32 16 797 553 0015
63 % 59 % 75 % 71 % 100 % 67 % 27 % 38 % 0 % 0 % 25 % 50 % 50 % 69 %
MILLCREEK 5 4 9 2 176 138 127 101 0 0 0 0 1 0 0 0 0 0 0 0 3 3 0 0 13 4 334 252 0016
80 % 22 % 78 % 80 % 0 % 0 % 0 % 0 % 0 % 0 % 100 % 0 % 31 % 75 %
MONK 79 60 58 37 514 390 426 315 0 0 3 1 8 2 6 1 0 0 0 0 1 0 2 1 50 23 1,147 830 0017
76 % 64 % 76 % 74 % 0 % 33 % 25 % 17 % 0 % 0 % 0 % 50 % 46 % 72 %
MURPHY 11 9 10 8 379 295 356 277 2 1 2 2 3 1 0 1 0 0 0 0 2 0 1 0 22 14 788 608 0018
82 % 80 % 78 % 78 % 50 % 100 % 33 % 0 % 0 % 0 % 0 % 0 % 64 % 77 %
NORMAN_PAR 178 127 114 58 766 534 652 474 4 1 0 0 27 12 25 9 0 0 0 0 3 1 1 0 55 21 1,825 1,237 0019
71 % 51 % 70 % 73 % 25 % 0 % 44 % 36 % 0 % 0 % 33 % 0 % 38 % 68 %
ROBINSON 38 24 31 16 320 242 303 212 0 0 1 0 10 4 5 3 0 0 0 0 3 2 2 1 35 15 748 519 0020
63 % 52 % 76 % 70 % 0 % 0 % 40 % 60 % 0 % 0 % 67 % 50 % 43 % 69 %
THIGPEN 7 5 8 5 96 75 89 64 1 0 2 0 0 0 0 0 0 0 0 0 0 0 0 0 8 4 211 153 0021
71 % 63 % 78 % 72 % 0 % 0 % 0 % 0 % 0 % 0 % 0 % 0 % 50 % 73 %
TYTY 2 1 6 3 155 116 153 105 0 0 0 0 10 2 9 1 0 0 0 0 0 0 0 0 18 7 353 235 0022
50 % 50 % 75 % 69 % 0 % 0 % 20 % 11 % 0 % 0 % 0 % 0 % 39 % 67 %
WARRIOR 16 11 13 8 350 257 306 227 0 0 0 0 9 1 14 6 0 0 0 0 1 1 1 1 26 11 736 523 0023
69 % 62 % 73 % 74 % 0 % 0 % 11 % 43 % 0 % 0 % 100 % 100 % 42 % 71 %
01 0 0 0 0 0 0 0 1 0 0 0 0 0 0 0 0 0 0 0 0 0 0 0 0 0 0 0 1 01
0 % 0 % 0 % 0 % 0 % 0 % 0 % 0 % 0 % 0 % 0 % 0 % 0 % 0 %
085 0 0 0 0 0 0 0 1 0 0 0 0 0 0 0 0 0 0 0 0 0 0 0 0 0 0 0 1 085
0 % 0 % 0 % 0 % 0 % 0 % 0 % 0 % 0 % 0 % 0 % 0 % 0 % 0 %
1 0 1 0 0 0 0 0 0 0 0 0 0 0 0 0 0 0 0 0 0 0 0 0 0 0 0 0 1 1
0 % 0 % 0 % 0 % 0 % 0 % 0 % 0 % 0 % 0 % 0 % 0 % 0 % 0 %
12 0 0 0 0 0 1 0 0 0 0 0 0 0 0 0 0 0 0 0 0 0 0 0 0 0 0 0 1 12
0 % 0 % 0 % 0 % 0 % 0 % 0 % 0 % 0 % 0 % 0 % 0 % 0 % 0 %
1712 0 1 0 0 0 0 0 0 0 0 0 0 0 0 0 0 0 0 0 0 0 0 0 0 0 0 0 1 1712
0 % 0 % 0 % 0 % 0 % 0 % 0 % 0 % 0 % 0 % 0 % 0 % 0 % 0 %
4B 0 0 0 0 0 0 0 0 0 0 0 0 0 0 0 0 0 0 0 0 0 0 0 0 0 1 0 1 4B
0 % 0 % 0 % 0 % 0 % 0 % 0 % 0 % 0 % 0 % 0 % 0 % 0 % 0 %
TOTALS 2,754 1,851 1,895 966 7,365 5,390 6,340 4,642 27 15 31 15 197 69 178 53 0 0 2 1 58 32 34 18 703 328 19,584 13,380 4B
67 % 51 % 73 % 73 % 56 % 48 % 35 % 30 % 0 % 50 % 55 % 53 % 47 % 68 %