GF6 0 1 0 0 0 0 0 0 0 0 0 0 0 0 0 0 0 0 0 0 0 0 0 0 0 0 0 1 GF6
0 % 0 % 0 % 0 % 0 % 0 % 0 % 0 % 0 % 0 % 0 % 0 % 0 % 0 %
KIOKEE_BAP 47 35 44 30 956 768 886 697 12 10 4 3 5 2 4 4 0 0 0 0 3 3 6 3 91 60 2,058 1,615 010
74 % 68 % 80 % 79 % 83 % 75 % 40 % 100 % 0 % 0 % 100 % 50 % 66 % 78 %
LEWIS_METH 215 188 195 142 1,122 867 988 751 33 16 18 10 21 14 29 24 0 0 0 0 18 12 10 6 291 210 2,940 2,240 015
87 % 73 % 77 % 76 % 48 % 56 % 67 % 83 % 0 % 0 % 67 % 60 % 72 % 76 %
WOODLAWN_B 42 40 39 35 394 336 389 326 8 6 8 6 10 7 3 1 0 0 0 0 3 2 2 2 60 48 958 809 016
95 % 90 % 85 % 84 % 75 % 75 % 70 % 33 % 0 % 0 % 67 % 100 % 80 % 84 %
PATRIOTS_P 215 165 162 125 1,196 885 995 738 31 21 21 9 43 28 28 18 3 3 1 0 14 7 10 7 327 212 3,046 2,218 017
77 % 77 % 74 % 74 % 68 % 43 % 65 % 64 % 100 % 0 % 50 % 70 % 65 % 73 %
HARLEM_MID 116 93 80 52 664 491 585 417 6 3 3 2 11 4 7 3 0 0 2 2 6 1 8 4 71 45 1,559 1,117 020
80 % 65 % 74 % 71 % 50 % 67 % 36 % 43 % 0 % 100 % 17 % 50 % 63 % 72 %
HARLEM_BAP 255 209 189 140 399 288 324 236 5 4 1 0 7 6 7 5 2 1 0 0 6 4 2 1 68 41 1,265 935 021
82 % 74 % 72 % 73 % 80 % 0 % 86 % 71 % 50 % 0 % 67 % 50 % 60 % 74 %
BESSIE_THO 74 60 56 33 726 554 667 505 0 0 3 2 5 4 1 0 0 0 0 0 5 4 2 2 61 43 1,600 1,207 025
81 % 59 % 76 % 76 % 0 % 67 % 80 % 0 % 0 % 0 % 80 % 100 % 70 % 75 %
PHILADELPH 158 136 119 91 469 365 419 320 2 1 4 3 8 7 8 5 1 1 0 0 3 1 0 0 95 67 1,286 997 026
86 % 76 % 78 % 76 % 50 % 75 % 88 % 63 % 100 % 0 % 33 % 0 % 71 % 78 %
GROVETOWN 440 330 329 219 810 514 670 420 16 8 6 2 46 29 35 19 1 0 1 1 16 7 16 7 249 144 2,635 1,700 030
75 % 67 % 63 % 63 % 50 % 33 % 63 % 54 % 0 % 100 % 44 % 44 % 58 % 65 %
GROVETOWN 335 239 264 176 525 310 396 238 14 9 3 2 38 21 30 19 0 0 1 1 19 11 11 8 187 105 1,823 1,139 031
71 % 67 % 59 % 60 % 64 % 67 % 55 % 63 % 0 % 100 % 58 % 73 % 56 % 62 %
G_A_APOSTO 105 87 88 60 526 397 446 339 14 11 3 2 9 4 8 8 0 0 0 0 6 3 4 4 82 46 1,291 961 032
83 % 68 % 75 % 76 % 79 % 67 % 44 % 100 % 0 % 0 % 50 % 100 % 56 % 74 %
GROVETOWN 486 365 356 248 933 605 721 474 25 12 11 5 70 30 31 21 1 1 0 0 20 14 25 11 324 196 3,003 1,982 033
75 % 70 % 65 % 66 % 48 % 45 % 43 % 68 % 100 % 0 % 70 % 44 % 60 % 66 %
EUBANK/BLA 101 85 66 49 419 323 401 299 2 1 4 3 6 3 0 0 0 0 0 0 4 4 1 1 56 39 1,060 807 040
84 % 74 % 77 % 75 % 50 % 75 % 50 % 0 % 0 % 0 % 100 % 100 % 70 % 76 %
G_W_JONES 225 191 150 124 95 77 108 81 0 0 1 1 0 0 1 1 0 0 0 0 1 0 3 2 28 16 612 493 050
85 % 83 % 81 % 75 % 0 % 100 % 0 % 100 % 0 % 0 % 0 % 67 % 57 % 81 %
DAMASCUS_B 8 7 2 2 381 301 341 277 1 1 3 2 3 3 3 2 1 1 1 1 3 3 2 2 33 22 782 624 051
88 % 100 % 79 % 81 % 100 % 67 % 100 % 67 % 100 % 100 % 100 % 100 % 67 % 80 %
COL_CTY_BO 158 132 102 79 690 530 626 475 18 12 12 3 19 15 20 10 0 0 1 1 18 10 5 2 119 58 1,788 1,327 060
84 % 77 % 77 % 76 % 67 % 25 % 79 % 50 % 0 % 100 % 56 % 40 % 49 % 74 %
GREENBRIER 45 35 42 31 673 537 621 491 8 5 6 4 6 4 9 5 1 1 0 0 3 2 2 3 151 116 1,567 1,234 061
78 % 74 % 80 % 79 % 63 % 67 % 67 % 56 % 100 % 0 % 67 % 150 % 77 % 79 %
REDEEMER_C 202 171 175 129 1,090 862 1,019 809 35 19 27 16 22 15 12 5 1 0 1 1 25 20 17 12 248 177 2,874 2,236 062
85 % 74 % 79 % 79 % 54 % 59 % 68 % 42 % 0 % 100 % 80 % 71 % 71 % 78 %
RIVERSIDE 83 72 75 53 525 409 479 348 11 6 7 5 12 9 10 4 1 0 0 0 7 3 8 3 53 36 1,271 948 063
87 % 71 % 78 % 73 % 55 % 71 % 75 % 40 % 0 % 0 % 43 % 38 % 68 % 75 %
GRACE_BAPT 293 245 253 184 850 654 791 597 39 22 29 19 28 12 20 11 0 0 0 0 21 14 21 13 223 160 2,568 1,931 064
84 % 73 % 77 % 75 % 56 % 66 % 43 % 55 % 0 % 0 % 67 % 62 % 72 % 75 %
CHRIST_SAN 177 138 138 92 835 633 747 583 21 14 7 3 20 16 11 6 0 0 0 0 12 9 11 8 129 81 2,108 1,583 065
78 % 67 % 76 % 78 % 67 % 43 % 80 % 55 % 0 % 0 % 75 % 73 % 63 % 75 %
BLANCHARD 69 59 55 36 685 506 552 413 15 10 4 1 10 7 6 3 1 0 0 0 9 7 6 3 100 60 1,512 1,105 070
86 % 65 % 74 % 75 % 67 % 25 % 70 % 50 % 0 % 0 % 78 % 50 % 60 % 73 %
MTZ_COL_FI 193 160 130 90 649 453 544 350 17 9 9 2 21 11 7 6 0 0 1 0 14 10 9 3 151 96 1,745 1,190 074
83 % 69 % 70 % 64 % 53 % 22 % 52 % 86 % 0 % 0 % 71 % 33 % 64 % 68 %
BROOKWOOD 166 145 135 104 703 554 660 500 28 21 19 13 16 9 16 10 0 0 1 0 15 9 7 4 133 91 1,899 1,460 075
87 % 77 % 79 % 76 % 75 % 68 % 56 % 63 % 0 % 0 % 60 % 57 % 68 % 77 %
MARVIN_MET 173 130 108 70 651 492 612 448 21 13 19 11 10 4 7 2 0 0 0 0 11 4 5 1 150 74 1,767 1,249 076
75 % 65 % 76 % 73 % 62 % 58 % 40 % 29 % 0 % 0 % 36 % 20 % 49 % 71 %
WESTSIDE_B 57 50 53 39 632 501 597 462 25 14 17 9 10 7 11 7 1 0 1 1 7 4 10 6 91 53 1,512 1,153 080
88 % 74 % 79 % 77 % 56 % 53 % 70 % 64 % 0 % 100 % 57 % 60 % 58 % 76 %
TRINITY_BA 38 31 33 23 480 350 398 279 11 8 3 0 9 8 12 8 0 0 0 0 5 4 6 2 85 52 1,080 765 085
82 % 70 % 73 % 70 % 73 % 0 % 89 % 67 % 0 % 0 % 80 % 33 % 61 % 71 %
ABILENE_BA 123 102 94 75 782 588 674 511 14 5 7 4 20 10 5 1 0 0 0 0 10 7 6 3 118 56 1,853 1,362 090
83 % 80 % 75 % 76 % 36 % 57 % 50 % 20 % 0 % 0 % 70 % 50 % 47 % 74 %
AUGUSTA_CH 104 83 74 46 838 632 682 492 32 20 28 21 17 14 8 5 0 0 1 0 13 7 11 5 140 79 1,948 1,404 100
80 % 62 % 75 % 72 % 63 % 75 % 82 % 63 % 0 % 0 % 54 % 45 % 56 % 72 %
STEVENS_CR 25 24 19 17 608 513 573 473 55 42 63 40 11 7 7 7 1 1 0 0 23 10 23 15 75 53 1,483 1,202 105
96 % 89 % 84 % 83 % 76 % 63 % 64 % 100 % 100 % 0 % 43 % 65 % 71 % 81 %
SAVANNAH_R 32 25 29 19 618 516 572 478 40 25 39 27 9 8 1 1 0 0 0 0 11 8 12 8 74 52 1,437 1,167 106
78 % 66 % 83 % 84 % 63 % 69 % 89 % 100 % 0 % 0 % 73 % 67 % 70 % 81 %
GOSPEL_WAT 120 102 100 81 444 355 432 340 23 12 15 9 7 4 7 3 1 1 0 0 7 4 8 6 77 53 1,241 970 107
85 % 81 % 80 % 79 % 52 % 60 % 57 % 43 % 100 % 0 % 57 % 75 % 69 % 78 %
GENESIS_CH 68 52 56 40 651 537 624 497 52 36 41 25 13 8 9 4 0 0 2 1 15 9 17 10 118 80 1,666 1,299 108
76 % 71 % 82 % 80 % 69 % 61 % 62 % 44 % 0 % 50 % 60 % 59 % 68 % 78 %
STEVENS_CR 42 36 25 24 456 371 405 323 20 15 25 18 3 2 1 0 1 1 1 1 7 4 7 3 61 45 1,054 843 109
86 % 96 % 81 % 80 % 75 % 72 % 67 % 0 % 100 % 100 % 57 % 43 % 74 % 80 %
MTZ_COL_FI 121 94 62 35 427 306 356 250 5 1 3 0 12 4 10 5 0 0 0 0 6 3 5 1 89 55 1,096 754 110
78 % 56 % 72 % 70 % 20 % 0 % 33 % 50 % 0 % 0 % 50 % 20 % 62 % 69 %
LAKESIDE_M 100 69 90 64 700 518 668 457 14 9 19 10 12 10 9 5 2 1 0 0 16 10 14 10 149 75 1,793 1,238 111
69 % 71 % 74 % 68 % 64 % 53 % 83 % 56 % 50 % 0 % 63 % 71 % 50 % 69 %
MARTINEZ_B 175 129 104 63 584 423 493 347 19 7 18 12 14 7 20 11 0 0 1 1 15 12 9 2 128 67 1,580 1,081 115
74 % 61 % 72 % 70 % 37 % 67 % 50 % 55 % 0 % 100 % 80 % 22 % 52 % 68 %
1199 0 1 0 0 0 0 0 0 0 0 0 0 0 0 0 0 0 0 0 0 0 0 0 0 0 0 0 1 1199
0 % 0 % 0 % 0 % 0 % 0 % 0 % 0 % 0 % 0 % 0 % 0 % 0 % 0 %
GOLD_CROSS 73 54 63 42 839 639 676 513 7 4 3 1 17 13 10 3 2 0 0 0 7 5 8 5 100 59 1,805 1,338 120
74 % 67 % 76 % 76 % 57 % 33 % 76 % 30 % 0 % 0 % 71 % 63 % 59 % 74 %
CHURCH_OF 217 162 153 107 770 565 638 462 24 11 24 12 35 20 16 8 1 1 0 0 21 6 12 4 182 107 2,093 1,465 125
75 % 70 % 73 % 72 % 46 % 50 % 57 % 50 % 100 % 0 % 29 % 33 % 59 % 70 %
WEST_ACRES 107 85 92 66 936 713 860 637 25 17 22 13 15 10 19 10 0 0 0 0 24 13 16 8 182 107 2,298 1,679 130
79 % 72 % 76 % 74 % 68 % 59 % 67 % 53 % 0 % 0 % 54 % 50 % 59 % 73 %
JOURNEY_CO 15 12 13 8 360 297 345 273 3 3 0 0 1 1 0 0 0 0 1 0 1 1 2 1 31 20 772 616 131
80 % 62 % 83 % 79 % 100 % 0 % 100 % 0 % 0 % 0 % 100 % 50 % 65 % 80 %
WESLEY_MET 43 37 45 35 561 468 521 425 17 9 9 5 8 8 5 2 0 0 0 0 7 4 12 11 67 50 1,295 1,054 132
86 % 78 % 83 % 82 % 53 % 56 % 100 % 40 % 0 % 0 % 57 % 92 % 75 % 81 %
COL_CTY_MA 134 103 88 68 677 500 531 395 20 15 29 17 8 4 14 7 0 0 0 0 12 7 6 5 132 84 1,651 1,205 134
77 % 77 % 74 % 74 % 75 % 59 % 50 % 50 % 0 % 0 % 58 % 83 % 64 % 73 %
BIBLE_CATH 177 133 122 85 1,420 1,103 1,261 985 38 27 28 19 14 10 25 14 0 0 3 2 25 17 15 10 250 171 3,378 2,576 135
75 % 70 % 78 % 78 % 71 % 68 % 71 % 56 % 0 % 67 % 68 % 67 % 68 % 76 %
BLUERIDGE 125 99 99 64 763 571 684 496 31 16 41 27 18 10 14 5 0 0 1 1 11 7 19 11 179 111 1,985 1,418 136
79 % 65 % 75 % 73 % 52 % 66 % 56 % 36 % 0 % 100 % 64 % 58 % 62 % 71 %
CHRIST_THE 67 59 59 46 695 568 679 545 63 40 75 45 9 3 7 7 1 1 0 0 29 19 16 14 133 79 1,833 1,426 137
88 % 78 % 82 % 80 % 63 % 60 % 33 % 100 % 100 % 0 % 66 % 88 % 59 % 78 %
2A 0 0 0 0 0 0 0 1 0 0 0 0 0 0 0 0 0 0 0 0 0 0 0 0 0 0 0 1 2A
0 % 0 % 0 % 0 % 0 % 0 % 0 % 0 % 0 % 0 % 0 % 0 % 0 % 0 %
2B 0 0 0 0 0 0 0 1 0 0 0 0 0 0 0 0 0 0 0 0 0 0 0 0 0 0 0 1 2B
0 % 0 % 0 % 0 % 0 % 0 % 0 % 0 % 0 % 0 % 0 % 0 % 0 % 0 %
306 0 0 0 0 0 0 0 0 0 0 0 0 0 0 0 0 0 0 0 0 0 0 0 0 0 2 0 2 306
0 % 0 % 0 % 0 % 0 % 0 % 0 % 0 % 0 % 0 % 0 % 0 % 0 % 0 %
5-11C 0 0 0 0 0 0 0 0 0 0 0 0 0 0 0 0 0 0 0 0 0 0 0 0 0 1 0 1 5-11C
0 % 0 % 0 % 0 % 0 % 0 % 0 % 0 % 0 % 0 % 0 % 0 % 0 % 0 %
506 0 0 0 0 0 0 0 0 0 0 0 0 0 1 0 0 0 0 0 0 0 0 0 0 0 0 0 1 506
0 % 0 % 0 % 0 % 0 % 0 % 0 % 0 % 0 % 0 % 0 % 0 % 0 % 0 %
9 0 0 0 0 0 0 0 1 0 0 0 0 0 0 0 0 0 0 0 0 0 0 0 0 0 0 0 1 9
0 % 0 % 0 % 0 % 0 % 0 % 0 % 0 % 0 % 0 % 0 % 0 % 0 % 0 %
TOTALS 6,344 5,060 4,825 3,441 31,207 23,745 27,656 20,775 920 570 741 443 708 433 523 305 23 14 21 14 534 325 427 252 5,941 3,754 79,870 59,131 9
80 % 71 % 76 % 75 % 62 % 60 % 61 % 58 % 61 % 67 % 61 % 59 % 63 % 74 %