CECIL 386 281 275 176 399 274 331 246 0 0 1 1 6 2 7 2 0 0 1 1 8 6 4 1 70 29 1,488 1,019 C
73 % 64 % 69 % 74 % 0 % 100 % 33 % 29 % 0 % 100 % 75 % 25 % 41 % 68 %
DELLE_BEAM 164 128 88 68 781 603 694 538 4 2 6 3 9 4 8 3 0 0 0 0 6 1 5 2 63 31 1,828 1,383 DB
78 % 77 % 77 % 78 % 50 % 50 % 44 % 38 % 0 % 0 % 17 % 40 % 49 % 76 %
ELM_PINE 261 211 193 119 18 11 8 6 0 0 0 0 2 1 0 0 0 0 0 0 0 0 0 0 21 15 503 363 EP
81 % 62 % 61 % 75 % 0 % 0 % 50 % 0 % 0 % 0 % 0 % 0 % 71 % 72 %
LENOX 117 91 109 67 414 303 412 287 2 0 3 3 2 0 0 0 0 0 0 0 3 0 1 0 27 13 1,090 764 L
78 % 61 % 73 % 70 % 0 % 100 % 0 % 0 % 0 % 0 % 0 % 0 % 48 % 70 %
MASSEE 28 25 26 16 337 250 283 219 0 0 0 0 3 1 1 1 0 0 0 0 0 0 1 1 20 9 699 522 M
89 % 62 % 74 % 77 % 0 % 0 % 33 % 100 % 0 % 0 % 0 % 100 % 45 % 75 %
NEW_LIFE_B 31 23 31 23 434 350 400 305 1 1 2 1 1 0 3 0 0 0 0 0 5 3 0 0 39 25 947 731 NL
74 % 74 % 81 % 76 % 100 % 50 % 0 % 0 % 0 % 0 % 60 % 0 % 64 % 77 %
RIVERBEND 26 16 19 12 490 365 439 322 4 2 0 0 5 3 2 1 0 0 0 0 0 0 3 2 24 14 1,012 737 RB
62 % 63 % 74 % 73 % 50 % 0 % 60 % 50 % 0 % 0 % 0 % 67 % 58 % 73 %
SPARKS 272 206 181 100 181 122 147 103 0 0 3 1 9 5 7 3 0 0 0 0 1 0 2 1 28 9 831 550 S
76 % 55 % 67 % 70 % 0 % 33 % 56 % 43 % 0 % 0 % 0 % 50 % 32 % 66 %
01 0 0 0 0 0 0 0 1 0 0 0 0 0 0 0 0 0 0 0 0 0 0 0 0 0 0 0 1 01
0 % 0 % 0 % 0 % 0 % 0 % 0 % 0 % 0 % 0 % 0 % 0 % 0 % 0 %
1 0 1 0 0 0 1 0 0 0 0 0 0 0 0 0 0 0 0 0 0 0 0 0 0 0 0 0 2 1
0 % 0 % 0 % 0 % 0 % 0 % 0 % 0 % 0 % 0 % 0 % 0 % 0 % 0 %
10 0 1 0 0 0 0 0 0 0 0 0 0 0 0 0 0 0 0 0 0 0 0 0 0 0 0 0 1 10
0 % 0 % 0 % 0 % 0 % 0 % 0 % 0 % 0 % 0 % 0 % 0 % 0 % 0 %
1157 0 0 0 0 0 0 0 1 0 0 0 0 0 0 0 0 0 0 0 0 0 0 0 0 0 0 0 1 1157
0 % 0 % 0 % 0 % 0 % 0 % 0 % 0 % 0 % 0 % 0 % 0 % 0 % 0 %
1642 0 0 0 0 0 1 0 0 0 0 0 0 0 0 0 0 0 0 0 0 0 0 0 0 0 0 0 1 1642
0 % 0 % 0 % 0 % 0 % 0 % 0 % 0 % 0 % 0 % 0 % 0 % 0 % 0 %
TOTALS 1,285 983 922 581 3,054 2,280 2,714 2,028 11 5 15 9 37 16 28 10 0 0 1 1 23 10 16 7 292 145 8,398 6,075 1642
76 % 63 % 75 % 75 % 45 % 60 % 43 % 36 % 0 % 100 % 43 % 44 % 50 % 72 %