BCCC 0 0 0 0 0 1 0 0 0 0 0 0 0 0 0 0 0 0 0 0 0 0 0 0 0 0 0 1 BCCC
0 % 0 % 0 % 0 % 0 % 0 % 0 % 0 % 0 % 0 % 0 % 0 % 0 % 0 %
BW01 0 0 0 0 0 0 0 1 0 0 0 0 0 0 0 0 0 0 0 0 0 0 0 0 0 0 0 1 BW01
0 % 0 % 0 % 0 % 0 % 0 % 0 % 0 % 0 % 0 % 0 % 0 % 0 % 0 %
CH03 0 0 0 0 0 1 0 0 0 0 0 0 0 0 0 0 0 0 0 0 0 0 0 0 0 0 0 1 CH03
0 % 0 % 0 % 0 % 0 % 0 % 0 % 0 % 0 % 0 % 0 % 0 % 0 % 0 %
CH04A 0 0 0 0 0 0 0 1 0 0 0 0 0 0 0 0 0 0 0 0 0 0 0 0 0 0 0 1 CH04A
0 % 0 % 0 % 0 % 0 % 0 % 0 % 0 % 0 % 0 % 0 % 0 % 0 % 0 %
ENO 0 0 0 0 0 1 0 0 0 0 0 0 0 0 0 1 0 0 0 0 0 0 0 0 0 0 0 2 ENO
0 % 0 % 0 % 0 % 0 % 0 % 0 % 0 % 0 % 0 % 0 % 0 % 0 % 0 %
EP072 0 0 0 0 0 0 0 1 0 0 0 0 0 0 0 0 0 0 0 0 0 0 0 0 0 0 0 1 EP072
0 % 0 % 0 % 0 % 0 % 0 % 0 % 0 % 0 % 0 % 0 % 0 % 0 % 0 %
HH 0 0 0 0 0 0 0 0 0 0 0 0 0 0 0 0 0 0 0 0 0 0 0 0 0 2 0 2 HH
0 % 0 % 0 % 0 % 0 % 0 % 0 % 0 % 0 % 0 % 0 % 0 % 0 % 0 %
LJ1 0 0 0 0 0 1 0 1 0 0 0 0 0 0 0 0 0 0 0 0 0 0 0 0 0 0 0 2 LJ1
0 % 0 % 0 % 0 % 0 % 0 % 0 % 0 % 0 % 0 % 0 % 0 % 0 % 0 %
NC 0 0 0 1 0 0 0 0 0 0 0 0 0 0 0 0 0 0 0 0 0 0 0 0 0 0 0 1 NC
0 % 0 % 0 % 0 % 0 % 0 % 0 % 0 % 0 % 0 % 0 % 0 % 0 % 0 %
OK01 0 0 0 0 0 1 0 0 0 0 0 0 0 0 0 0 0 0 0 0 0 0 0 0 0 0 0 1 OK01
0 % 0 % 0 % 0 % 0 % 0 % 0 % 0 % 0 % 0 % 0 % 0 % 0 % 0 %
PA01 0 0 0 1 0 0 0 1 0 0 0 0 0 0 0 0 0 0 0 0 0 0 0 0 0 0 0 2 PA01
0 % 0 % 0 % 0 % 0 % 0 % 0 % 0 % 0 % 0 % 0 % 0 % 0 % 0 %
RD04 0 1 0 0 0 0 0 0 0 0 0 0 0 0 0 0 0 0 0 0 0 0 0 0 0 0 0 1 RD04
0 % 0 % 0 % 0 % 0 % 0 % 0 % 0 % 0 % 0 % 0 % 0 % 0 % 0 %
RD08 0 0 0 0 0 0 0 1 0 0 0 0 0 0 0 0 0 0 0 0 0 0 0 0 0 0 0 1 RD08
0 % 0 % 0 % 0 % 0 % 0 % 0 % 0 % 0 % 0 % 0 % 0 % 0 % 0 %
SC07A 0 0 0 1 0 0 0 1 0 0 0 0 0 0 0 0 0 0 0 0 0 0 0 0 0 0 0 2 SC07A
0 % 0 % 0 % 0 % 0 % 0 % 0 % 0 % 0 % 0 % 0 % 0 % 0 % 0 %
SC13B 0 1 0 0 0 0 0 0 0 0 0 0 0 0 0 0 0 0 0 0 0 0 0 0 0 0 0 1 SC13B
0 % 0 % 0 % 0 % 0 % 0 % 0 % 0 % 0 % 0 % 0 % 0 % 0 % 0 %
ST 0 0 0 1 0 0 0 0 0 0 0 0 0 0 0 0 0 0 0 0 0 0 0 0 0 0 0 1 ST
0 % 0 % 0 % 0 % 0 % 0 % 0 % 0 % 0 % 0 % 0 % 0 % 0 % 0 %
SENOIA 192 156 156 114 1,568 1,213 1,344 1,034 11 8 7 2 18 9 19 13 0 0 0 0 7 5 10 7 344 239 3,676 2,800 01
81 % 73 % 77 % 77 % 73 % 29 % 50 % 68 % 0 % 0 % 71 % 70 % 69 % 76 %
MORELAND 77 62 68 50 858 686 710 563 5 3 4 1 6 2 4 3 0 0 0 0 2 2 2 2 129 87 1,865 1,461 02
81 % 74 % 80 % 79 % 60 % 25 % 33 % 75 % 0 % 0 % 100 % 100 % 67 % 78 %
02D 0 0 0 0 0 1 0 0 0 0 0 0 0 0 0 0 0 0 0 0 0 0 0 0 0 0 0 1 02D
0 % 0 % 0 % 0 % 0 % 0 % 0 % 0 % 0 % 0 % 0 % 0 % 0 % 0 %
02S 0 0 0 1 0 1 0 0 0 0 0 0 0 0 0 0 0 0 0 0 0 0 0 0 0 0 0 2 02S
0 % 0 % 0 % 0 % 0 % 0 % 0 % 0 % 0 % 0 % 0 % 0 % 0 % 0 %
PINE_ROAD 47 40 40 30 664 508 600 471 3 0 3 3 10 6 5 3 1 1 0 0 0 0 5 2 90 51 1,468 1,115 03
85 % 75 % 77 % 79 % 0 % 100 % 60 % 60 % 100 % 0 % 0 % 40 % 57 % 76 %
DRESDEN 23 22 21 20 307 241 263 204 1 1 0 0 3 3 0 0 0 0 0 0 3 3 0 0 53 34 674 528 04
96 % 95 % 79 % 78 % 100 % 0 % 100 % 0 % 0 % 0 % 100 % 0 % 64 % 78 %
044 0 0 0 0 0 1 0 0 0 0 0 0 0 0 0 0 0 0 0 0 0 0 0 0 0 0 0 1 044
0 % 0 % 0 % 0 % 0 % 0 % 0 % 0 % 0 % 0 % 0 % 0 % 0 % 0 %
NEWNAN 813 575 514 302 644 493 505 390 0 0 0 0 14 7 15 7 0 0 0 0 6 4 3 2 205 109 2,719 1,889 05
71 % 59 % 77 % 77 % 0 % 0 % 50 % 47 % 0 % 0 % 67 % 67 % 53 % 69 %
SHARPSBURG 113 87 88 65 1,497 1,186 1,407 1,107 9 6 6 3 33 22 22 12 0 0 0 0 10 8 14 8 269 195 3,468 2,699 06
77 % 74 % 79 % 79 % 67 % 50 % 67 % 55 % 0 % 0 % 80 % 57 % 72 % 78 %
061 0 0 0 0 0 0 0 1 0 0 0 0 0 0 0 0 0 0 0 0 0 0 0 0 0 0 0 1 061
0 % 0 % 0 % 0 % 0 % 0 % 0 % 0 % 0 % 0 % 0 % 0 % 0 % 0 %
FISCHER_RO 165 143 142 119 1,236 953 1,140 906 23 11 14 8 34 24 35 21 0 0 0 0 14 9 14 5 267 176 3,084 2,375 07
87 % 84 % 77 % 79 % 48 % 57 % 71 % 60 % 0 % 0 % 64 % 36 % 66 % 77 %
CEDAR_CREE 118 108 114 84 1,622 1,317 1,551 1,259 5 5 4 2 27 19 14 10 0 0 1 0 5 3 10 6 294 197 3,765 3,010 08
92 % 74 % 81 % 81 % 100 % 50 % 70 % 71 % 0 % 0 % 60 % 60 % 67 % 80 %
GRANTVILLE 234 180 145 94 700 477 644 439 6 4 4 2 11 7 9 6 0 0 0 0 7 4 6 4 180 106 1,946 1,323 09
77 % 65 % 68 % 68 % 67 % 50 % 64 % 67 % 0 % 0 % 57 % 67 % 59 % 68 %
HARALSON 99 78 64 50 665 519 622 480 2 0 2 1 7 7 3 2 0 0 0 0 5 2 2 1 137 95 1,608 1,235 10
79 % 78 % 78 % 77 % 0 % 50 % 100 % 67 % 0 % 0 % 40 % 50 % 69 % 77 %
106 0 0 0 0 0 0 0 1 0 0 0 0 0 0 0 0 0 0 0 0 0 0 0 0 0 0 0 1 106
0 % 0 % 0 % 0 % 0 % 0 % 0 % 0 % 0 % 0 % 0 % 0 % 0 % 0 %
WELCOME 100 80 91 66 1,066 833 1,009 759 3 3 2 0 15 12 20 16 0 0 0 0 9 7 5 3 173 106 2,493 1,885 11
80 % 73 % 78 % 75 % 100 % 0 % 80 % 80 % 0 % 0 % 78 % 60 % 61 % 76 %
1163 0 0 0 0 0 1 0 1 0 0 0 0 0 0 0 0 0 0 0 0 0 0 0 0 0 0 0 2 1163
0 % 0 % 0 % 0 % 0 % 0 % 0 % 0 % 0 % 0 % 0 % 0 % 0 % 0 %
PANTHER_CR 184 144 112 79 941 691 884 655 2 1 0 0 14 8 12 6 0 0 0 0 11 7 3 1 140 91 2,303 1,683 12
78 % 71 % 73 % 74 % 50 % 0 % 57 % 50 % 0 % 0 % 64 % 33 % 65 % 73 %
12B 0 0 0 0 0 0 0 0 0 0 0 0 0 0 0 0 0 0 0 0 0 0 0 0 0 1 0 1 12B
0 % 0 % 0 % 0 % 0 % 0 % 0 % 0 % 0 % 0 % 0 % 0 % 0 % 0 %
RAYMOND 79 67 69 55 749 606 718 562 2 2 1 1 14 8 8 6 0 0 0 0 3 2 7 3 121 86 1,771 1,398 13
85 % 80 % 81 % 78 % 100 % 100 % 57 % 75 % 0 % 0 % 67 % 43 % 71 % 79 %
TURIN 198 155 146 93 1,089 896 1,014 787 3 2 2 1 10 8 12 8 0 0 0 0 8 4 6 4 225 160 2,713 2,118 14
78 % 64 % 82 % 78 % 67 % 50 % 80 % 67 % 0 % 0 % 50 % 67 % 71 % 78 %
146 0 0 0 0 0 1 0 0 0 0 0 0 0 0 0 0 0 0 0 0 0 0 0 0 0 0 0 1 146
0 % 0 % 0 % 0 % 0 % 0 % 0 % 0 % 0 % 0 % 0 % 0 % 0 % 0 %
148 0 0 0 0 0 1 0 1 0 0 0 0 0 0 0 0 0 0 0 0 0 0 0 0 0 0 0 2 148
0 % 0 % 0 % 0 % 0 % 0 % 0 % 0 % 0 % 0 % 0 % 0 % 0 % 0 %
SMOKEY_ROA 396 302 276 172 556 414 487 362 4 3 0 0 12 5 8 6 0 0 0 0 11 6 2 2 167 100 1,919 1,372 15
76 % 62 % 74 % 74 % 75 % 0 % 42 % 75 % 0 % 0 % 55 % 100 % 60 % 71 %
1540 0 0 0 0 0 0 0 0 0 0 0 0 0 0 0 0 0 0 0 0 0 0 0 0 0 1 0 1 1540
0 % 0 % 0 % 0 % 0 % 0 % 0 % 0 % 0 % 0 % 0 % 0 % 0 % 0 %
TURKEY_CRE 118 89 89 68 236 158 205 144 4 1 2 2 22 15 14 5 0 0 0 0 4 3 5 3 89 58 788 546 16
75 % 76 % 67 % 70 % 25 % 100 % 68 % 36 % 0 % 0 % 75 % 60 % 65 % 69 %
CENTRAL 924 618 459 243 359 207 263 160 3 2 1 1 24 10 12 2 0 0 0 0 2 2 13 6 234 110 2,294 1,361 17
67 % 53 % 58 % 61 % 67 % 100 % 42 % 17 % 0 % 0 % 100 % 46 % 47 % 59 %
ARTS_CENTR 537 436 408 303 3,447 2,787 3,090 2,431 61 41 47 30 121 90 100 67 0 0 0 1 45 32 32 23 828 588 8,716 6,829 18
81 % 74 % 81 % 79 % 67 % 64 % 74 % 67 % 0 % 0 % 71 % 72 % 71 % 78 %
GREENTOP 251 192 158 92 883 662 706 545 6 6 6 3 18 11 7 1 0 0 0 0 9 6 4 4 157 91 2,205 1,613 19
76 % 58 % 75 % 77 % 100 % 50 % 61 % 14 % 0 % 0 % 67 % 100 % 58 % 73 %
EXPO_CENTE 98 68 71 39 700 536 590 466 1 0 0 0 8 5 11 4 0 0 0 0 1 0 2 1 95 51 1,577 1,170 20
69 % 55 % 77 % 79 % 0 % 0 % 63 % 36 % 0 % 0 % 0 % 50 % 54 % 74 %
WHITE_OAK 208 180 181 139 1,552 1,225 1,416 1,091 19 7 9 5 47 28 41 26 0 0 0 0 23 14 14 9 296 188 3,806 2,912 21
87 % 77 % 79 % 77 % 37 % 56 % 60 % 63 % 0 % 0 % 61 % 64 % 64 % 77 %
MADRAS 251 209 192 146 1,166 933 1,074 887 14 11 12 6 20 14 22 14 0 0 0 0 11 6 5 4 263 184 3,030 2,414 22
83 % 76 % 80 % 83 % 79 % 50 % 70 % 64 % 0 % 0 % 55 % 80 % 70 % 80 %
CANNONGATE 76 64 53 44 1,338 1,101 1,218 1,006 14 12 8 4 25 19 16 13 0 0 0 0 7 8 10 5 213 162 2,978 2,438 23
84 % 83 % 82 % 83 % 86 % 50 % 76 % 81 % 0 % 0 % 114 % 50 % 76 % 82 %
WESTSIDE 245 200 189 143 136 87 114 76 0 0 0 0 2 1 1 1 0 0 0 0 0 0 0 0 56 41 743 549 24
82 % 76 % 64 % 67 % 0 % 0 % 50 % 100 % 0 % 0 % 0 % 0 % 73 % 74 %
NORTHSIDE 193 168 156 112 702 590 632 516 2 4 0 0 14 12 10 6 0 0 0 0 3 2 8 3 119 74 1,839 1,487 25
87 % 72 % 84 % 82 % 200 % 0 % 86 % 60 % 0 % 0 % 67 % 38 % 62 % 81 %
THOMAS_CRO 150 127 133 106 1,753 1,392 1,669 1,296 15 7 6 4 30 21 28 19 0 0 0 0 19 12 11 4 346 229 4,160 3,217 26
85 % 80 % 79 % 78 % 47 % 67 % 70 % 68 % 0 % 0 % 63 % 36 % 66 % 77 %
EBENEZER_C 54 44 38 30 558 461 534 430 4 2 2 1 12 9 15 6 0 0 0 0 2 0 7 4 89 58 1,315 1,045 27
81 % 79 % 83 % 81 % 50 % 50 % 75 % 40 % 0 % 0 % 0 % 57 % 65 % 79 %
JEFFERSON 840 632 501 308 1,573 1,043 1,178 747 46 19 41 19 97 55 79 46 0 0 0 0 32 12 28 15 580 337 4,995 3,233 28
75 % 61 % 66 % 63 % 41 % 46 % 57 % 58 % 0 % 0 % 38 % 54 % 58 % 65 %
30 0 0 0 0 0 1 0 0 0 0 0 0 0 0 0 0 0 0 0 0 0 0 0 0 0 0 0 1 30
0 % 0 % 0 % 0 % 0 % 0 % 0 % 0 % 0 % 0 % 0 % 0 % 0 % 0 %
32 0 0 0 0 0 2 0 0 0 0 0 0 0 0 0 0 0 0 0 0 0 0 0 0 0 0 0 2 32
0 % 0 % 0 % 0 % 0 % 0 % 0 % 0 % 0 % 0 % 0 % 0 % 0 % 0 %
33 0 0 0 0 0 1 0 0 0 0 0 0 0 0 0 0 0 0 0 0 0 0 0 0 0 0 0 1 33
0 % 0 % 0 % 0 % 0 % 0 % 0 % 0 % 0 % 0 % 0 % 0 % 0 % 0 %
35 0 0 0 0 0 0 0 1 0 0 0 0 0 0 0 0 0 0 0 0 0 0 0 0 0 0 0 1 35
0 % 0 % 0 % 0 % 0 % 0 % 0 % 0 % 0 % 0 % 0 % 0 % 0 % 0 %
4B 0 0 0 0 0 1 0 0 0 0 0 0 0 0 0 0 0 0 0 0 0 0 0 0 0 0 0 1 4B
0 % 0 % 0 % 0 % 0 % 0 % 0 % 0 % 0 % 0 % 0 % 0 % 0 % 0 %
42 0 0 0 0 0 1 0 0 0 0 0 0 0 0 0 0 0 0 0 0 0 0 0 0 0 0 0 1 42
0 % 0 % 0 % 0 % 0 % 0 % 0 % 0 % 0 % 0 % 0 % 0 % 0 % 0 %
682 0 0 0 0 0 1 0 0 0 0 0 0 0 0 0 0 0 0 0 0 0 0 0 0 0 0 0 1 682
0 % 0 % 0 % 0 % 0 % 0 % 0 % 0 % 0 % 0 % 0 % 0 % 0 % 0 %
714A3 0 0 0 0 0 1 0 0 0 0 0 0 0 0 0 0 0 0 0 0 0 0 0 0 0 0 0 1 714A3
0 % 0 % 0 % 0 % 0 % 0 % 0 % 0 % 0 % 0 % 0 % 0 % 0 % 0 %
714A5 0 0 0 0 0 0 0 0 0 0 0 0 0 0 0 0 0 0 0 0 0 0 0 0 0 1 0 1 714A5
0 % 0 % 0 % 0 % 0 % 0 % 0 % 0 % 0 % 0 % 0 % 0 % 0 % 0 %
735 0 0 0 0 0 0 0 1 0 0 0 0 0 0 0 0 0 0 0 0 0 0 0 0 0 0 0 1 735
0 % 0 % 0 % 0 % 0 % 0 % 0 % 0 % 0 % 0 % 0 % 0 % 0 % 0 %
TOTALS 6,783 5,228 4,674 3,171 28,565 22,234 25,587 19,786 268 161 183 99 668 437 542 330 1 1 1 1 259 163 228 131 6,159 4,008 73,918 55,750 735
77 % 68 % 78 % 77 % 60 % 54 % 65 % 61 % 100 % 100 % 63 % 57 % 65 % 75 %