EM1 0 0 0 0 0 1 0 0 0 0 0 0 0 0 0 0 0 0 0 0 0 0 0 0 0 0 0 1 EM1
0 % 0 % 0 % 0 % 0 % 0 % 0 % 0 % 0 % 0 % 0 % 0 % 0 % 0 %
F3 0 0 0 1 0 0 0 0 0 0 0 0 0 0 0 0 0 0 0 0 0 0 0 0 0 0 0 1 F3
0 % 0 % 0 % 0 % 0 % 0 % 0 % 0 % 0 % 0 % 0 % 0 % 0 % 0 %
HA7 0 0 0 0 0 1 0 1 0 0 0 0 0 0 0 0 0 0 0 0 0 0 0 0 0 0 0 2 HA7
0 % 0 % 0 % 0 % 0 % 0 % 0 % 0 % 0 % 0 % 0 % 0 % 0 % 0 %
DISTRICT_1 94 83 73 50 123 85 111 68 0 0 0 0 1 0 1 0 0 0 0 0 1 0 1 1 12 4 417 291 1A
88 % 68 % 69 % 61 % 0 % 0 % 0 % 0 % 0 % 0 % 0 % 100 % 33 % 70 %
DISTRICT_1 302 254 225 158 199 146 177 137 0 0 0 0 1 1 0 0 0 0 0 0 2 1 4 1 25 12 935 710 1B
84 % 70 % 73 % 77 % 0 % 0 % 100 % 0 % 0 % 0 % 50 % 25 % 48 % 76 %
DISTRICT_2 395 319 282 191 402 313 381 312 1 1 2 1 0 0 0 0 0 0 0 0 2 2 1 0 40 26 1,506 1,165 2
81 % 68 % 78 % 82 % 100 % 50 % 0 % 0 % 0 % 0 % 100 % 0 % 65 % 77 %
DISTRICT_3 57 49 36 25 642 449 596 433 2 1 2 0 3 2 1 0 0 0 0 0 1 1 3 2 47 25 1,390 987 3
86 % 69 % 70 % 73 % 50 % 0 % 67 % 0 % 0 % 0 % 100 % 67 % 53 % 71 %
DISTRICT_4 30 27 30 27 666 486 603 448 0 0 0 0 1 1 1 0 0 0 0 0 2 1 1 1 30 11 1,364 1,002 4
90 % 90 % 73 % 74 % 0 % 0 % 100 % 0 % 0 % 0 % 50 % 100 % 37 % 73 %
DISTRICT_5 25 21 28 22 666 489 585 450 1 1 1 1 2 0 4 3 0 0 0 0 2 1 3 1 36 21 1,353 1,010 5
84 % 79 % 73 % 77 % 100 % 100 % 0 % 75 % 0 % 0 % 50 % 33 % 58 % 75 %
TOTALS 903 753 674 474 2,698 1,970 2,453 1,849 4 3 5 2 8 4 7 3 0 0 0 0 10 6 13 6 190 99 6,965 5,169 5
83 % 70 % 73 % 75 % 75 % 40 % 50 % 43 % 0 % 0 % 60 % 46 % 52 % 74 %