ARABI 55 40 43 22 281 202 224 170 1 0 1 1 2 2 1 1 0 0 0 0 1 1 0 0 5 4 614 443 ARABI
73 % 51 % 72 % 76 % 0 % 100 % 100 % 100 % 0 % 0 % 100 % 0 % 80 % 72 %
CONEY 14 12 10 5 344 282 320 275 2 1 1 1 0 0 0 0 0 0 0 0 1 0 0 0 11 5 703 581 CONEY
86 % 50 % 82 % 86 % 50 % 100 % 0 % 0 % 0 % 0 % 0 % 0 % 45 % 83 %
CORDELE 2,500 1,749 1,581 861 1,786 1,326 1,397 1,031 24 14 23 6 24 12 16 6 0 0 2 0 5 2 15 4 130 65 7,503 5,076 CORDE
70 % 54 % 74 % 74 % 58 % 26 % 50 % 38 % 0 % 0 % 40 % 27 % 50 % 68 %
C2-27 0 1 0 0 0 0 0 0 0 0 0 0 0 0 0 0 0 0 0 0 0 0 0 0 0 0 0 1 C2-27
0 % 0 % 0 % 0 % 0 % 0 % 0 % 0 % 0 % 0 % 0 % 0 % 0 % 0 %
JAMESTOWN 21 15 19 12 472 388 434 361 1 0 1 1 0 0 0 0 0 0 0 0 0 0 1 1 11 7 960 785 JAMES
71 % 63 % 82 % 83 % 0 % 100 % 0 % 0 % 0 % 0 % 0 % 100 % 64 % 82 %
LISTONIA 10 7 9 5 358 275 282 226 1 1 1 1 0 0 0 0 0 0 0 0 0 0 0 0 11 7 672 522 LISTO
70 % 56 % 77 % 80 % 100 % 100 % 0 % 0 % 0 % 0 % 0 % 0 % 64 % 78 %
2 0 1 0 0 0 1 0 0 0 0 0 0 0 0 0 0 0 0 0 0 0 0 0 0 0 0 0 2 2
0 % 0 % 0 % 0 % 0 % 0 % 0 % 0 % 0 % 0 % 0 % 0 % 0 % 0 %
5 0 1 0 0 0 0 0 0 0 0 0 0 0 0 0 0 0 0 0 0 0 0 0 0 0 0 0 1 5
0 % 0 % 0 % 0 % 0 % 0 % 0 % 0 % 0 % 0 % 0 % 0 % 0 % 0 %
7 0 1 0 0 0 0 0 0 0 0 0 0 0 0 0 0 0 0 0 0 0 0 0 0 0 0 0 1 7
0 % 0 % 0 % 0 % 0 % 0 % 0 % 0 % 0 % 0 % 0 % 0 % 0 % 0 %
8 0 0 0 0 0 1 0 0 0 0 0 0 0 0 0 0 0 0 0 0 0 0 0 0 0 0 0 1 8
0 % 0 % 0 % 0 % 0 % 0 % 0 % 0 % 0 % 0 % 0 % 0 % 0 % 0 %
9 0 2 0 0 0 0 0 2 0 0 0 0 0 0 0 0 0 0 0 0 0 0 0 0 0 0 0 4 9
0 % 0 % 0 % 0 % 0 % 0 % 0 % 0 % 0 % 0 % 0 % 0 % 0 % 0 %
TOTALS 2,600 1,829 1,662 905 3,241 2,475 2,657 2,065 29 16 27 10 26 14 17 7 0 0 2 0 7 3 16 5 168 88 10,452 7,417 9
70 % 54 % 76 % 78 % 55 % 37 % 54 % 41 % 0 % 0 % 43 % 31 % 52 % 71 %