SOUTH_DADE 2 2 0 0 379 265 351 255 1 0 0 0 0 0 0 0 0 0 0 0 2 1 0 0 24 17 759 540 1038
100 % 0 % 70 % 73 % 0 % 0 % 0 % 0 % 0 % 0 % 50 % 0 % 71 % 71 %
1161 0 0 0 0 0 1 0 0 0 0 0 0 0 0 0 0 0 0 0 0 0 0 0 0 0 0 0 1 1161
0 % 0 % 0 % 0 % 0 % 0 % 0 % 0 % 0 % 0 % 0 % 0 % 0 % 0 %
NEW_SALEM 1 0 0 0 449 349 439 328 0 0 1 0 0 0 0 0 0 0 1 1 0 0 0 0 34 22 925 700 1214
0 % 0 % 78 % 75 % 0 % 0 % 0 % 0 % 0 % 100 % 0 % 0 % 65 % 76 %
DAVIS 1 1 0 0 856 558 728 496 3 1 2 0 3 2 3 1 0 0 0 0 2 0 1 1 61 32 1,660 1,092 1222
100 % 0 % 65 % 68 % 33 % 0 % 67 % 33 % 0 % 0 % 0 % 100 % 52 % 66 %
NEW_HOME 0 0 0 0 304 207 262 193 0 0 0 0 2 0 1 0 0 0 0 0 2 0 0 0 16 7 587 407 1885
0 % 0 % 68 % 74 % 0 % 0 % 0 % 0 % 0 % 0 % 0 % 0 % 44 % 69 %
WEST_BROW 2 1 2 1 478 344 440 320 2 1 2 1 0 0 2 1 0 0 0 0 0 0 2 0 41 25 971 694 1889
50 % 50 % 72 % 73 % 50 % 50 % 0 % 50 % 0 % 0 % 0 % 0 % 61 % 71 %
TRENTON 1 1 6 1 1,270 840 1,132 685 7 1 7 2 13 7 9 2 0 0 0 0 2 0 1 1 105 55 2,553 1,595 960
100 % 17 % 66 % 61 % 14 % 29 % 54 % 22 % 0 % 0 % 0 % 100 % 52 % 62 %
NORTH_DADE 18 6 16 5 784 532 723 474 1 1 2 2 4 0 1 2 2 2 0 0 4 2 5 3 61 26 1,621 1,055 974
33 % 31 % 68 % 66 % 100 % 100 % 0 % 200 % 100 % 0 % 50 % 60 % 43 % 65 %
TOTALS 25 11 24 7 4,520 3,096 4,075 2,751 14 4 14 5 22 9 16 6 2 2 1 1 12 3 9 5 342 184 9,076 6,084 974
44 % 29 % 68 % 68 % 29 % 36 % 41 % 38 % 100 % 100 % 25 % 56 % 54 % 67 %