P 0 0 0 0 0 1 0 0 0 0 0 0 0 0 0 0 0 0 0 0 0 0 0 0 0 1 0 2 P
0 % 0 % 0 % 0 % 0 % 0 % 0 % 0 % 0 % 0 % 0 % 0 % 0 % 0 %
04 0 0 0 0 0 1 0 1 0 0 0 0 0 0 0 0 0 0 0 0 0 0 0 0 0 0 0 2 04
0 % 0 % 0 % 0 % 0 % 0 % 0 % 0 % 0 % 0 % 0 % 0 % 0 % 0 %
MT._PLEASA 23 16 18 13 256 198 224 177 0 0 0 0 1 1 2 1 0 0 0 0 0 0 0 0 9 6 533 412 1277
70 % 72 % 77 % 79 % 0 % 0 % 100 % 50 % 0 % 0 % 0 % 0 % 67 % 77 %
RECOVERY 28 21 19 9 254 207 232 183 0 0 0 0 4 3 3 0 0 0 0 0 1 1 3 2 20 15 564 441 1325
75 % 47 % 81 % 79 % 0 % 0 % 75 % 0 % 0 % 0 % 100 % 67 % 75 % 78 %
KENDRICK 55 46 38 27 185 134 174 115 0 0 0 0 1 0 0 0 0 0 0 0 1 1 1 1 10 6 465 330 1342
84 % 71 % 72 % 66 % 0 % 0 % 0 % 0 % 0 % 0 % 100 % 100 % 60 % 71 %
CLIMAX 114 93 75 49 339 264 310 245 2 2 0 0 2 1 3 0 0 0 0 0 2 1 1 0 16 7 864 662 1361
82 % 65 % 78 % 79 % 100 % 0 % 50 % 0 % 0 % 0 % 50 % 0 % 44 % 77 %
BRINSON 109 94 76 47 291 221 248 178 0 0 0 0 0 0 1 0 0 0 0 0 2 2 1 1 28 17 756 560 1613
86 % 62 % 76 % 72 % 0 % 0 % 0 % 0 % 0 % 0 % 100 % 100 % 61 % 74 %
WEST_BAINB 527 422 286 174 511 349 442 321 3 2 1 0 12 3 13 5 1 0 0 0 3 1 0 0 51 37 1,850 1,314 1805
80 % 61 % 68 % 73 % 67 % 0 % 25 % 38 % 0 % 0 % 33 % 0 % 73 % 71 %
BAINBRIDGE 919 721 593 377 1,709 1,367 1,402 1,068 17 9 7 2 27 11 22 13 2 1 0 0 15 9 6 5 103 65 4,822 3,648 513
78 % 64 % 80 % 76 % 53 % 29 % 41 % 59 % 50 % 0 % 60 % 83 % 63 % 76 %
BDGE-FAIRG 846 633 527 307 692 534 541 401 2 0 1 1 3 1 3 2 0 0 0 0 6 3 4 3 83 39 2,708 1,924 514
75 % 58 % 77 % 74 % 0 % 100 % 33 % 67 % 0 % 0 % 50 % 75 % 47 % 71 %
ATTAPULGUS 626 519 365 247 286 221 269 204 0 0 0 0 11 4 8 6 0 0 0 0 1 0 1 1 38 21 1,605 1,223 694
83 % 68 % 77 % 76 % 0 % 0 % 36 % 75 % 0 % 0 % 0 % 100 % 55 % 76 %
TOTALS 3,247 2,565 1,997 1,250 4,523 3,497 3,842 2,893 24 13 9 3 61 24 55 27 3 1 0 0 31 18 17 13 358 214 14,167 10,518 694
79 % 63 % 77 % 75 % 54 % 33 % 39 % 49 % 33 % 0 % 58 % 76 % 60 % 74 %