ALLGOOD_EL 960 812 761 545 158 117 147 110 9 6 17 12 9 6 7 6 2 1 1 1 21 19 28 18 129 88 2,249 1,741 AA
85 % 72 % 74 % 75 % 67 % 71 % 67 % 86 % 50 % 100 % 90 % 64 % 68 % 77 %
ASHFORD_PA 33 27 41 27 847 701 836 654 28 22 25 19 15 11 22 10 0 0 0 0 14 11 5 2 153 108 2,019 1,592 AB
82 % 66 % 83 % 78 % 79 % 76 % 73 % 45 % 0 % 0 % 79 % 40 % 71 % 79 %
AC1A 0 0 0 0 0 1 0 0 0 0 0 0 0 0 0 0 0 0 0 0 0 0 0 0 0 0 0 1 AC1A
0 % 0 % 0 % 0 % 0 % 0 % 0 % 0 % 0 % 0 % 0 % 0 % 0 % 0 %
AUSTIN 18 15 17 13 1,077 933 988 833 18 13 9 6 7 7 6 4 0 0 0 0 12 6 8 6 109 82 2,269 1,918 AD
83 % 76 % 87 % 84 % 72 % 67 % 100 % 67 % 0 % 0 % 50 % 75 % 75 % 85 %
AVONDALE_( 99 81 84 63 1,045 903 817 693 13 10 14 12 5 3 10 8 0 0 0 0 12 8 5 1 96 73 2,200 1,855 AE
82 % 75 % 86 % 85 % 77 % 86 % 60 % 80 % 0 % 0 % 67 % 20 % 76 % 84 %
AUSTIN_DRI 947 707 639 407 85 62 69 49 2 1 2 2 7 3 3 3 1 0 0 0 10 7 6 4 106 46 1,877 1,291 AF
75 % 64 % 73 % 71 % 50 % 100 % 43 % 100 % 0 % 0 % 70 % 67 % 43 % 69 %
ASHFORD_DU 186 146 113 82 943 801 911 766 33 22 17 17 15 11 19 13 0 0 0 0 17 11 12 10 144 104 2,410 1,983 AG
78 % 73 % 85 % 84 % 67 % 100 % 73 % 68 % 0 % 0 % 65 % 83 % 72 % 82 %
ASHFORD_PA 163 138 91 65 882 687 810 623 95 66 70 46 36 28 17 12 0 0 0 0 19 14 25 15 203 127 2,411 1,821 AH
85 % 71 % 78 % 77 % 69 % 66 % 78 % 71 % 0 % 0 % 74 % 60 % 63 % 76 %
AVONDALE_H 471 360 325 214 960 748 726 538 25 16 13 6 16 13 17 11 2 0 0 0 20 14 18 13 180 104 2,773 2,037 AI
76 % 66 % 78 % 74 % 64 % 46 % 81 % 65 % 0 % 0 % 70 % 72 % 58 % 73 %
BOULEVARD 963 730 653 402 884 665 786 603 31 24 10 8 16 15 17 11 2 0 0 0 16 10 14 9 247 155 3,639 2,632 BB
76 % 62 % 75 % 77 % 77 % 80 % 94 % 65 % 0 % 0 % 63 % 64 % 63 % 72 %
BRIAR_VIST 86 54 75 45 889 624 973 679 38 26 32 14 21 15 21 12 1 0 1 0 17 10 13 7 264 137 2,431 1,623 BC
63 % 60 % 70 % 70 % 68 % 44 % 71 % 57 % 0 % 0 % 59 % 54 % 52 % 67 %
BRIARLAKE 31 21 16 14 716 599 592 496 40 24 33 18 14 10 9 8 0 0 0 0 8 4 9 7 75 43 1,543 1,244 BD
68 % 88 % 84 % 84 % 60 % 55 % 71 % 89 % 0 % 0 % 50 % 78 % 57 % 81 %
BRIARWOOD 160 112 153 87 663 485 587 440 43 32 35 21 36 17 30 13 3 1 2 1 18 10 10 6 199 105 1,939 1,330 BE
70 % 57 % 73 % 75 % 74 % 60 % 47 % 43 % 33 % 50 % 56 % 60 % 53 % 69 %
BROCKETT_E 486 369 292 197 623 517 506 402 38 23 35 23 24 16 26 14 0 0 1 0 23 11 13 10 171 94 2,238 1,676 BF
76 % 67 % 83 % 79 % 61 % 66 % 67 % 54 % 0 % 0 % 48 % 77 % 55 % 75 %
BRIARCLIFF 69 54 44 31 819 634 689 518 16 12 23 14 19 15 11 8 1 0 1 0 13 11 9 6 142 83 1,856 1,386 BG
78 % 70 % 77 % 75 % 75 % 61 % 79 % 73 % 0 % 0 % 85 % 67 % 58 % 75 %
BROCKETT 327 225 228 141 765 615 561 455 20 13 21 13 22 14 13 7 0 0 0 0 19 12 19 11 147 86 2,142 1,592 BH
69 % 62 % 80 % 81 % 65 % 62 % 64 % 54 % 0 % 0 % 63 % 58 % 59 % 74 %
BROOKHAVEN 77 54 66 37 1,018 787 970 739 26 12 27 16 29 23 23 19 2 2 0 0 24 17 12 5 236 150 2,510 1,861 BI
70 % 56 % 77 % 76 % 46 % 59 % 79 % 83 % 100 % 0 % 71 % 42 % 64 % 74 %
BROWN'S_MI 1,615 1,373 1,233 973 34 25 34 26 3 2 1 0 3 3 4 2 0 0 0 0 12 8 8 7 177 123 3,124 2,542 BJ
85 % 79 % 74 % 76 % 67 % 0 % 100 % 50 % 0 % 0 % 67 % 88 % 69 % 81 %
BOULDERCRE 757 648 590 442 33 23 29 21 3 2 3 2 6 5 3 2 1 0 0 0 10 8 5 5 106 60 1,546 1,218 BL
86 % 75 % 70 % 72 % 67 % 67 % 83 % 67 % 0 % 0 % 80 % 100 % 57 % 79 %
BETHUNE_MI 1,898 1,488 1,303 899 54 35 51 34 7 3 9 6 7 3 8 5 0 0 1 0 21 15 14 8 215 116 3,588 2,612 BM
78 % 69 % 65 % 67 % 43 % 67 % 43 % 63 % 0 % 0 % 71 % 57 % 54 % 73 %
BURGESS_EL 626 512 523 355 468 349 522 375 15 13 9 6 10 9 12 6 0 0 2 2 14 7 18 12 178 101 2,397 1,747 BR
82 % 68 % 75 % 72 % 87 % 67 % 90 % 50 % 0 % 100 % 50 % 67 % 57 % 73 %
COLUMBIA_D 1,029 773 745 483 34 24 19 8 2 2 2 2 6 1 6 2 0 0 0 0 5 3 6 2 112 53 1,966 1,353 CA
75 % 65 % 71 % 42 % 100 % 100 % 17 % 33 % 0 % 0 % 60 % 33 % 47 % 69 %
CANBY_LANE 832 686 638 461 22 13 16 12 2 1 3 2 4 4 2 2 0 0 0 0 9 7 8 2 91 56 1,627 1,246 CB
82 % 72 % 59 % 75 % 50 % 67 % 100 % 100 % 0 % 0 % 78 % 25 % 62 % 77 %
COLUMBIA_E 720 512 509 281 18 8 18 9 2 0 2 0 2 0 3 1 1 1 0 0 9 4 3 1 75 37 1,362 854 CC
71 % 55 % 44 % 50 % 0 % 0 % 0 % 33 % 100 % 0 % 44 % 33 % 49 % 63 %
CEDAR_GROV 1,764 1,442 1,238 873 32 20 31 21 5 4 3 3 4 4 2 1 1 0 1 0 12 7 13 9 199 117 3,305 2,501 CD
82 % 71 % 63 % 68 % 80 % 100 % 100 % 50 % 0 % 0 % 58 % 69 % 59 % 76 %
CHAMBLEE_( 261 188 203 109 897 693 915 712 59 31 82 46 53 33 37 21 3 2 1 0 25 15 22 15 204 128 2,762 1,993 CE
72 % 54 % 77 % 78 % 53 % 56 % 62 % 57 % 67 % 0 % 60 % 68 % 63 % 72 %
MURPHEY_CA 1,151 951 737 551 97 78 97 70 2 0 1 0 14 10 4 2 0 0 0 0 17 12 7 4 144 91 2,271 1,769 CF
83 % 75 % 80 % 72 % 0 % 0 % 71 % 50 % 0 % 0 % 71 % 57 % 63 % 78 %
CHAPEL_HIL 1,447 1,245 1,005 732 28 19 26 16 0 0 4 3 4 1 2 2 0 0 0 0 20 16 10 8 151 105 2,697 2,147 CG
86 % 73 % 68 % 62 % 0 % 75 % 25 % 100 % 0 % 0 % 80 % 80 % 70 % 80 %
CHESNUT_EL 413 312 287 171 552 401 412 313 28 17 26 18 24 18 22 14 2 2 1 1 20 15 12 5 196 113 1,995 1,400 CH
76 % 60 % 73 % 76 % 61 % 69 % 75 % 64 % 100 % 100 % 75 % 42 % 58 % 70 %
CLAIREMONT 153 129 75 53 1,301 1,076 918 739 36 25 27 22 20 13 13 11 1 1 0 0 24 20 14 8 148 99 2,730 2,196 CI
84 % 71 % 83 % 81 % 69 % 81 % 65 % 85 % 100 % 0 % 83 % 57 % 67 % 80 %
CLAIRMONT 311 233 188 129 1,100 785 774 566 41 26 47 19 26 19 18 10 2 0 1 0 26 11 20 13 217 128 2,771 1,939 CJ
75 % 69 % 71 % 73 % 63 % 40 % 73 % 56 % 0 % 0 % 42 % 65 % 59 % 70 %
CLARKSTON 923 630 728 403 295 211 224 154 40 15 63 27 11 6 16 5 3 1 2 1 34 16 28 16 207 80 2,574 1,565 CK
68 % 55 % 72 % 69 % 38 % 43 % 55 % 31 % 33 % 50 % 47 % 57 % 39 % 61 %
CLIFTON_EL 685 585 515 360 17 14 20 15 2 1 6 3 2 2 2 0 0 0 1 0 2 2 1 0 70 45 1,323 1,027 CL
85 % 70 % 82 % 75 % 50 % 50 % 100 % 0 % 0 % 0 % 100 % 0 % 64 % 78 %
COLUMBIA_M 978 716 574 303 16 11 19 12 4 4 6 2 2 1 1 1 0 0 1 1 4 2 5 5 116 56 1,726 1,114 CM
73 % 53 % 69 % 63 % 100 % 33 % 50 % 100 % 0 % 100 % 50 % 100 % 48 % 65 %
COAN_MIDDL 969 701 588 325 522 347 579 398 18 15 19 7 16 11 13 7 1 0 0 0 20 9 23 12 283 163 3,051 1,995 CN
72 % 55 % 66 % 69 % 83 % 37 % 69 % 54 % 0 % 0 % 45 % 52 % 58 % 65 %
CROSS_KEYS 119 82 122 71 595 430 583 412 27 20 29 14 27 16 27 13 0 0 3 2 17 9 21 16 211 129 1,781 1,214 CO
69 % 58 % 72 % 71 % 74 % 48 % 59 % 48 % 0 % 67 % 53 % 76 % 61 % 68 %
CROSSROADS 1,196 980 913 648 53 41 53 37 2 0 3 0 6 4 6 3 0 0 1 1 17 15 16 10 130 68 2,396 1,807 CP
82 % 71 % 77 % 70 % 0 % 0 % 67 % 50 % 0 % 100 % 88 % 63 % 52 % 75 %
CANDLER 1,293 915 868 469 191 133 161 113 4 3 4 3 14 5 8 4 2 1 0 0 16 9 14 8 157 86 2,732 1,749 CQ
71 % 54 % 70 % 70 % 75 % 75 % 36 % 50 % 50 % 0 % 56 % 57 % 55 % 64 %
CEDAR_GROV 826 596 569 336 16 9 11 5 1 0 0 0 5 2 2 1 0 0 1 0 4 3 6 3 71 31 1,512 986 CR
72 % 59 % 56 % 45 % 0 % 0 % 40 % 50 % 0 % 0 % 75 % 50 % 44 % 65 %
CEDAR_GROV 1,563 1,354 1,135 881 37 33 52 43 3 1 5 1 13 9 2 2 0 0 0 0 10 6 11 7 180 125 3,011 2,462 CS
87 % 78 % 89 % 83 % 33 % 20 % 69 % 100 % 0 % 0 % 60 % 64 % 69 % 82 %
COVINGTON 431 194 410 176 11 5 18 9 0 0 1 0 8 4 2 0 2 1 0 0 8 2 5 2 62 21 958 414 CT
45 % 43 % 45 % 50 % 0 % 0 % 50 % 0 % 50 % 0 % 25 % 40 % 34 % 43 %
COVINGTON 676 401 561 258 316 245 243 179 11 6 11 3 16 8 13 5 0 0 0 0 26 13 17 5 138 66 2,028 1,189 CU
59 % 46 % 78 % 74 % 55 % 27 % 50 % 38 % 0 % 0 % 50 % 29 % 48 % 59 %
CLAIREMONT 71 55 44 36 1,177 959 933 757 27 21 28 20 16 11 12 10 0 0 0 0 14 11 15 9 156 101 2,493 1,990 CV
77 % 82 % 81 % 81 % 78 % 71 % 69 % 83 % 0 % 0 % 79 % 60 % 65 % 80 %
CORALWOOD 88 76 97 70 1,286 1,072 1,014 821 43 32 36 27 18 12 12 11 0 0 0 0 10 5 10 6 129 82 2,743 2,214 CW
86 % 72 % 83 % 81 % 74 % 75 % 67 % 92 % 0 % 0 % 50 % 60 % 64 % 81 %
DORAVILLE 267 191 297 171 430 303 439 308 83 42 96 52 113 66 133 61 3 1 0 0 20 12 28 13 249 113 2,158 1,333 DA
72 % 58 % 70 % 70 % 51 % 54 % 58 % 46 % 33 % 0 % 60 % 46 % 45 % 62 %
DORAVILLE 104 75 61 37 297 238 250 192 61 33 66 38 43 32 36 21 0 0 0 0 14 7 11 9 87 49 1,030 731 DB
72 % 61 % 80 % 77 % 54 % 58 % 74 % 58 % 0 % 0 % 50 % 82 % 56 % 71 %
DRESDEN_EL 363 247 276 169 665 484 723 528 40 17 32 22 58 29 69 29 4 3 0 0 25 16 26 15 302 144 2,583 1,703 DC
68 % 61 % 73 % 73 % 43 % 69 % 50 % 42 % 75 % 0 % 64 % 58 % 48 % 66 %
DUNAIRE_EL 652 530 517 366 136 108 145 109 17 13 21 13 10 6 6 3 1 1 0 0 14 4 15 7 103 48 1,637 1,208 DE
81 % 71 % 79 % 75 % 76 % 62 % 60 % 50 % 100 % 0 % 29 % 47 % 47 % 74 %
DUNWOODY 306 212 186 116 882 624 835 569 66 33 45 27 38 28 32 15 2 2 0 0 25 18 24 14 337 189 2,778 1,847 DF
69 % 62 % 71 % 68 % 50 % 60 % 74 % 47 % 100 % 0 % 72 % 58 % 56 % 66 %
DUNWOODY_E 15 11 17 13 782 674 725 610 27 19 22 17 7 5 7 4 0 0 1 1 10 8 9 8 80 58 1,702 1,428 DG
73 % 76 % 86 % 84 % 70 % 77 % 71 % 57 % 0 % 100 % 80 % 89 % 73 % 84 %
DRUID_HILL 111 54 56 22 967 627 882 538 97 31 81 23 23 9 18 6 1 0 1 0 28 10 22 9 164 76 2,451 1,405 DH
49 % 39 % 65 % 61 % 32 % 28 % 39 % 33 % 0 % 0 % 36 % 41 % 46 % 57 %
DUNWOODY_L 18 14 15 12 1,026 901 961 817 25 20 27 21 14 8 13 5 1 0 0 0 12 5 9 7 114 69 2,235 1,879 DI
78 % 80 % 88 % 85 % 80 % 78 % 57 % 38 % 0 % 0 % 42 % 78 % 61 % 84 %
EAST_LAKE 1,126 857 803 482 522 402 451 337 16 10 3 2 15 12 15 13 1 1 0 0 10 8 15 4 200 114 3,177 2,242 EA
76 % 60 % 77 % 75 % 63 % 67 % 80 % 87 % 100 % 0 % 80 % 27 % 57 % 71 %
EB 0 1 0 0 0 0 0 0 0 0 0 0 0 0 0 0 0 0 0 0 0 0 0 0 0 0 0 1 EB
0 % 0 % 0 % 0 % 0 % 0 % 0 % 0 % 0 % 0 % 0 % 0 % 0 % 0 %
EMBRY_HILL 126 92 91 66 626 517 577 470 35 20 33 16 45 35 36 21 2 1 1 1 15 9 26 15 95 56 1,708 1,319 EC
73 % 73 % 83 % 81 % 57 % 48 % 78 % 58 % 50 % 100 % 60 % 58 % 59 % 77 %
EPWORTH_(A 103 81 111 69 1,548 1,275 1,270 978 31 22 21 14 31 26 23 20 1 1 0 0 23 14 30 21 240 173 3,432 2,694 EE
79 % 62 % 82 % 77 % 71 % 67 % 84 % 87 % 100 % 0 % 61 % 70 % 72 % 78 %
EVANSDALE 378 269 238 141 792 649 649 542 65 37 73 46 31 20 22 14 1 0 0 0 19 13 17 8 182 94 2,467 1,833 EF
71 % 59 % 82 % 84 % 57 % 63 % 65 % 64 % 0 % 0 % 68 % 47 % 52 % 74 %
EMORY_SOUT 68 49 59 40 1,301 945 1,175 857 30 16 24 12 20 14 17 13 0 0 2 1 29 15 17 10 272 167 3,014 2,139 EG
72 % 68 % 73 % 73 % 53 % 50 % 70 % 76 % 0 % 50 % 52 % 59 % 61 % 71 %
EP08A 0 1 0 0 0 0 0 0 0 0 0 0 0 0 0 0 0 0 0 0 0 0 0 0 0 1 0 2 EP08A
0 % 0 % 0 % 0 % 0 % 0 % 0 % 0 % 0 % 0 % 0 % 0 % 0 % 0 %
EMORY_ROAD 78 31 30 13 377 226 273 160 66 23 47 21 13 7 9 3 0 0 0 0 13 6 11 3 78 50 995 543 ER
40 % 43 % 60 % 59 % 35 % 45 % 54 % 33 % 0 % 0 % 46 % 27 % 64 % 55 %
FAIRINGTON 2,157 1,624 1,247 782 44 25 24 14 0 0 1 0 14 8 3 3 0 0 0 0 24 12 11 8 234 117 3,759 2,593 FA
75 % 63 % 57 % 58 % 0 % 0 % 57 % 100 % 0 % 0 % 50 % 73 % 50 % 69 %
FERNBANK_E 37 29 19 15 950 783 912 747 18 14 16 9 16 12 8 4 0 0 0 0 16 14 14 7 125 82 2,131 1,716 FB
78 % 79 % 82 % 82 % 78 % 56 % 75 % 50 % 0 % 0 % 88 % 50 % 66 % 81 %
FLAT_SHOAL 1,004 792 690 452 17 13 16 9 2 0 2 1 2 1 1 0 0 0 0 0 10 6 6 4 93 53 1,843 1,331 FC
79 % 66 % 76 % 56 % 0 % 50 % 50 % 0 % 0 % 0 % 60 % 67 % 57 % 72 %
FLAT_SHOAL 1,548 1,300 1,094 827 34 25 18 12 3 2 0 0 1 0 3 2 0 0 0 0 12 6 10 6 147 91 2,870 2,271 FE
84 % 76 % 74 % 67 % 67 % 0 % 0 % 67 % 0 % 0 % 50 % 60 % 62 % 79 %
FLAT_ROCK 1,342 1,151 824 605 31 22 23 16 0 0 1 1 6 5 1 1 0 0 0 0 12 10 4 3 158 98 2,402 1,912 FG
86 % 73 % 71 % 70 % 0 % 100 % 83 % 100 % 0 % 0 % 83 % 75 % 62 % 80 %
FLAT_SHOAL 956 712 702 437 13 7 10 6 0 0 0 0 5 1 8 4 0 0 0 0 7 5 4 4 99 46 1,804 1,222 FJ
74 % 62 % 54 % 60 % 0 % 0 % 20 % 50 % 0 % 0 % 71 % 100 % 46 % 68 %
FLAKES_MIL 863 721 585 400 20 15 19 15 2 2 0 0 3 1 2 2 0 0 0 0 5 4 6 3 83 51 1,588 1,214 FK
84 % 68 % 75 % 79 % 100 % 0 % 33 % 100 % 0 % 0 % 80 % 50 % 61 % 76 %
FLAT_SHOAL 1,137 884 675 441 24 16 18 11 1 1 0 0 7 4 1 0 0 0 1 1 8 6 7 5 126 70 2,005 1,439 FL
78 % 65 % 67 % 61 % 100 % 0 % 57 % 0 % 0 % 100 % 75 % 71 % 56 % 72 %
FREEDOM_MI 1,106 872 817 534 136 107 120 95 9 4 12 5 23 14 10 6 2 0 1 0 21 15 11 5 148 81 2,416 1,738 FM
79 % 65 % 79 % 79 % 44 % 42 % 61 % 60 % 0 % 0 % 71 % 45 % 55 % 72 %
FO02 0 0 0 0 0 1 0 0 0 0 0 0 0 0 0 0 0 0 0 0 0 0 0 0 0 0 0 1 FO02
0 % 0 % 0 % 0 % 0 % 0 % 0 % 0 % 0 % 0 % 0 % 0 % 0 % 0 %
FP2 0 1 0 0 0 0 0 0 0 0 0 0 0 0 0 0 0 0 0 0 0 0 0 0 0 0 0 1 FP2
0 % 0 % 0 % 0 % 0 % 0 % 0 % 0 % 0 % 0 % 0 % 0 % 0 % 0 %
FP6 0 1 0 0 0 0 0 0 0 0 0 0 0 0 0 0 0 0 0 0 0 0 0 0 0 0 0 1 FP6
0 % 0 % 0 % 0 % 0 % 0 % 0 % 0 % 0 % 0 % 0 % 0 % 0 % 0 %
F3 0 0 0 1 0 0 0 0 0 0 0 0 0 0 0 0 0 0 0 0 0 0 0 0 0 0 0 1 F3
0 % 0 % 0 % 0 % 0 % 0 % 0 % 0 % 0 % 0 % 0 % 0 % 0 % 0 %
GLENNWOOD 219 132 63 41 698 532 536 408 27 18 7 3 26 17 10 6 1 1 1 0 26 19 10 6 143 72 1,767 1,255 GA
60 % 65 % 76 % 76 % 67 % 43 % 65 % 60 % 100 % 0 % 73 % 60 % 50 % 71 %
GLENHAVEN 584 452 465 325 66 52 61 48 15 12 13 7 6 4 4 2 1 0 0 0 16 11 5 3 66 37 1,302 953 GB
77 % 70 % 79 % 79 % 80 % 54 % 67 % 50 % 0 % 0 % 69 % 60 % 56 % 73 %
GRESHAM_RO 1,130 889 765 516 170 125 184 125 6 5 1 1 8 6 13 9 1 1 0 0 17 11 10 7 162 101 2,467 1,796 GC
79 % 67 % 74 % 68 % 83 % 100 % 75 % 69 % 100 % 0 % 65 % 70 % 62 % 73 %
GEORGETOWN 434 325 231 164 1,153 803 946 639 54 27 38 16 34 23 38 24 1 1 0 0 35 27 15 9 432 246 3,411 2,304 GD
75 % 71 % 70 % 68 % 50 % 42 % 68 % 63 % 100 % 0 % 77 % 60 % 57 % 68 %
GLENWOOD_R 822 620 542 349 70 42 37 28 1 1 3 2 4 3 4 2 2 1 1 0 14 12 3 0 89 45 1,592 1,105 GF
75 % 64 % 60 % 76 % 100 % 67 % 75 % 50 % 50 % 0 % 86 % 0 % 51 % 69 %
HAMBRICK_E 1,105 850 795 544 215 160 165 123 61 30 83 39 17 9 11 4 2 0 0 0 33 19 17 6 168 79 2,672 1,863 HA
77 % 68 % 74 % 75 % 49 % 47 % 53 % 36 % 0 % 0 % 58 % 35 % 47 % 70 %
HAWTHORNE 599 462 362 222 972 751 954 699 58 34 46 27 49 32 36 21 2 1 2 1 46 29 26 15 327 184 3,479 2,478 HB
77 % 61 % 77 % 73 % 59 % 59 % 65 % 58 % 50 % 50 % 63 % 58 % 56 % 71 %
HENDERSON 262 180 172 116 908 740 827 663 64 30 51 31 30 19 24 15 2 1 0 0 34 15 18 7 184 110 2,576 1,927 HC
69 % 67 % 81 % 80 % 47 % 61 % 63 % 63 % 50 % 0 % 44 % 39 % 60 % 75 %
HUNTLEY_HI 421 290 323 177 503 387 438 324 48 36 51 30 22 14 28 13 2 0 4 2 26 18 17 11 206 107 2,089 1,409 HF
69 % 55 % 77 % 74 % 75 % 59 % 64 % 46 % 0 % 50 % 69 % 65 % 52 % 67 %
HUGH_HOWEL 194 173 197 154 524 453 470 404 26 18 14 10 8 8 12 8 0 1 0 0 13 11 14 9 69 43 1,541 1,292 HG
89 % 78 % 86 % 86 % 69 % 71 % 100 % 67 % 0 % 0 % 85 % 64 % 62 % 84 %
NARVIE_J_H 1,645 1,357 1,151 827 20 9 11 10 2 1 2 2 2 2 1 1 0 0 0 0 22 18 10 6 174 121 3,040 2,354 HH
82 % 72 % 45 % 91 % 50 % 100 % 100 % 100 % 0 % 0 % 82 % 60 % 70 % 77 %
MARGARET_H 266 195 155 90 594 417 575 404 60 34 45 25 29 20 26 18 1 1 1 0 19 14 13 7 257 145 2,041 1,370 HI
73 % 58 % 70 % 70 % 57 % 56 % 69 % 69 % 100 % 0 % 74 % 54 % 56 % 67 %
IDLEWOOD_E 607 450 405 252 339 268 253 193 36 22 35 20 22 13 13 10 3 2 0 0 15 8 22 12 132 77 1,882 1,327 IA
74 % 62 % 79 % 76 % 61 % 57 % 59 % 77 % 67 % 0 % 53 % 55 % 58 % 71 %
INDIAN_CRE 548 365 520 291 174 126 173 115 35 12 51 24 14 5 7 3 1 0 1 0 19 8 17 3 175 68 1,735 1,020 IB
67 % 56 % 72 % 66 % 34 % 47 % 36 % 43 % 0 % 0 % 42 % 18 % 39 % 59 %
JOHNSON_ES 12 10 14 12 462 381 454 371 9 7 7 5 5 4 4 2 0 0 0 0 7 6 3 3 58 37 1,035 838 JA
83 % 86 % 82 % 82 % 78 % 71 % 80 % 50 % 0 % 0 % 86 % 100 % 64 % 81 %
JOLLY_ELEM 970 607 714 377 164 123 119 94 20 12 28 15 16 8 8 4 2 0 0 0 27 20 17 10 172 83 2,257 1,353 JB
63 % 53 % 75 % 79 % 60 % 54 % 50 % 50 % 0 % 0 % 74 % 59 % 48 % 60 %
JB06 0 0 0 1 0 0 0 0 0 0 0 0 0 0 0 0 0 0 0 0 0 0 0 0 0 0 0 1 JB06
0 % 0 % 0 % 0 % 0 % 0 % 0 % 0 % 0 % 0 % 0 % 0 % 0 % 0 %
JB10 0 1 0 0 0 0 0 0 0 0 0 0 0 0 0 0 0 0 0 0 0 0 0 0 0 0 0 1 JB10
0 % 0 % 0 % 0 % 0 % 0 % 0 % 0 % 0 % 0 % 0 % 0 % 0 % 0 %
JC14 0 0 0 0 0 1 0 0 0 0 0 0 0 0 0 0 0 0 0 0 0 0 0 0 0 0 0 1 JC14
0 % 0 % 0 % 0 % 0 % 0 % 0 % 0 % 0 % 0 % 0 % 0 % 0 % 0 %
JC19 0 0 0 0 0 0 0 1 0 0 0 0 0 0 0 0 0 0 0 0 0 0 0 0 0 0 0 1 JC19
0 % 0 % 0 % 0 % 0 % 0 % 0 % 0 % 0 % 0 % 0 % 0 % 0 % 0 %
KELLEY_LAK 1,308 1,000 903 590 48 32 45 26 3 2 0 0 0 0 3 3 0 0 0 0 5 4 11 6 141 77 2,467 1,740 KA
76 % 65 % 67 % 58 % 67 % 0 % 0 % 100 % 0 % 0 % 80 % 55 % 55 % 71 %
KINGSLEY_E 20 15 18 15 1,044 894 916 775 21 11 21 12 16 11 11 4 0 0 0 0 10 8 9 5 110 77 2,196 1,827 KB
75 % 83 % 86 % 85 % 52 % 57 % 69 % 36 % 0 % 0 % 80 % 56 % 70 % 83 %
KELLEY_CHA 604 518 456 337 22 19 18 18 0 0 1 1 3 2 0 0 0 0 0 0 3 2 5 2 47 29 1,159 928 KC
86 % 74 % 86 % 100 % 0 % 100 % 67 % 0 % 0 % 0 % 67 % 40 % 62 % 80 %
KING-ML_KI 1,772 1,531 1,316 1,033 33 24 24 20 2 1 1 0 6 4 3 2 1 1 0 0 34 26 13 10 167 108 3,372 2,760 KD
86 % 78 % 73 % 83 % 50 % 0 % 67 % 67 % 100 % 0 % 76 % 77 % 65 % 82 %
KNOLLWOOD 941 739 596 370 145 104 108 76 2 1 1 1 7 6 7 6 0 0 0 0 5 4 3 0 119 72 1,934 1,379 KE
79 % 62 % 72 % 70 % 50 % 100 % 86 % 86 % 0 % 0 % 80 % 0 % 61 % 71 %
KITTREDGE 181 145 88 61 410 333 400 316 16 8 16 5 14 6 6 3 0 0 0 0 13 9 10 7 94 48 1,248 941 KF
80 % 69 % 81 % 79 % 50 % 31 % 43 % 50 % 0 % 0 % 69 % 70 % 51 % 75 %
KITTREDGE 16 14 5 4 249 217 232 190 6 5 3 3 4 4 7 4 0 0 0 0 1 0 4 2 33 21 560 464 KG
88 % 80 % 87 % 82 % 83 % 100 % 100 % 57 % 0 % 0 % 0 % 50 % 64 % 83 %
LAKESIDE_H 100 58 89 57 1,186 1,030 1,074 912 42 30 43 28 25 17 16 7 1 0 0 0 13 10 7 5 159 107 2,755 2,261 LA
58 % 64 % 87 % 85 % 71 % 65 % 68 % 44 % 0 % 0 % 77 % 71 % 67 % 82 %
LA01 0 0 0 0 0 1 0 0 0 0 0 0 0 0 0 0 0 0 0 0 0 0 0 0 0 0 0 1 LA01
0 % 0 % 0 % 0 % 0 % 0 % 0 % 0 % 0 % 0 % 0 % 0 % 0 % 0 %
LAVISTA_RO 40 30 28 13 803 614 672 498 29 19 24 16 4 5 7 3 0 0 0 0 13 8 14 8 180 103 1,814 1,317 LB
75 % 46 % 76 % 74 % 66 % 67 % 125 % 43 % 0 % 0 % 62 % 57 % 57 % 73 %
LAVISTA 224 145 204 112 629 460 716 539 33 17 31 18 13 9 19 12 1 1 1 0 18 9 20 7 219 113 2,128 1,442 LC
65 % 55 % 73 % 75 % 52 % 58 % 69 % 63 % 100 % 0 % 50 % 35 % 52 % 68 %
LITHONIA_( 609 442 357 201 56 32 39 22 1 0 1 1 9 2 7 5 1 1 0 0 8 6 5 1 55 27 1,148 740 LD
73 % 56 % 57 % 56 % 0 % 100 % 22 % 71 % 100 % 0 % 75 % 20 % 49 % 64 %
MARY_LIN_E 81 52 57 41 1,102 804 1,036 740 31 22 20 13 22 16 17 17 0 0 0 0 17 12 15 11 268 152 2,666 1,880 LE
64 % 72 % 73 % 71 % 71 % 65 % 73 % 100 % 0 % 0 % 71 % 73 % 57 % 71 %
LITHONIA_H 1,390 1,090 892 562 22 15 19 15 2 0 1 0 9 8 5 2 1 1 1 1 20 12 8 6 159 89 2,529 1,801 LH
78 % 63 % 68 % 79 % 0 % 0 % 89 % 40 % 100 % 100 % 60 % 75 % 56 % 71 %
LI01 0 0 0 0 0 0 0 0 0 0 0 0 0 1 0 0 0 0 0 0 0 0 0 0 0 0 0 1 LI01
0 % 0 % 0 % 0 % 0 % 0 % 0 % 0 % 0 % 0 % 0 % 0 % 0 % 0 %
LIVSEY_ELE 37 32 37 25 518 457 475 419 27 17 24 19 12 11 11 10 1 0 0 0 15 11 9 6 60 46 1,226 1,053 LV
86 % 68 % 88 % 88 % 63 % 79 % 92 % 91 % 0 % 0 % 73 % 67 % 77 % 86 %
ELDRIDGE_L 1,357 1,110 972 658 60 41 62 46 7 5 0 0 12 8 5 2 1 0 0 0 26 14 14 11 151 85 2,667 1,980 MA
82 % 68 % 68 % 74 % 71 % 0 % 67 % 40 % 0 % 0 % 54 % 79 % 56 % 74 %
MCNAIR_HIG 1,122 909 776 517 382 260 424 280 9 5 6 5 14 11 18 14 0 0 1 0 24 12 14 9 222 109 3,012 2,131 MB
81 % 67 % 68 % 66 % 56 % 83 % 79 % 78 % 0 % 0 % 50 % 64 % 49 % 71 %
MARBUT_ELE 1,948 1,527 1,194 782 19 14 11 7 4 1 3 2 12 5 4 3 0 0 0 0 33 25 17 4 215 123 3,460 2,493 MC
78 % 65 % 74 % 64 % 25 % 67 % 42 % 75 % 0 % 0 % 76 % 24 % 57 % 72 %
MCNAIR_MID 925 695 720 455 122 78 89 56 2 3 2 2 7 2 2 1 0 0 1 1 10 5 4 2 117 64 2,001 1,364 MD
75 % 63 % 64 % 63 % 150 % 100 % 29 % 50 % 0 % 100 % 50 % 50 % 55 % 68 %
MCLENDON 359 242 273 147 562 449 456 326 33 15 36 16 10 6 15 8 2 2 6 1 12 8 14 6 132 73 1,910 1,299 ME
67 % 54 % 80 % 71 % 45 % 44 % 60 % 53 % 100 % 17 % 67 % 43 % 55 % 68 %
MCWILLIAMS 943 782 645 473 18 18 13 8 1 1 2 0 5 2 1 0 0 0 0 0 7 6 4 2 97 57 1,736 1,349 MF
83 % 73 % 100 % 62 % 100 % 0 % 40 % 0 % 0 % 0 % 86 % 50 % 59 % 78 %
MEDLOCK_EL 66 48 41 24 933 752 691 517 24 19 24 11 21 19 21 13 1 1 1 1 20 17 8 6 97 66 1,948 1,494 MG
73 % 59 % 81 % 75 % 79 % 46 % 90 % 62 % 100 % 100 % 85 % 75 % 68 % 77 %
MIDVALE_EL 43 36 36 27 789 665 729 626 43 25 36 19 18 14 10 8 0 0 1 0 14 7 8 5 78 56 1,805 1,488 MH
84 % 75 % 84 % 86 % 58 % 53 % 78 % 80 % 0 % 0 % 50 % 63 % 72 % 82 %
MILLER_GRO 1,649 1,271 1,041 646 27 13 17 7 3 1 1 1 17 9 8 4 2 1 2 0 29 18 9 3 211 122 3,016 2,096 MI
77 % 62 % 48 % 41 % 33 % 100 % 53 % 50 % 50 % 0 % 62 % 33 % 58 % 69 %
MONTCLAIR 445 318 363 215 389 242 367 241 31 15 32 18 42 23 41 17 0 0 0 0 24 13 17 12 231 112 1,982 1,226 MJ
71 % 59 % 62 % 66 % 48 % 56 % 55 % 41 % 0 % 0 % 54 % 71 % 48 % 62 %
MONTREAL 232 185 153 98 439 351 376 305 18 11 22 14 14 8 15 13 1 1 1 0 16 9 16 10 100 65 1,403 1,070 MK
80 % 64 % 80 % 81 % 61 % 64 % 57 % 87 % 100 % 0 % 56 % 63 % 65 % 76 %
MEADOWVIEW 1,325 1,050 1,051 729 113 72 97 68 2 1 0 0 7 3 7 6 1 0 1 0 7 6 7 2 164 88 2,782 2,025 ML
79 % 69 % 64 % 70 % 50 % 0 % 43 % 86 % 0 % 0 % 86 % 29 % 54 % 73 %
ML06 0 0 0 0 0 0 0 0 0 0 0 0 0 0 0 0 0 0 0 0 0 0 0 0 0 1 0 1 ML06
0 % 0 % 0 % 0 % 0 % 0 % 0 % 0 % 0 % 0 % 0 % 0 % 0 % 0 %
MEMORIAL_N 1,031 665 936 499 197 157 148 115 53 25 57 29 9 4 10 5 2 0 2 1 33 13 36 16 253 90 2,767 1,619 MM
65 % 53 % 80 % 78 % 47 % 51 % 44 % 50 % 0 % 50 % 39 % 44 % 36 % 59 %
MEMORIAL_S 722 502 453 233 70 50 67 48 17 10 17 9 11 5 5 3 1 1 0 0 15 7 6 3 98 47 1,482 918 MN
70 % 51 % 71 % 72 % 59 % 53 % 45 % 60 % 100 % 0 % 47 % 50 % 48 % 62 %
MIDWAY_ELE 994 712 752 411 232 164 154 107 7 4 10 5 10 7 9 4 0 0 0 0 12 3 14 6 160 81 2,354 1,504 MO
72 % 55 % 71 % 69 % 57 % 50 % 70 % 44 % 0 % 0 % 25 % 43 % 51 % 64 %
MO1 0 1 0 0 0 0 0 0 0 0 0 0 0 0 0 0 0 0 0 0 0 0 0 0 0 0 0 1 MO1
0 % 0 % 0 % 0 % 0 % 0 % 0 % 0 % 0 % 0 % 0 % 0 % 0 % 0 %
MO7 0 0 0 0 0 0 0 0 0 0 0 0 0 0 0 0 0 0 0 0 0 0 0 0 0 1 0 1 MO7
0 % 0 % 0 % 0 % 0 % 0 % 0 % 0 % 0 % 0 % 0 % 0 % 0 % 0 %
MCNAIR_ACA 652 516 477 313 193 152 149 110 2 2 5 4 6 3 4 4 1 1 0 0 7 7 8 2 89 51 1,593 1,165 MP
79 % 66 % 79 % 74 % 100 % 80 % 50 % 100 % 100 % 0 % 100 % 25 % 57 % 73 %
MOUNT_VERN 34 29 35 33 1,049 894 929 778 46 32 32 20 13 11 8 7 0 0 0 0 11 8 9 5 121 89 2,287 1,906 MQ
85 % 94 % 85 % 84 % 70 % 63 % 85 % 88 % 0 % 0 % 73 % 56 % 74 % 83 %
BOB_MATHIS 1,203 1,048 936 727 71 55 59 44 1 0 0 0 5 3 6 2 0 0 1 1 12 12 7 6 118 83 2,419 1,981 MR
87 % 78 % 77 % 75 % 0 % 0 % 60 % 33 % 0 % 100 % 100 % 86 % 70 % 82 %
MR1A 0 1 0 0 0 0 0 0 0 0 0 0 0 0 0 0 0 0 0 0 0 0 0 0 0 0 0 1 MR1A
0 % 0 % 0 % 0 % 0 % 0 % 0 % 0 % 0 % 0 % 0 % 0 % 0 % 0 %
MR4A 0 0 0 0 0 1 0 0 0 0 0 0 0 0 0 0 0 0 0 0 0 0 0 0 0 0 0 1 MR4A
0 % 0 % 0 % 0 % 0 % 0 % 0 % 0 % 0 % 0 % 0 % 0 % 0 % 0 %
MR6A 0 0 0 0 0 0 0 1 0 0 0 0 0 0 0 0 0 0 0 0 0 0 0 0 0 0 0 1 MR6A
0 % 0 % 0 % 0 % 0 % 0 % 0 % 0 % 0 % 0 % 0 % 0 % 0 % 0 %
MOUNT_VERN 61 50 42 27 876 704 784 649 45 26 42 23 11 11 7 7 1 1 1 1 12 6 13 7 130 83 2,025 1,595 MS
82 % 64 % 80 % 83 % 58 % 55 % 100 % 100 % 100 % 100 % 50 % 54 % 64 % 79 %
METROPOLIT 638 487 520 307 457 340 488 357 7 4 11 7 11 7 9 6 0 0 1 0 15 9 14 8 174 95 2,345 1,627 MT
76 % 59 % 74 % 73 % 57 % 64 % 64 % 67 % 0 % 0 % 60 % 57 % 55 % 69 %
MONTGOMERY 95 79 73 55 1,521 1,280 1,322 1,111 40 32 44 30 20 15 16 7 2 0 0 0 20 14 29 20 187 124 3,369 2,767 MU
83 % 75 % 84 % 84 % 80 % 68 % 75 % 44 % 0 % 0 % 70 % 69 % 66 % 82 %
MILLER_GRO 956 848 752 571 20 16 16 13 2 1 0 0 3 2 2 1 0 0 0 0 11 7 2 2 83 49 1,847 1,510 MV
89 % 76 % 80 % 81 % 50 % 0 % 67 % 50 % 0 % 0 % 64 % 100 % 59 % 82 %
MIDVALE_RO 428 346 204 134 750 612 616 501 47 27 41 24 26 19 24 19 1 1 0 0 19 14 15 8 169 110 2,340 1,815 MW
81 % 66 % 82 % 81 % 57 % 59 % 73 % 79 % 100 % 0 % 74 % 53 % 65 % 78 %
MILLER_GRO 1,402 1,045 767 435 16 11 12 6 7 6 2 1 2 1 2 1 1 0 0 0 13 8 7 4 130 60 2,361 1,578 MZ
75 % 57 % 69 % 50 % 86 % 50 % 50 % 50 % 0 % 0 % 62 % 57 % 46 % 67 %
NORTH_DECA 287 196 194 96 447 308 325 204 35 19 36 20 13 8 8 5 5 1 3 1 10 5 8 2 120 61 1,491 926 NB
68 % 49 % 69 % 63 % 54 % 56 % 62 % 63 % 20 % 33 % 50 % 25 % 51 % 62 %
NORTH_HAIR 721 566 489 313 171 137 162 127 20 8 36 20 11 4 8 5 0 0 0 0 25 18 11 5 128 73 1,782 1,276 NC
79 % 64 % 80 % 78 % 40 % 56 % 36 % 63 % 0 % 0 % 72 % 45 % 57 % 72 %
NORTHLAKE 32 30 37 30 590 491 439 374 23 15 26 18 5 3 7 6 0 0 0 0 12 10 8 8 74 40 1,253 1,025 ND
94 % 81 % 83 % 85 % 65 % 69 % 60 % 86 % 0 % 0 % 83 % 100 % 54 % 82 %
NORTH_PEAC 227 155 154 91 408 335 379 295 36 21 28 13 44 23 35 15 2 1 0 0 17 10 13 7 122 74 1,465 1,040 NF
68 % 59 % 82 % 78 % 58 % 46 % 52 % 43 % 50 % 0 % 59 % 54 % 61 % 71 %
OAK_GROVE 74 54 57 39 761 644 733 587 51 43 46 36 18 11 15 10 0 0 1 0 17 14 13 10 115 73 1,901 1,521 OA
73 % 68 % 85 % 80 % 84 % 78 % 61 % 67 % 0 % 0 % 82 % 77 % 63 % 80 %
OAKCLIFF_E 133 83 120 60 216 170 221 166 114 56 118 65 97 69 77 54 2 0 1 0 18 11 21 12 147 73 1,285 819 OB
62 % 50 % 79 % 75 % 49 % 55 % 71 % 70 % 0 % 0 % 61 % 57 % 50 % 64 %
OAKHURST_( 518 422 336 220 807 669 650 534 14 9 15 13 11 10 6 6 0 0 0 0 18 14 12 8 150 102 2,537 2,007 OK
81 % 65 % 83 % 82 % 64 % 87 % 91 % 100 % 0 % 0 % 78 % 67 % 68 % 79 %
OT 0 0 0 0 0 0 0 0 0 0 0 0 0 0 0 0 0 0 0 0 0 0 0 0 0 1 0 1 OT
0 % 0 % 0 % 0 % 0 % 0 % 0 % 0 % 0 % 0 % 0 % 0 % 0 % 0 %
OAK_VIEW_E 2,091 1,687 1,409 966 21 16 27 21 4 3 0 0 12 7 6 4 0 0 1 0 23 12 14 6 225 124 3,833 2,846 OV
81 % 69 % 76 % 78 % 75 % 0 % 58 % 67 % 0 % 0 % 52 % 43 % 55 % 74 %
PEACHCREST 805 607 515 312 153 110 116 86 4 4 3 1 7 3 6 5 0 0 0 0 12 8 3 1 92 48 1,716 1,185 PA
75 % 61 % 72 % 74 % 100 % 33 % 43 % 83 % 0 % 0 % 67 % 33 % 52 % 69 %
PEACHTREE 588 426 282 177 736 551 482 346 53 20 38 19 39 33 35 18 0 0 0 0 30 18 23 14 271 162 2,577 1,784 PB
72 % 63 % 75 % 72 % 38 % 50 % 85 % 51 % 0 % 0 % 60 % 61 % 60 % 69 %
PRINCETON 891 744 662 486 32 23 32 23 0 0 1 1 5 5 7 4 3 3 0 0 13 11 6 3 98 71 1,750 1,374 PC
84 % 73 % 72 % 72 % 0 % 100 % 100 % 57 % 100 % 0 % 85 % 50 % 72 % 79 %
PINE_LAKE 75 58 38 26 262 200 121 95 2 0 2 1 4 3 5 2 1 1 0 0 6 3 2 2 30 15 548 406 PE
77 % 68 % 76 % 79 % 0 % 50 % 75 % 40 % 100 % 0 % 50 % 100 % 50 % 74 %
PLEASANTDA 917 569 705 383 443 314 376 271 34 18 32 9 95 45 66 35 0 0 1 0 37 22 29 14 348 158 3,083 1,838 PF
62 % 54 % 71 % 72 % 53 % 28 % 47 % 53 % 0 % 0 % 59 % 48 % 45 % 60 %
PONCE_DE_L 360 240 183 97 703 566 569 455 15 13 10 6 9 8 7 5 0 0 1 0 20 16 7 3 120 77 2,004 1,486 PG
67 % 53 % 81 % 80 % 87 % 60 % 89 % 71 % 0 % 0 % 80 % 43 % 64 % 74 %
PANOLA 565 458 495 349 33 27 24 18 2 0 2 2 8 4 3 2 0 0 0 0 8 5 8 5 69 46 1,217 916 PH
81 % 71 % 82 % 75 % 0 % 100 % 50 % 67 % 0 % 0 % 63 % 63 % 67 % 75 %
PANOLA_WAY 884 641 584 362 22 15 24 14 3 2 0 0 5 1 8 4 1 0 0 0 8 5 11 6 92 50 1,642 1,100 PI
73 % 62 % 68 % 58 % 67 % 0 % 20 % 50 % 0 % 0 % 63 % 55 % 54 % 67 %
PINEY_GROV 627 454 394 216 115 88 127 93 1 1 1 1 5 3 5 2 0 0 0 0 9 5 7 5 101 48 1,392 916 PN
72 % 55 % 77 % 73 % 100 % 100 % 60 % 40 % 0 % 0 % 56 % 71 % 48 % 66 %
PANOLA_ROA 941 751 540 350 8 2 3 1 0 0 1 0 6 2 2 0 0 0 0 0 14 10 4 2 82 49 1,601 1,167 PR
80 % 65 % 25 % 33 % 0 % 0 % 33 % 0 % 0 % 0 % 71 % 50 % 60 % 73 %
PS3A 0 0 0 0 0 1 0 0 0 0 0 0 0 0 0 0 0 0 0 0 0 0 0 0 0 0 0 1 PS3A
0 % 0 % 0 % 0 % 0 % 0 % 0 % 0 % 0 % 0 % 0 % 0 % 0 % 0 %
RAINBOW_EL 1,653 1,388 1,136 830 41 31 46 33 5 3 2 1 4 1 2 0 1 0 1 1 20 13 18 10 152 96 3,081 2,407 RA
84 % 73 % 76 % 72 % 60 % 50 % 25 % 0 % 0 % 100 % 65 % 56 % 63 % 78 %
REDAN_ELEM 1,219 1,023 889 650 19 12 14 8 6 1 2 1 10 7 5 4 0 0 1 1 14 10 16 11 147 101 2,342 1,829 RC
84 % 73 % 63 % 57 % 17 % 50 % 70 % 80 % 0 % 100 % 71 % 69 % 69 % 78 %
REHOBOTH 160 116 103 66 724 594 540 436 23 16 23 13 24 18 17 13 2 1 2 0 10 7 7 4 106 60 1,741 1,344 RD
73 % 64 % 82 % 81 % 70 % 57 % 75 % 76 % 50 % 0 % 70 % 57 % 57 % 77 %
RD06 0 0 0 1 0 0 0 0 0 0 0 0 0 0 0 0 0 0 0 0 0 0 0 0 0 0 0 1 RD06
0 % 0 % 0 % 0 % 0 % 0 % 0 % 0 % 0 % 0 % 0 % 0 % 0 % 0 %
ROCKBRIDGE 1,276 913 896 531 164 124 137 102 8 5 4 4 21 15 9 6 2 0 1 1 17 9 13 6 146 72 2,694 1,788 RE
72 % 59 % 76 % 74 % 63 % 100 % 71 % 67 % 0 % 100 % 53 % 46 % 49 % 66 %
ROCK_CHAPE 1,110 918 771 550 38 24 32 19 5 4 3 3 8 8 5 2 0 0 1 1 13 9 7 4 140 91 2,133 1,633 RF
83 % 71 % 63 % 59 % 80 % 100 % 100 % 40 % 0 % 100 % 69 % 57 % 65 % 77 %
ROWLAND_EL 1,332 984 936 546 119 80 79 51 6 3 8 4 13 11 7 4 4 1 1 0 20 13 11 8 160 80 2,696 1,785 RG
74 % 58 % 67 % 65 % 50 % 50 % 85 % 57 % 25 % 0 % 65 % 73 % 50 % 66 %
REDAN-TROT 1,638 1,313 1,107 751 28 20 34 19 2 1 2 2 7 6 4 0 0 0 0 0 21 11 16 8 187 118 3,046 2,249 RH
80 % 68 % 71 % 56 % 50 % 100 % 86 % 0 % 0 % 0 % 52 % 50 % 63 % 74 %
ROCKBRIDGE 1,472 1,237 1,102 851 74 57 57 46 4 1 2 0 9 6 3 3 0 0 0 0 19 14 15 8 169 97 2,926 2,320 RI
84 % 77 % 77 % 81 % 25 % 0 % 67 % 100 % 0 % 0 % 74 % 53 % 57 % 79 %
ROWLAND_RO 693 566 581 406 109 84 103 80 11 6 10 6 1 0 2 2 0 0 1 1 15 12 12 10 89 51 1,627 1,224 RJ
82 % 70 % 77 % 78 % 55 % 60 % 0 % 100 % 0 % 100 % 80 % 83 % 57 % 75 %
REDAN_ROAD 1,186 946 822 549 52 35 36 25 2 1 1 0 8 3 3 2 1 1 1 0 14 8 9 4 111 67 2,246 1,641 RK
80 % 67 % 67 % 69 % 50 % 0 % 38 % 67 % 100 % 0 % 57 % 44 % 60 % 73 %
ROCK_CHAPE 1,310 1,083 971 687 130 96 107 76 9 6 2 1 12 8 8 4 0 0 0 0 14 11 15 12 153 90 2,731 2,074 RL
83 % 71 % 74 % 71 % 67 % 50 % 67 % 50 % 0 % 0 % 79 % 80 % 59 % 76 %
REDAN_MIDD 1,036 850 744 520 69 55 40 28 4 2 3 1 6 2 1 1 0 0 0 0 15 8 11 9 113 73 2,042 1,549 RM
82 % 70 % 80 % 70 % 50 % 33 % 33 % 100 % 0 % 0 % 53 % 82 % 65 % 76 %
RENFROE_MI 237 196 127 82 495 414 390 320 4 3 5 5 13 10 3 2 1 0 1 0 13 8 5 3 80 61 1,374 1,104 RN
83 % 65 % 84 % 82 % 75 % 100 % 77 % 67 % 0 % 0 % 62 % 60 % 76 % 80 %
RW10 0 0 0 0 0 1 0 0 0 0 0 0 0 0 0 0 0 0 0 0 0 0 0 0 0 0 0 1 RW10
0 % 0 % 0 % 0 % 0 % 0 % 0 % 0 % 0 % 0 % 0 % 0 % 0 % 0 %
SAGAMORE_H 51 41 42 33 1,188 1,007 1,004 857 52 41 35 21 20 16 21 12 0 0 0 0 6 6 8 5 115 84 2,542 2,123 SA
80 % 79 % 85 % 85 % 79 % 60 % 80 % 57 % 0 % 0 % 100 % 63 % 73 % 84 %
SCOTT 133 88 88 56 901 700 738 571 31 20 27 11 19 12 16 13 0 0 0 0 17 10 7 3 152 92 2,129 1,576 SB
66 % 64 % 78 % 77 % 65 % 41 % 63 % 81 % 0 % 0 % 59 % 43 % 61 % 74 %
ROBERT_SHA 956 709 602 359 605 453 477 355 27 18 25 12 26 20 22 18 1 0 1 0 30 19 19 9 209 110 3,000 2,082 SC
74 % 60 % 75 % 74 % 67 % 48 % 77 % 82 % 0 % 0 % 63 % 47 % 53 % 69 %
SC05B 0 0 0 0 0 0 0 0 0 0 0 0 0 0 0 0 0 0 0 0 0 0 0 0 0 1 0 1 SC05B
0 % 0 % 0 % 0 % 0 % 0 % 0 % 0 % 0 % 0 % 0 % 0 % 0 % 0 %
SC08D 0 1 0 0 0 0 0 0 0 0 0 0 0 0 0 0 0 0 0 0 0 0 0 0 0 0 0 1 SC08D
0 % 0 % 0 % 0 % 0 % 0 % 0 % 0 % 0 % 0 % 0 % 0 % 0 % 0 %
SC14 0 0 0 1 0 0 0 0 0 0 0 0 0 0 0 0 0 0 0 0 0 0 0 0 0 0 0 1 SC14
0 % 0 % 0 % 0 % 0 % 0 % 0 % 0 % 0 % 0 % 0 % 0 % 0 % 0 %
SC212 0 1 0 0 0 0 0 0 0 0 0 0 0 0 0 0 0 0 0 0 0 0 0 0 0 0 0 1 SC212
0 % 0 % 0 % 0 % 0 % 0 % 0 % 0 % 0 % 0 % 0 % 0 % 0 % 0 %
SC29A 0 0 0 1 0 0 0 0 0 0 0 0 0 0 0 0 0 0 0 0 0 0 0 0 0 0 0 1 SC29A
0 % 0 % 0 % 0 % 0 % 0 % 0 % 0 % 0 % 0 % 0 % 0 % 0 % 0 %
STN_MTN_EL 589 485 430 311 474 381 300 260 4 4 3 2 6 3 7 4 0 0 0 0 8 3 8 5 102 74 1,931 1,532 SD
82 % 72 % 80 % 87 % 100 % 67 % 50 % 57 % 0 % 0 % 38 % 63 % 73 % 79 %
SILVER_LAK 211 150 120 84 1,401 1,100 1,157 894 38 25 25 19 30 21 27 18 1 0 1 0 31 22 26 14 276 177 3,344 2,524 SE
71 % 70 % 79 % 77 % 66 % 76 % 70 % 67 % 0 % 0 % 71 % 54 % 64 % 75 %
SKYLAND 71 52 79 43 639 512 646 506 17 15 32 22 18 12 32 15 1 0 0 0 11 9 11 6 132 72 1,689 1,264 SF
73 % 54 % 80 % 78 % 88 % 69 % 67 % 47 % 0 % 0 % 82 % 55 % 55 % 75 %
SNAPFINGER 807 682 630 474 39 31 23 16 2 1 1 0 6 5 3 2 0 0 0 0 8 5 3 1 74 45 1,596 1,262 SG
85 % 75 % 79 % 70 % 50 % 0 % 83 % 67 % 0 % 0 % 63 % 33 % 61 % 79 %
SMOKE_RISE 241 209 221 193 671 562 589 479 35 22 29 15 2 3 5 4 3 1 2 2 10 7 14 8 84 54 1,906 1,559 SH
87 % 87 % 84 % 81 % 63 % 52 % 150 % 80 % 33 % 100 % 70 % 57 % 64 % 82 %
STN_MTN_MI 1,160 743 723 401 121 84 113 68 3 0 6 3 17 6 10 4 0 0 0 0 21 12 8 3 131 57 2,313 1,381 SI
64 % 55 % 69 % 60 % 0 % 50 % 35 % 40 % 0 % 0 % 57 % 38 % 44 % 60 %
STONE_MILL 1,350 838 897 438 104 65 93 61 15 7 11 7 16 5 12 2 0 0 0 0 21 11 16 7 173 78 2,708 1,519 SJ
62 % 49 % 63 % 66 % 47 % 64 % 31 % 17 % 0 % 0 % 52 % 44 % 45 % 56 %
SHADOW_ROC 1,754 1,468 1,233 932 54 43 44 32 6 6 5 4 7 4 6 4 0 0 1 1 41 28 15 11 160 122 3,326 2,655 SK
84 % 76 % 80 % 73 % 100 % 80 % 57 % 67 % 0 % 100 % 68 % 73 % 76 % 80 %
STONEVIEW 841 586 412 216 66 44 50 21 1 0 1 0 14 7 11 2 1 1 2 1 12 7 3 1 83 38 1,497 924 SL
70 % 52 % 67 % 42 % 0 % 0 % 50 % 18 % 100 % 50 % 58 % 33 % 46 % 62 %
SALEM_MIDD 1,460 1,275 1,104 865 30 22 17 11 1 1 0 0 4 3 0 0 0 0 0 0 17 14 7 5 147 87 2,787 2,283 SM
87 % 78 % 73 % 65 % 100 % 0 % 75 % 0 % 0 % 0 % 82 % 71 % 59 % 82 %
SHAMROCK 57 43 42 22 597 497 490 388 24 16 27 18 5 4 3 2 1 1 0 0 12 8 11 10 79 52 1,348 1,061 SN
75 % 52 % 83 % 79 % 67 % 67 % 80 % 67 % 100 % 0 % 67 % 91 % 66 % 79 %
SN4A 0 0 0 1 0 0 0 0 0 0 0 0 0 0 0 0 0 0 0 0 0 0 0 0 0 0 0 1 SN4A
0 % 0 % 0 % 0 % 0 % 0 % 0 % 0 % 0 % 0 % 0 % 0 % 0 % 0 %
SN5A 0 0 0 1 0 0 0 0 0 0 0 0 0 0 0 0 0 0 0 0 0 0 0 0 0 0 0 1 SN5A
0 % 0 % 0 % 0 % 0 % 0 % 0 % 0 % 0 % 0 % 0 % 0 % 0 % 0 %
SOUTH_DESH 1,507 1,227 974 662 28 19 29 20 3 3 1 0 14 11 4 3 2 0 0 0 20 12 13 4 162 102 2,757 2,063 SO
81 % 68 % 68 % 69 % 100 % 0 % 79 % 75 % 0 % 0 % 60 % 31 % 63 % 75 %
SO01 0 0 0 0 0 0 0 1 0 0 0 0 0 0 0 0 0 0 0 0 0 0 0 0 0 0 0 1 SO01
0 % 0 % 0 % 0 % 0 % 0 % 0 % 0 % 0 % 0 % 0 % 0 % 0 % 0 %
STN_MTN_CH 1,100 814 702 449 143 104 122 87 13 6 7 4 22 14 14 6 2 1 2 1 21 11 15 12 133 71 2,296 1,580 SP
74 % 64 % 73 % 71 % 46 % 57 % 64 % 43 % 50 % 50 % 52 % 80 % 53 % 69 %
STONE_MTN 481 329 330 175 180 127 147 94 5 2 2 0 8 2 8 3 2 1 2 1 8 4 8 5 74 35 1,255 778 SQ
68 % 53 % 71 % 64 % 40 % 0 % 25 % 38 % 50 % 50 % 50 % 63 % 47 % 62 %
SNAPFINGER 1,045 803 709 454 63 44 47 30 1 1 2 1 4 2 3 4 0 0 0 0 5 2 3 0 94 49 1,976 1,390 SR
77 % 64 % 70 % 64 % 100 % 50 % 50 % 133 % 0 % 0 % 40 % 0 % 52 % 70 %
SNAPFINGER 854 732 679 509 37 33 24 19 1 0 0 0 0 0 0 0 0 0 0 0 6 5 5 2 73 38 1,679 1,338 SS
86 % 75 % 89 % 79 % 0 % 0 % 0 % 0 % 0 % 0 % 83 % 40 % 52 % 80 %
SS08A 0 0 0 0 0 0 0 0 0 0 0 0 0 0 0 0 0 0 0 0 0 0 0 0 0 1 0 1 SS08A
0 % 0 % 0 % 0 % 0 % 0 % 0 % 0 % 0 % 0 % 0 % 0 % 0 % 0 %
SS10 0 0 0 0 0 0 0 0 0 0 0 0 0 0 0 0 0 0 0 0 0 0 0 0 0 1 0 1 SS10
0 % 0 % 0 % 0 % 0 % 0 % 0 % 0 % 0 % 0 % 0 % 0 % 0 % 0 %
SS11A 0 0 0 0 0 1 0 1 0 0 0 0 0 0 0 0 0 0 0 0 0 0 0 0 0 0 0 2 SS11A
0 % 0 % 0 % 0 % 0 % 0 % 0 % 0 % 0 % 0 % 0 % 0 % 0 % 0 %
SS13A 0 1 0 0 0 0 0 0 0 0 0 0 0 0 0 0 0 0 0 0 0 0 0 0 0 0 0 1 SS13A
0 % 0 % 0 % 0 % 0 % 0 % 0 % 0 % 0 % 0 % 0 % 0 % 0 % 0 %
SS13B 0 0 0 1 0 0 0 0 0 0 0 0 0 0 0 0 0 0 0 0 0 0 0 0 0 0 0 1 SS13B
0 % 0 % 0 % 0 % 0 % 0 % 0 % 0 % 0 % 0 % 0 % 0 % 0 % 0 %
SS26 0 0 0 0 0 0 0 0 0 0 0 0 0 0 0 0 0 0 0 0 0 0 0 0 0 2 0 2 SS26
0 % 0 % 0 % 0 % 0 % 0 % 0 % 0 % 0 % 0 % 0 % 0 % 0 % 0 %
STEPHENSON 1,413 1,170 1,076 798 96 70 86 64 4 3 2 1 15 12 5 5 0 0 0 0 26 17 12 6 155 114 2,890 2,260 ST
83 % 74 % 73 % 74 % 75 % 50 % 80 % 100 % 0 % 0 % 65 % 50 % 74 % 78 %
SOUTH_HAIR 1,473 1,158 1,002 681 64 49 58 47 2 2 1 0 11 9 3 3 1 1 0 0 19 11 21 13 177 82 2,832 2,056 SU
79 % 68 % 77 % 81 % 100 % 0 % 82 % 100 % 100 % 0 % 58 % 62 % 46 % 73 %
STEPHENSON 1,409 1,158 1,056 766 102 74 86 63 5 4 8 6 7 4 5 1 0 0 0 0 26 17 16 7 152 85 2,872 2,185 SV
82 % 73 % 73 % 73 % 80 % 75 % 57 % 20 % 0 % 0 % 65 % 44 % 56 % 76 %
TERRY_MILL 1,009 796 744 467 117 85 112 84 2 0 3 3 11 7 9 8 0 0 0 0 10 5 7 4 147 83 2,171 1,542 TA
79 % 63 % 73 % 75 % 0 % 100 % 64 % 89 % 0 % 0 % 50 % 57 % 56 % 71 %
TONEY_ELEM 718 581 522 359 37 27 31 16 1 1 0 0 6 5 1 0 0 0 0 0 5 3 4 1 78 48 1,403 1,041 TC
81 % 69 % 73 % 52 % 100 % 0 % 83 % 0 % 0 % 0 % 60 % 25 % 62 % 74 %
TUCKER 144 117 107 77 1,075 900 989 797 41 25 30 15 37 27 26 14 1 1 0 0 18 13 12 8 136 90 2,616 2,084 TF
81 % 72 % 84 % 81 % 61 % 50 % 73 % 54 % 100 % 0 % 72 % 67 % 66 % 80 %
TILLY_MILL 14 11 12 12 641 540 520 439 16 10 15 8 12 7 6 4 0 0 1 0 8 6 12 8 77 54 1,334 1,099 TG
79 % 100 % 84 % 84 % 63 % 53 % 58 % 67 % 0 % 0 % 75 % 67 % 70 % 82 %
TUCKER_LIB 348 261 223 121 713 584 561 452 54 32 39 26 34 19 15 11 2 1 2 1 24 18 17 8 140 77 2,172 1,611 TH
75 % 54 % 82 % 81 % 59 % 67 % 56 % 73 % 50 % 50 % 75 % 47 % 55 % 74 %
VA01 0 0 0 0 0 1 0 0 0 0 0 0 0 0 0 0 0 0 0 0 0 0 0 0 0 0 0 1 VA01
0 % 0 % 0 % 0 % 0 % 0 % 0 % 0 % 0 % 0 % 0 % 0 % 0 % 0 %
VALLEY_BRO 77 62 38 24 283 223 228 184 16 11 9 5 5 3 4 2 0 0 1 0 9 6 4 3 44 27 718 550 VB
81 % 63 % 79 % 81 % 69 % 56 % 60 % 50 % 0 % 0 % 67 % 75 % 61 % 77 %
VG02 0 1 0 1 0 0 0 0 0 0 0 0 0 0 0 0 0 0 0 0 0 0 0 0 0 0 0 2 VG02
0 % 0 % 0 % 0 % 0 % 0 % 0 % 0 % 0 % 0 % 0 % 0 % 0 % 0 %
VG03 0 1 0 0 0 0 0 0 0 0 0 0 0 0 0 0 0 0 0 0 0 0 0 0 0 0 0 1 VG03
0 % 0 % 0 % 0 % 0 % 0 % 0 % 0 % 0 % 0 % 0 % 0 % 0 % 0 %
VV1 0 0 0 0 0 1 0 0 0 0 0 0 0 0 0 0 0 0 0 0 0 0 0 0 0 0 0 1 VV1
0 % 0 % 0 % 0 % 0 % 0 % 0 % 0 % 0 % 0 % 0 % 0 % 0 % 0 %
WADSWORTH 1,332 1,063 921 579 62 39 44 28 6 3 1 0 6 2 3 2 0 0 1 0 14 7 10 3 130 66 2,530 1,792 WA
80 % 63 % 63 % 64 % 50 % 0 % 33 % 67 % 0 % 0 % 50 % 30 % 51 % 71 %
WESLEY_CHA 1,351 1,149 1,043 784 31 19 22 16 0 0 0 0 11 8 5 3 0 0 0 0 10 6 8 4 134 86 2,615 2,075 WB
85 % 75 % 61 % 73 % 0 % 0 % 73 % 60 % 0 % 0 % 60 % 50 % 64 % 79 %
WOODROW_RO 2,643 2,051 1,487 1,013 120 71 85 59 4 3 7 4 23 12 7 6 0 0 4 1 36 24 27 12 285 160 4,728 3,416 WD
78 % 68 % 59 % 69 % 75 % 57 % 52 % 86 % 0 % 25 % 67 % 44 % 56 % 72 %
WINNONA_PA 133 109 102 67 751 614 586 470 14 11 7 4 10 8 16 11 0 0 0 0 19 13 14 10 93 62 1,745 1,379 WF
82 % 66 % 82 % 80 % 79 % 57 % 80 % 69 % 0 % 0 % 68 % 71 % 67 % 79 %
WOODRIDGE 1,399 1,146 966 633 90 70 66 48 8 3 11 4 10 8 6 2 0 0 2 1 29 20 17 8 149 78 2,753 2,021 WG
82 % 66 % 78 % 73 % 38 % 36 % 80 % 33 % 0 % 50 % 69 % 47 % 52 % 73 %
WG01 0 0 0 0 0 0 0 1 0 0 0 0 0 0 0 0 0 0 0 0 0 0 0 0 0 0 0 1 WG01
0 % 0 % 0 % 0 % 0 % 0 % 0 % 0 % 0 % 0 % 0 % 0 % 0 % 0 %
WARREN_TEC 188 126 160 87 500 388 492 399 68 43 82 55 49 26 47 30 1 1 0 0 20 10 13 9 156 78 1,776 1,252 WI
67 % 54 % 78 % 81 % 63 % 67 % 53 % 64 % 100 % 0 % 50 % 69 % 50 % 70 %
WOODWARD_E 303 217 219 159 478 338 529 396 25 18 33 23 20 12 27 19 1 0 0 0 25 14 20 11 192 113 1,872 1,320 WJ
72 % 73 % 71 % 75 % 72 % 70 % 60 % 70 % 0 % 0 % 56 % 55 % 59 % 71 %
WHITE_OAK 1,201 938 832 513 26 19 30 19 4 2 0 0 11 7 6 3 0 0 0 0 18 12 13 7 139 77 2,280 1,597 WK
78 % 62 % 73 % 63 % 50 % 0 % 64 % 50 % 0 % 0 % 67 % 54 % 55 % 70 %
WINTERS_CH 43 35 31 27 551 456 478 410 23 17 17 12 12 9 6 5 0 0 1 1 7 3 5 4 72 45 1,246 1,024 WL
81 % 87 % 83 % 86 % 74 % 71 % 75 % 83 % 0 % 100 % 43 % 80 % 63 % 82 %
WYNBROOKE 1,325 1,124 982 786 103 73 94 66 8 4 4 4 9 8 8 3 0 0 0 0 23 19 11 7 160 104 2,727 2,198 WN
85 % 80 % 71 % 70 % 50 % 100 % 89 % 38 % 0 % 0 % 83 % 64 % 65 % 81 %
YOUNG_ROAD 795 682 562 407 29 20 34 25 0 0 0 0 8 7 4 5 0 0 0 0 17 10 13 9 94 55 1,556 1,220 YA
86 % 72 % 69 % 74 % 0 % 0 % 88 % 125 % 0 % 0 % 59 % 69 % 59 % 78 %
004 0 1 0 0 0 0 0 0 0 0 0 0 0 0 0 0 0 0 0 0 0 0 0 0 0 0 0 1 004
0 % 0 % 0 % 0 % 0 % 0 % 0 % 0 % 0 % 0 % 0 % 0 % 0 % 0 %
01A 0 1 0 0 0 0 0 0 0 0 0 0 0 0 0 0 0 0 0 0 0 0 0 0 0 0 0 1 01A
0 % 0 % 0 % 0 % 0 % 0 % 0 % 0 % 0 % 0 % 0 % 0 % 0 % 0 %
01B 0 0 0 0 0 0 0 1 0 0 0 0 0 0 0 0 0 0 0 0 0 0 0 0 0 0 0 1 01B
0 % 0 % 0 % 0 % 0 % 0 % 0 % 0 % 0 % 0 % 0 % 0 % 0 % 0 %
01J 0 1 0 0 0 0 0 0 0 0 0 0 0 0 0 0 0 0 0 0 0 0 0 0 0 1 0 2 01J
0 % 0 % 0 % 0 % 0 % 0 % 0 % 0 % 0 % 0 % 0 % 0 % 0 % 0 %
01R 0 1 0 0 0 0 0 0 0 0 0 0 0 0 0 0 0 0 0 0 0 0 0 0 0 0 0 1 01R
0 % 0 % 0 % 0 % 0 % 0 % 0 % 0 % 0 % 0 % 0 % 0 % 0 % 0 %
01T 0 1 0 0 0 0 0 0 0 0 0 0 0 0 0 0 0 0 0 0 0 0 0 0 0 0 0 1 01T
0 % 0 % 0 % 0 % 0 % 0 % 0 % 0 % 0 % 0 % 0 % 0 % 0 % 0 %
011 0 0 0 0 0 0 0 0 0 0 0 0 0 1 0 0 0 0 0 0 0 0 0 0 0 0 0 1 011
0 % 0 % 0 % 0 % 0 % 0 % 0 % 0 % 0 % 0 % 0 % 0 % 0 % 0 %
017 0 0 0 0 0 0 0 1 0 0 0 0 0 0 0 0 0 0 0 0 0 0 0 0 0 0 0 1 017
0 % 0 % 0 % 0 % 0 % 0 % 0 % 0 % 0 % 0 % 0 % 0 % 0 % 0 %
02B 0 0 0 3 0 0 0 0 0 0 0 0 0 0 0 0 0 0 0 0 0 0 0 0 0 0 0 3 02B
0 % 0 % 0 % 0 % 0 % 0 % 0 % 0 % 0 % 0 % 0 % 0 % 0 % 0 %
02C 0 1 0 0 0 0 0 0 0 0 0 0 0 0 0 0 0 0 0 0 0 0 0 0 0 0 0 1 02C
0 % 0 % 0 % 0 % 0 % 0 % 0 % 0 % 0 % 0 % 0 % 0 % 0 % 0 %
02F1 0 0 0 0 0 1 0 0 0 0 0 0 0 1 0 0 0 0 0 0 0 0 0 0 0 0 0 2 02F1
0 % 0 % 0 % 0 % 0 % 0 % 0 % 0 % 0 % 0 % 0 % 0 % 0 % 0 %
02F2 0 1 0 0 0 0 0 0 0 0 0 0 0 0 0 0 0 0 0 0 0 0 0 0 0 0 0 1 02F2
0 % 0 % 0 % 0 % 0 % 0 % 0 % 0 % 0 % 0 % 0 % 0 % 0 % 0 %
02S 0 1 0 0 0 2 0 0 0 0 0 0 0 0 0 0 0 0 0 0 0 0 0 0 0 2 0 5 02S
0 % 0 % 0 % 0 % 0 % 0 % 0 % 0 % 0 % 0 % 0 % 0 % 0 % 0 %
020 0 0 0 1 0 0 0 0 0 0 0 0 0 0 0 0 0 0 0 0 0 0 0 0 0 0 0 1 020
0 % 0 % 0 % 0 % 0 % 0 % 0 % 0 % 0 % 0 % 0 % 0 % 0 % 0 %
03N 0 1 0 0 0 0 0 0 0 0 0 0 0 0 0 0 0 0 0 0 0 0 0 0 0 0 0 1 03N
0 % 0 % 0 % 0 % 0 % 0 % 0 % 0 % 0 % 0 % 0 % 0 % 0 % 0 %
03U 0 1 0 0 0 0 0 0 0 0 0 0 0 0 0 0 0 0 0 0 0 0 0 0 0 0 0 1 03U
0 % 0 % 0 % 0 % 0 % 0 % 0 % 0 % 0 % 0 % 0 % 0 % 0 % 0 %
036 0 0 0 0 0 1 0 0 0 0 0 0 0 0 0 0 0 0 0 0 0 0 0 0 0 0 0 1 036
0 % 0 % 0 % 0 % 0 % 0 % 0 % 0 % 0 % 0 % 0 % 0 % 0 % 0 %
04 0 0 0 1 0 1 0 0 0 0 0 0 0 0 0 0 0 0 0 0 0 1 0 0 0 0 0 3 04
0 % 0 % 0 % 0 % 0 % 0 % 0 % 0 % 0 % 0 % 0 % 0 % 0 % 0 %
04B 0 2 0 0 0 0 0 0 0 0 0 0 0 0 0 0 0 0 0 0 0 0 0 0 0 0 0 2 04B
0 % 0 % 0 % 0 % 0 % 0 % 0 % 0 % 0 % 0 % 0 % 0 % 0 % 0 %
04L 0 0 0 1 0 0 0 0 0 0 0 0 0 0 0 0 0 0 0 0 0 0 0 0 0 0 0 1 04L
0 % 0 % 0 % 0 % 0 % 0 % 0 % 0 % 0 % 0 % 0 % 0 % 0 % 0 %
04W 0 0 0 2 0 0 0 0 0 0 0 0 0 0 0 0 0 0 0 0 0 0 0 0 0 0 0 2 04W
0 % 0 % 0 % 0 % 0 % 0 % 0 % 0 % 0 % 0 % 0 % 0 % 0 % 0 %
043 0 0 0 0 0 0 0 1 0 0 0 0 0 0 0 0 0 0 0 0 0 0 0 0 0 0 0 1 043
0 % 0 % 0 % 0 % 0 % 0 % 0 % 0 % 0 % 0 % 0 % 0 % 0 % 0 %
05A1 0 0 0 0 0 1 0 0 0 0 0 0 0 0 0 0 0 0 0 0 0 0 0 0 0 0 0 1 05A1
0 % 0 % 0 % 0 % 0 % 0 % 0 % 0 % 0 % 0 % 0 % 0 % 0 % 0 %
05A2 0 1 0 0 0 0 0 0 0 0 0 0 0 0 0 0 0 0 0 0 0 0 0 0 0 0 0 1 05A2
0 % 0 % 0 % 0 % 0 % 0 % 0 % 0 % 0 % 0 % 0 % 0 % 0 % 0 %
05B 0 0 0 1 0 0 0 0 0 0 0 0 0 1 0 0 0 0 0 0 0 0 0 0 0 0 0 2 05B
0 % 0 % 0 % 0 % 0 % 0 % 0 % 0 % 0 % 0 % 0 % 0 % 0 % 0 %
058 0 1 0 0 0 0 0 0 0 0 0 0 0 0 0 0 0 0 0 0 0 0 0 0 0 0 0 1 058
0 % 0 % 0 % 0 % 0 % 0 % 0 % 0 % 0 % 0 % 0 % 0 % 0 % 0 %
06A 0 0 0 0 0 0 0 0 0 0 0 0 0 0 0 0 0 0 0 0 0 0 0 0 0 1 0 1 06A
0 % 0 % 0 % 0 % 0 % 0 % 0 % 0 % 0 % 0 % 0 % 0 % 0 % 0 %
06B 0 0 0 0 0 0 0 0 0 0 0 0 0 0 0 0 0 0 0 0 0 0 0 0 0 1 0 1 06B
0 % 0 % 0 % 0 % 0 % 0 % 0 % 0 % 0 % 0 % 0 % 0 % 0 % 0 %
06D 0 0 0 1 0 0 0 0 0 0 0 0 0 0 0 0 0 0 0 0 0 0 0 0 0 0 0 1 06D
0 % 0 % 0 % 0 % 0 % 0 % 0 % 0 % 0 % 0 % 0 % 0 % 0 % 0 %
06E 0 0 0 0 0 1 0 0 0 0 0 0 0 0 0 0 0 0 0 0 0 0 0 0 0 0 0 1 06E
0 % 0 % 0 % 0 % 0 % 0 % 0 % 0 % 0 % 0 % 0 % 0 % 0 % 0 %
06F 0 0 0 0 0 1 0 1 0 0 0 0 0 0 0 0 0 0 0 0 0 0 0 0 0 0 0 2 06F
0 % 0 % 0 % 0 % 0 % 0 % 0 % 0 % 0 % 0 % 0 % 0 % 0 % 0 %
06G 0 2 0 1 0 0 0 1 0 0 0 0 0 0 0 1 0 0 0 0 0 0 0 0 0 0 0 5 06G
0 % 0 % 0 % 0 % 0 % 0 % 0 % 0 % 0 % 0 % 0 % 0 % 0 % 0 %
06H 0 0 0 0 0 0 0 2 0 0 0 0 0 0 0 0 0 0 0 0 0 0 0 0 0 0 0 2 06H
0 % 0 % 0 % 0 % 0 % 0 % 0 % 0 % 0 % 0 % 0 % 0 % 0 % 0 %
06K 0 0 0 0 0 0 0 0 0 0 0 0 0 0 0 0 0 0 0 0 0 0 0 0 0 1 0 1 06K
0 % 0 % 0 % 0 % 0 % 0 % 0 % 0 % 0 % 0 % 0 % 0 % 0 % 0 %
06R 0 0 0 0 0 1 0 0 0 0 0 0 0 0 0 0 0 0 0 0 0 0 0 0 0 0 0 1 06R
0 % 0 % 0 % 0 % 0 % 0 % 0 % 0 % 0 % 0 % 0 % 0 % 0 % 0 %
063 0 0 0 0 0 0 0 0 0 1 0 0 0 0 0 0 0 0 0 0 0 0 0 0 0 0 0 1 063
0 % 0 % 0 % 0 % 0 % 0 % 0 % 0 % 0 % 0 % 0 % 0 % 0 % 0 %
07 0 1 0 0 0 1 0 0 0 0 0 0 0 0 0 0 0 0 0 0 0 0 0 0 0 0 0 2 07
0 % 0 % 0 % 0 % 0 % 0 % 0 % 0 % 0 % 0 % 0 % 0 % 0 % 0 %
07C 0 0 0 0 0 0 0 0 0 0 0 0 0 0 0 0 0 0 0 0 0 0 0 0 0 1 0 1 07C
0 % 0 % 0 % 0 % 0 % 0 % 0 % 0 % 0 % 0 % 0 % 0 % 0 % 0 %
07D 0 0 0 1 0 0 0 0 0 0 0 0 0 0 0 0 0 0 0 0 0 0 0 0 0 0 0 1 07D
0 % 0 % 0 % 0 % 0 % 0 % 0 % 0 % 0 % 0 % 0 % 0 % 0 % 0 %
07E 0 0 0 0 0 0 0 1 0 0 0 0 0 0 0 0 0 0 0 0 0 0 0 0 0 0 0 1 07E
0 % 0 % 0 % 0 % 0 % 0 % 0 % 0 % 0 % 0 % 0 % 0 % 0 % 0 %
07J 0 0 0 0 0 1 0 0 0 0 0 0 0 0 0 0 0 0 0 0 0 0 0 0 0 0 0 1 07J
0 % 0 % 0 % 0 % 0 % 0 % 0 % 0 % 0 % 0 % 0 % 0 % 0 % 0 %
07K1 0 0 0 1 0 0 0 0 0 0 0 0 0 0 0 0 0 0 0 0 0 0 0 0 0 0 0 1 07K1
0 % 0 % 0 % 0 % 0 % 0 % 0 % 0 % 0 % 0 % 0 % 0 % 0 % 0 %
07M 0 0 0 0 0 0 0 0 0 0 0 0 0 0 0 0 0 0 0 0 0 0 0 0 0 1 0 1 07M
0 % 0 % 0 % 0 % 0 % 0 % 0 % 0 % 0 % 0 % 0 % 0 % 0 % 0 %
08 0 0 0 0 0 0 0 1 0 0 0 0 0 0 0 0 0 0 0 0 0 0 0 0 0 0 0 1 08
0 % 0 % 0 % 0 % 0 % 0 % 0 % 0 % 0 % 0 % 0 % 0 % 0 % 0 %
08B 0 0 0 0 0 0 0 0 0 0 0 0 0 0 0 0 0 0 0 0 0 0 0 0 0 1 0 1 08B
0 % 0 % 0 % 0 % 0 % 0 % 0 % 0 % 0 % 0 % 0 % 0 % 0 % 0 %
08D 0 0 0 0 0 1 0 0 0 0 0 0 0 0 0 0 0 0 0 0 0 0 0 0 0 0 0 1 08D
0 % 0 % 0 % 0 % 0 % 0 % 0 % 0 % 0 % 0 % 0 % 0 % 0 % 0 %
08G 0 0 0 0 0 0 0 0 0 0 0 0 0 0 0 0 0 0 0 0 0 0 0 0 0 1 0 1 08G
0 % 0 % 0 % 0 % 0 % 0 % 0 % 0 % 0 % 0 % 0 % 0 % 0 % 0 %
08L 0 0 0 1 0 0 0 0 0 0 0 0 0 0 0 0 0 0 0 0 0 0 0 0 0 0 0 1 08L
0 % 0 % 0 % 0 % 0 % 0 % 0 % 0 % 0 % 0 % 0 % 0 % 0 % 0 %
082 0 0 0 0 0 0 0 0 0 0 0 0 0 0 0 0 0 0 0 0 0 0 0 0 0 3 0 3 082
0 % 0 % 0 % 0 % 0 % 0 % 0 % 0 % 0 % 0 % 0 % 0 % 0 % 0 %
087 0 1 0 1 0 0 0 0 0 0 0 0 0 0 0 0 0 0 0 0 0 0 0 0 0 0 0 2 087
0 % 0 % 0 % 0 % 0 % 0 % 0 % 0 % 0 % 0 % 0 % 0 % 0 % 0 %
09 0 0 0 0 0 0 0 1 0 0 0 0 0 0 0 0 0 0 0 0 0 0 0 0 0 0 0 1 09
0 % 0 % 0 % 0 % 0 % 0 % 0 % 0 % 0 % 0 % 0 % 0 % 0 % 0 %
09D 0 0 0 0 0 0 0 0 0 0 0 0 0 0 0 0 0 0 0 0 0 0 0 0 0 1 0 1 09D
0 % 0 % 0 % 0 % 0 % 0 % 0 % 0 % 0 % 0 % 0 % 0 % 0 % 0 %
09E 0 3 0 1 0 0 0 0 0 0 0 0 0 0 0 0 0 0 0 0 0 0 0 0 0 0 0 4 09E
0 % 0 % 0 % 0 % 0 % 0 % 0 % 0 % 0 % 0 % 0 % 0 % 0 % 0 %
09F 0 0 0 0 0 0 0 0 0 0 0 0 0 0 0 0 0 0 0 0 0 0 0 0 0 1 0 1 09F
0 % 0 % 0 % 0 % 0 % 0 % 0 % 0 % 0 % 0 % 0 % 0 % 0 % 0 %
09G2 0 0 0 0 0 0 0 0 0 0 0 0 0 0 0 0 0 0 0 0 0 0 0 0 0 1 0 1 09G2
0 % 0 % 0 % 0 % 0 % 0 % 0 % 0 % 0 % 0 % 0 % 0 % 0 % 0 %
09K 0 1 0 0 0 0 0 0 0 0 0 0 0 0 0 0 0 0 0 0 0 0 0 0 0 0 0 1 09K
0 % 0 % 0 % 0 % 0 % 0 % 0 % 0 % 0 % 0 % 0 % 0 % 0 % 0 %
096 0 0 0 0 0 1 0 0 0 0 0 0 0 0 0 0 0 0 0 0 0 0 0 0 0 1 0 2 096
0 % 0 % 0 % 0 % 0 % 0 % 0 % 0 % 0 % 0 % 0 % 0 % 0 % 0 %
10 0 1 0 0 0 0 0 0 0 0 0 0 0 0 0 0 0 0 0 0 0 0 0 0 0 0 0 1 10
0 % 0 % 0 % 0 % 0 % 0 % 0 % 0 % 0 % 0 % 0 % 0 % 0 % 0 %
10C 0 1 0 0 0 0 0 0 0 0 0 0 0 0 0 0 0 0 0 0 0 0 0 0 0 0 0 1 10C
0 % 0 % 0 % 0 % 0 % 0 % 0 % 0 % 0 % 0 % 0 % 0 % 0 % 0 %
10H 0 2 0 0 0 0 0 0 0 0 0 0 0 0 0 0 0 0 0 0 0 0 0 0 0 0 0 2 10H
0 % 0 % 0 % 0 % 0 % 0 % 0 % 0 % 0 % 0 % 0 % 0 % 0 % 0 %
10R 0 1 0 0 0 0 0 0 0 0 0 0 0 0 0 0 0 0 0 0 0 0 0 0 0 0 0 1 10R
0 % 0 % 0 % 0 % 0 % 0 % 0 % 0 % 0 % 0 % 0 % 0 % 0 % 0 %
111 0 1 0 0 0 0 0 0 0 0 0 0 0 0 0 0 0 0 0 0 0 0 0 0 0 0 0 1 111
0 % 0 % 0 % 0 % 0 % 0 % 0 % 0 % 0 % 0 % 0 % 0 % 0 % 0 %
113 0 0 0 0 0 1 0 0 0 0 0 0 0 0 0 0 0 0 0 0 0 0 0 0 0 0 0 1 113
0 % 0 % 0 % 0 % 0 % 0 % 0 % 0 % 0 % 0 % 0 % 0 % 0 % 0 %
12G 0 0 0 1 0 0 0 0 0 0 0 0 0 0 0 0 0 0 0 0 0 0 0 0 0 0 0 1 12G
0 % 0 % 0 % 0 % 0 % 0 % 0 % 0 % 0 % 0 % 0 % 0 % 0 % 0 %
126 0 0 0 0 0 1 0 1 0 0 0 0 0 0 0 0 0 0 0 0 0 0 0 0 0 0 0 2 126
0 % 0 % 0 % 0 % 0 % 0 % 0 % 0 % 0 % 0 % 0 % 0 % 0 % 0 %
1270 0 0 0 0 0 0 0 0 0 0 0 0 0 0 0 0 0 0 0 0 0 0 0 0 0 1 0 1 1270
0 % 0 % 0 % 0 % 0 % 0 % 0 % 0 % 0 % 0 % 0 % 0 % 0 % 0 %
129 0 0 0 0 0 0 0 1 0 0 0 0 0 0 0 0 0 0 0 0 0 0 0 0 0 0 0 1 129
0 % 0 % 0 % 0 % 0 % 0 % 0 % 0 % 0 % 0 % 0 % 0 % 0 % 0 %
13 0 0 0 0 0 0 0 1 0 0 0 0 0 0 0 0 0 0 0 0 0 0 0 0 0 0 0 1 13
0 % 0 % 0 % 0 % 0 % 0 % 0 % 0 % 0 % 0 % 0 % 0 % 0 % 0 %
137 0 1 0 0 0 0 0 0 0 0 0 0 0 0 0 0 0 0 0 0 0 0 0 0 0 0 0 1 137
0 % 0 % 0 % 0 % 0 % 0 % 0 % 0 % 0 % 0 % 0 % 0 % 0 % 0 %
138 0 0 0 0 0 1 0 0 0 0 0 0 0 0 0 0 0 0 0 0 0 0 0 0 0 0 0 1 138
0 % 0 % 0 % 0 % 0 % 0 % 0 % 0 % 0 % 0 % 0 % 0 % 0 % 0 %
145 0 0 0 0 0 1 0 0 0 0 0 0 0 0 0 0 0 0 0 0 0 0 0 0 0 0 0 1 145
0 % 0 % 0 % 0 % 0 % 0 % 0 % 0 % 0 % 0 % 0 % 0 % 0 % 0 %
15 0 0 0 0 0 0 0 1 0 0 0 0 0 0 0 0 0 0 0 0 0 0 0 0 0 0 0 1 15
0 % 0 % 0 % 0 % 0 % 0 % 0 % 0 % 0 % 0 % 0 % 0 % 0 % 0 %
150 0 1 0 0 0 0 0 0 0 0 0 0 0 0 0 0 0 0 0 0 0 0 0 0 0 0 0 1 150
0 % 0 % 0 % 0 % 0 % 0 % 0 % 0 % 0 % 0 % 0 % 0 % 0 % 0 %
152 0 0 0 0 0 0 0 1 0 0 0 0 0 0 0 0 0 0 0 0 0 0 0 0 0 0 0 1 152
0 % 0 % 0 % 0 % 0 % 0 % 0 % 0 % 0 % 0 % 0 % 0 % 0 % 0 %
16 0 0 0 0 0 0 0 0 0 0 0 0 0 1 0 0 0 0 0 0 0 0 0 0 0 0 0 1 16
0 % 0 % 0 % 0 % 0 % 0 % 0 % 0 % 0 % 0 % 0 % 0 % 0 % 0 %
21 0 0 0 0 0 0 0 1 0 0 0 0 0 0 0 0 0 0 0 0 0 0 0 0 0 0 0 1 21
0 % 0 % 0 % 0 % 0 % 0 % 0 % 0 % 0 % 0 % 0 % 0 % 0 % 0 %
25 0 0 0 0 0 0 0 1 0 0 0 0 0 0 0 0 0 0 0 0 0 0 0 0 0 1 0 2 25
0 % 0 % 0 % 0 % 0 % 0 % 0 % 0 % 0 % 0 % 0 % 0 % 0 % 0 %
3 0 0 0 0 0 0 0 1 0 0 0 0 0 0 0 0 0 0 0 0 0 0 0 0 0 0 0 1 3
0 % 0 % 0 % 0 % 0 % 0 % 0 % 0 % 0 % 0 % 0 % 0 % 0 % 0 %
3B 0 0 0 0 0 1 0 1 0 0 0 0 0 0 0 0 0 0 0 0 0 0 0 0 0 0 0 2 3B
0 % 0 % 0 % 0 % 0 % 0 % 0 % 0 % 0 % 0 % 0 % 0 % 0 % 0 %
307 0 0 0 0 0 1 0 0 0 0 0 0 0 0 0 0 0 0 0 0 0 0 0 0 0 0 0 1 307
0 % 0 % 0 % 0 % 0 % 0 % 0 % 0 % 0 % 0 % 0 % 0 % 0 % 0 %
33 0 1 0 0 0 0 0 0 0 0 0 0 0 0 0 0 0 0 0 0 0 0 0 0 0 0 0 1 33
0 % 0 % 0 % 0 % 0 % 0 % 0 % 0 % 0 % 0 % 0 % 0 % 0 % 0 %
35 0 0 0 0 0 1 0 0 0 0 0 0 0 0 0 0 0 0 0 0 0 0 0 0 0 0 0 1 35
0 % 0 % 0 % 0 % 0 % 0 % 0 % 0 % 0 % 0 % 0 % 0 % 0 % 0 %
4A 0 1 0 0 0 0 0 0 0 0 0 0 0 0 0 0 0 0 0 0 0 0 0 0 0 0 0 1 4A
0 % 0 % 0 % 0 % 0 % 0 % 0 % 0 % 0 % 0 % 0 % 0 % 0 % 0 %
40 0 0 0 1 0 0 0 0 0 0 0 0 0 0 0 0 0 0 0 0 0 0 0 0 0 0 0 1 40
0 % 0 % 0 % 0 % 0 % 0 % 0 % 0 % 0 % 0 % 0 % 0 % 0 % 0 %
421 0 1 0 0 0 0 0 0 0 0 0 0 0 0 0 0 0 0 0 0 0 0 0 0 0 0 0 1 421
0 % 0 % 0 % 0 % 0 % 0 % 0 % 0 % 0 % 0 % 0 % 0 % 0 % 0 %
5C 0 0 0 0 0 1 0 0 0 0 0 0 0 0 0 0 0 0 0 0 0 0 0 0 0 0 0 1 5C
0 % 0 % 0 % 0 % 0 % 0 % 0 % 0 % 0 % 0 % 0 % 0 % 0 % 0 %
5D 0 0 0 1 0 0 0 0 0 0 0 0 0 0 0 0 0 0 0 0 0 0 0 0 0 0 0 1 5D
0 % 0 % 0 % 0 % 0 % 0 % 0 % 0 % 0 % 0 % 0 % 0 % 0 % 0 %
5193 0 1 0 0 0 0 0 0 0 0 0 0 0 0 0 0 0 0 0 0 0 0 0 0 0 0 0 1 5193
0 % 0 % 0 % 0 % 0 % 0 % 0 % 0 % 0 % 0 % 0 % 0 % 0 % 0 %
59 0 0 0 0 0 0 0 1 0 0 0 0 0 0 0 0 0 0 0 0 0 0 0 0 0 0 0 1 59
0 % 0 % 0 % 0 % 0 % 0 % 0 % 0 % 0 % 0 % 0 % 0 % 0 % 0 %
6D 0 0 0 0 0 0 0 1 0 0 0 0 0 0 0 0 0 0 0 0 0 0 0 0 0 0 0 1 6D
0 % 0 % 0 % 0 % 0 % 0 % 0 % 0 % 0 % 0 % 0 % 0 % 0 % 0 %
642 0 0 0 0 0 1 0 0 0 0 0 0 0 0 0 0 0 0 0 0 0 0 0 0 0 0 0 1 642
0 % 0 % 0 % 0 % 0 % 0 % 0 % 0 % 0 % 0 % 0 % 0 % 0 % 0 %
7A 0 0 0 0 0 0 0 1 0 0 0 0 0 0 0 0 0 0 0 0 0 0 0 0 0 0 0 1 7A
0 % 0 % 0 % 0 % 0 % 0 % 0 % 0 % 0 % 0 % 0 % 0 % 0 % 0 %
714A4 0 1 0 0 0 0 0 0 0 0 0 0 0 0 0 0 0 0 0 0 0 0 0 0 0 0 0 1 714A4
0 % 0 % 0 % 0 % 0 % 0 % 0 % 0 % 0 % 0 % 0 % 0 % 0 % 0 %
734 0 0 0 0 0 1 0 0 0 0 0 0 0 0 0 0 0 0 0 0 0 0 0 0 0 0 0 1 734
0 % 0 % 0 % 0 % 0 % 0 % 0 % 0 % 0 % 0 % 0 % 0 % 0 % 0 %
736S 0 1 0 0 0 0 0 0 0 0 0 0 0 0 0 0 0 0 0 0 0 0 0 0 0 0 0 1 736S
0 % 0 % 0 % 0 % 0 % 0 % 0 % 0 % 0 % 0 % 0 % 0 % 0 % 0 %
TOTALS 134,551105,098 94,019 62,478 77,000 60,529 66,974 51,786 3,824 2,293 3,493 2,012 2,983 1,942 2,371 1,406 141 64 101 40 3,157 2,023 2,324 1,328 27,892 16,110 418,830 307,109 736S
78 % 66 % 79 % 77 % 60 % 58 % 65 % 59 % 45 % 40 % 64 % 57 % 58 % 73 %