CHAUNCEY 44 33 31 22 150 128 136 110 0 0 0 0 3 0 0 0 0 0 0 0 0 0 1 0 10 4 375 297 CHAUN
75 % 71 % 85 % 81 % 0 % 0 % 0 % 0 % 0 % 0 % 0 % 0 % 40 % 79 %
CLARKS 1 0 1 0 47 34 49 30 0 0 0 0 0 0 0 0 0 0 0 0 0 0 0 0 1 1 99 65 CLARK
0 % 0 % 72 % 61 % 0 % 0 % 0 % 0 % 0 % 0 % 0 % 0 % 100 % 66 %
EAST 0 0 0 0 0 1 0 0 0 0 0 0 0 0 0 0 0 0 0 0 0 0 0 0 0 0 0 1 EAST
0 % 0 % 0 % 0 % 0 % 0 % 0 % 0 % 0 % 0 % 0 % 0 % 0 % 0 %
EDDINS 156 132 109 86 298 240 301 232 0 0 0 0 1 0 0 0 1 1 0 0 0 0 1 1 33 20 900 712 EDDIN
85 % 79 % 81 % 77 % 0 % 0 % 0 % 0 % 100 % 0 % 0 % 100 % 61 % 79 %
EMPIRE 9 6 4 2 182 137 179 124 1 0 0 0 0 0 0 0 0 0 0 0 1 0 0 0 13 7 389 276 EMPIR
67 % 50 % 75 % 69 % 0 % 0 % 0 % 0 % 0 % 0 % 0 % 0 % 54 % 71 %
HCTC 0 0 0 0 0 0 0 1 0 0 0 0 0 0 0 0 0 0 0 0 0 0 0 0 0 0 0 1 HCTC
0 % 0 % 0 % 0 % 0 % 0 % 0 % 0 % 0 % 0 % 0 % 0 % 0 % 0 %
JAYBIRD 41 32 22 13 67 48 64 47 0 0 0 0 0 0 0 0 0 0 0 0 0 0 0 0 3 2 197 142 JAYBI
78 % 59 % 72 % 73 % 0 % 0 % 0 % 0 % 0 % 0 % 0 % 0 % 67 % 72 %
JONES 12 10 7 4 190 144 173 133 0 0 0 0 3 1 2 1 0 0 0 0 1 0 1 1 8 4 397 298 JONES
83 % 57 % 76 % 77 % 0 % 0 % 33 % 50 % 0 % 0 % 0 % 100 % 50 % 75 %
LEE 915 682 527 320 1,482 1,122 1,243 938 9 7 8 3 8 4 6 3 0 0 1 1 8 5 9 7 117 70 4,333 3,162 LEE
75 % 61 % 76 % 75 % 78 % 38 % 50 % 50 % 0 % 100 % 63 % 78 % 60 % 73 %
MC 0 1 0 0 0 0 0 0 0 0 0 0 0 0 0 0 0 0 0 0 0 0 0 0 0 0 0 1 MC
0 % 0 % 0 % 0 % 0 % 0 % 0 % 0 % 0 % 0 % 0 % 0 % 0 % 0 %
MCCRANIE 24 17 19 15 110 94 114 94 0 0 0 0 0 0 0 0 0 0 0 0 0 0 0 0 6 2 273 222 MCCRA
71 % 79 % 85 % 82 % 0 % 0 % 0 % 0 % 0 % 0 % 0 % 0 % 33 % 81 %
MILAN 21 11 23 14 142 118 98 86 0 0 0 0 0 0 0 0 0 0 0 0 0 0 0 0 4 1 288 230 MILAN
52 % 61 % 83 % 88 % 0 % 0 % 0 % 0 % 0 % 0 % 0 % 0 % 25 % 80 %
MITCHELL 29 24 29 23 126 102 123 106 0 0 0 0 0 0 1 1 0 0 0 0 0 0 0 0 12 8 320 264 MITCH
83 % 79 % 81 % 86 % 0 % 0 % 0 % 100 % 0 % 0 % 0 % 0 % 67 % 83 %
MULLIS 61 45 49 31 185 138 178 136 1 0 0 0 1 0 0 0 0 0 0 0 1 1 0 0 6 6 482 357 MULLI
74 % 63 % 75 % 76 % 0 % 0 % 0 % 0 % 0 % 0 % 100 % 0 % 100 % 74 %
NORTH 0 1 0 0 0 0 0 0 0 0 0 0 0 0 0 0 0 0 0 0 0 0 0 0 0 0 0 1 NORTH
0 % 0 % 0 % 0 % 0 % 0 % 0 % 0 % 0 % 0 % 0 % 0 % 0 % 0 %
PLAINFIELD 27 21 15 12 154 119 161 130 0 0 0 0 0 0 1 0 0 0 0 0 1 1 1 1 11 8 371 292 PLAIN
78 % 80 % 77 % 81 % 0 % 0 % 0 % 0 % 0 % 0 % 100 % 100 % 73 % 79 %
PONDTOWN 90 72 68 46 258 214 240 205 1 1 1 1 1 0 0 0 0 0 0 0 2 2 2 1 10 5 673 547 PONDT
80 % 68 % 83 % 85 % 100 % 100 % 0 % 0 % 0 % 0 % 100 % 50 % 50 % 81 %
RAWLINS 98 75 70 47 337 253 293 227 2 1 1 0 1 1 1 1 0 0 0 0 3 1 1 0 20 10 827 616 RAWLI
77 % 67 % 75 % 77 % 50 % 0 % 100 % 100 % 0 % 0 % 33 % 0 % 50 % 74 %
SC 0 0 0 0 0 0 0 1 0 0 0 0 0 0 0 0 0 0 0 0 0 0 0 0 0 0 0 1 SC
0 % 0 % 0 % 0 % 0 % 0 % 0 % 0 % 0 % 0 % 0 % 0 % 0 % 0 %
VILULA 4 3 9 7 69 60 88 77 0 0 0 0 0 0 0 0 0 0 0 0 0 0 0 0 3 2 173 149 VILUL
75 % 78 % 87 % 88 % 0 % 0 % 0 % 0 % 0 % 0 % 0 % 0 % 67 % 86 %
YONKER 9 7 3 2 90 74 99 78 0 0 0 0 0 0 0 0 0 0 0 0 0 0 0 0 5 2 206 163 YONKE
78 % 67 % 82 % 79 % 0 % 0 % 0 % 0 % 0 % 0 % 0 % 0 % 40 % 79 %
010 0 0 0 0 0 0 0 1 0 0 0 0 0 0 0 0 0 0 0 0 0 0 0 0 0 0 0 1 010
0 % 0 % 0 % 0 % 0 % 0 % 0 % 0 % 0 % 0 % 0 % 0 % 0 % 0 %
02 0 1 0 0 0 0 0 0 0 0 0 0 0 0 0 0 0 0 0 0 0 0 0 0 0 0 0 1 02
0 % 0 % 0 % 0 % 0 % 0 % 0 % 0 % 0 % 0 % 0 % 0 % 0 % 0 %
1 0 0 0 0 0 2 0 0 0 0 0 0 0 0 0 0 0 0 0 0 0 0 0 0 0 0 0 2 1
0 % 0 % 0 % 0 % 0 % 0 % 0 % 0 % 0 % 0 % 0 % 0 % 0 % 0 %
TOTALS 1,541 1,173 986 644 3,887 3,028 3,539 2,756 14 9 10 4 18 6 11 6 1 1 1 1 17 10 16 11 262 152 10,303 7,801 1
76 % 65 % 78 % 78 % 64 % 40 % 33 % 55 % 100 % 100 % 59 % 69 % 58 % 76 %