CORDE 0 3 0 1 0 1 0 1 0 0 0 0 0 0 0 0 0 0 0 0 0 0 0 0 0 1 0 7 CORDE
0 % 0 % 0 % 0 % 0 % 0 % 0 % 0 % 0 % 0 % 0 % 0 % 0 % 0 %
EW1 0 0 0 1 0 0 0 0 0 0 0 0 0 0 0 0 0 0 0 0 0 0 0 0 0 0 0 1 EW1
0 % 0 % 0 % 0 % 0 % 0 % 0 % 0 % 0 % 0 % 0 % 0 % 0 % 0 %
TWPK 0 1 0 0 0 0 0 0 0 0 0 0 0 0 0 0 0 0 0 0 0 0 0 0 0 0 0 1 TWPK
0 % 0 % 0 % 0 % 0 % 0 % 0 % 0 % 0 % 0 % 0 % 0 % 0 % 0 %
LILLY 177 140 112 76 115 89 108 81 0 0 0 0 2 1 4 1 0 0 0 0 1 0 0 0 8 7 527 395 10
79 % 68 % 77 % 75 % 0 % 0 % 50 % 25 % 0 % 0 % 0 % 0 % 88 % 75 %
BYROMVILLE 203 173 152 116 129 108 127 105 2 1 1 0 2 1 5 1 0 0 0 0 2 1 0 0 14 12 637 518 2
85 % 76 % 84 % 83 % 50 % 0 % 50 % 20 % 0 % 0 % 50 % 0 % 86 % 81 %
UNADILLA 454 363 307 204 357 271 325 245 2 1 3 2 8 2 9 2 0 0 0 0 3 2 2 2 42 23 1,512 1,117 5
80 % 66 % 76 % 75 % 50 % 67 % 25 % 22 % 0 % 0 % 67 % 100 % 55 % 74 %
VIENNA 769 573 499 300 623 469 573 421 3 1 2 1 11 3 3 0 0 0 0 0 3 2 2 1 46 29 2,534 1,800 7
75 % 60 % 75 % 73 % 33 % 50 % 27 % 0 % 0 % 0 % 67 % 50 % 63 % 71 %
PINEHURST 81 68 48 34 167 134 162 138 1 0 1 1 1 1 0 0 0 0 0 0 0 0 1 0 4 4 466 380 8
84 % 71 % 80 % 85 % 0 % 100 % 100 % 0 % 0 % 0 % 0 % 0 % 100 % 82 %
TOTALS 1,684 1,321 1,118 732 1,391 1,072 1,295 991 8 3 7 4 24 8 21 4 0 0 0 0 9 5 5 3 114 76 5,676 4,219 8
78 % 65 % 77 % 77 % 38 % 57 % 33 % 19 % 0 % 0 % 56 % 60 % 67 % 74 %