AC1B 0 0 0 0 0 0 0 0 0 0 0 0 0 0 0 1 0 0 0 0 0 0 0 0 0 0 0 1 AC1B
0 % 0 % 0 % 0 % 0 % 0 % 0 % 0 % 0 % 0 % 0 % 0 % 0 % 0 %
AU1A 0 1 0 0 0 0 0 0 0 0 0 0 0 0 0 0 0 0 0 0 0 0 0 0 0 1 0 2 AU1A
0 % 0 % 0 % 0 % 0 % 0 % 0 % 0 % 0 % 0 % 0 % 0 % 0 % 0 %
BR02 0 0 0 1 0 0 0 0 0 0 0 0 0 0 0 0 0 0 0 0 0 0 0 0 0 0 0 1 BR02
0 % 0 % 0 % 0 % 0 % 0 % 0 % 0 % 0 % 0 % 0 % 0 % 0 % 0 %
BT01 0 2 0 1 0 0 0 0 0 0 0 0 0 0 0 0 0 0 0 0 0 0 0 0 0 0 0 3 BT01
0 % 0 % 0 % 0 % 0 % 0 % 0 % 0 % 0 % 0 % 0 % 0 % 0 % 0 %
BT02 0 4 0 4 0 0 0 0 0 0 0 0 0 0 0 1 0 0 0 0 0 0 0 0 0 0 0 9 BT02
0 % 0 % 0 % 0 % 0 % 0 % 0 % 0 % 0 % 0 % 0 % 0 % 0 % 0 %
CA01 0 1 0 0 0 0 0 0 0 0 0 0 0 0 0 0 0 0 0 0 0 0 0 0 0 0 0 1 CA01
0 % 0 % 0 % 0 % 0 % 0 % 0 % 0 % 0 % 0 % 0 % 0 % 0 % 0 %
CL02 0 1 0 0 0 1 0 0 0 0 0 0 0 0 0 0 0 0 0 0 0 0 0 0 0 1 0 3 CL02
0 % 0 % 0 % 0 % 0 % 0 % 0 % 0 % 0 % 0 % 0 % 0 % 0 % 0 %
CO01 0 2 0 0 0 0 0 0 0 0 0 0 0 0 0 0 0 0 0 0 0 0 0 0 0 0 0 2 CO01
0 % 0 % 0 % 0 % 0 % 0 % 0 % 0 % 0 % 0 % 0 % 0 % 0 % 0 %
CT 0 1 0 0 0 0 0 0 0 0 0 0 0 0 0 0 0 0 0 0 0 0 0 0 0 0 0 1 CT
0 % 0 % 0 % 0 % 0 % 0 % 0 % 0 % 0 % 0 % 0 % 0 % 0 % 0 %
EC 0 0 0 0 0 0 0 1 0 0 0 0 0 0 0 0 0 0 0 0 0 0 0 0 0 0 0 1 EC
0 % 0 % 0 % 0 % 0 % 0 % 0 % 0 % 0 % 0 % 0 % 0 % 0 % 0 %
EP08A 0 1 0 0 0 0 0 0 0 0 0 0 0 0 0 0 0 0 0 0 0 0 0 0 0 0 0 1 EP08A
0 % 0 % 0 % 0 % 0 % 0 % 0 % 0 % 0 % 0 % 0 % 0 % 0 % 0 %
FO01 0 0 0 0 0 1 0 0 0 0 0 0 0 0 0 0 0 0 0 0 0 0 0 0 0 0 0 1 FO01
0 % 0 % 0 % 0 % 0 % 0 % 0 % 0 % 0 % 0 % 0 % 0 % 0 % 0 %
FO02 0 0 0 3 0 0 0 0 0 0 0 0 0 0 0 0 0 0 0 0 0 0 0 0 0 1 0 4 FO02
0 % 0 % 0 % 0 % 0 % 0 % 0 % 0 % 0 % 0 % 0 % 0 % 0 % 0 %
HL01 0 0 0 1 0 0 0 0 0 0 0 0 0 0 0 0 0 0 0 0 0 0 0 0 0 0 0 1 HL01
0 % 0 % 0 % 0 % 0 % 0 % 0 % 0 % 0 % 0 % 0 % 0 % 0 % 0 %
KE2A 0 0 0 0 0 0 0 1 0 0 0 0 0 0 0 0 0 0 0 0 0 0 0 0 0 0 0 1 KE2A
0 % 0 % 0 % 0 % 0 % 0 % 0 % 0 % 0 % 0 % 0 % 0 % 0 % 0 %
KE4A 0 0 0 0 0 0 0 0 0 0 0 0 0 0 0 0 0 0 0 0 0 0 0 0 0 1 0 1 KE4A
0 % 0 % 0 % 0 % 0 % 0 % 0 % 0 % 0 % 0 % 0 % 0 % 0 % 0 %
LC 0 1 0 0 0 0 0 0 0 0 0 0 0 0 0 0 0 0 0 0 0 0 0 0 0 0 0 1 LC
0 % 0 % 0 % 0 % 0 % 0 % 0 % 0 % 0 % 0 % 0 % 0 % 0 % 0 %
MA01 0 1 0 0 0 0 0 0 0 0 0 0 0 0 0 0 0 0 0 0 0 0 0 0 0 0 0 1 MA01
0 % 0 % 0 % 0 % 0 % 0 % 0 % 0 % 0 % 0 % 0 % 0 % 0 % 0 %
MA02 0 1 0 0 0 2 0 0 0 0 0 0 0 0 0 1 0 0 0 0 0 0 0 0 0 0 0 4 MA02
0 % 0 % 0 % 0 % 0 % 0 % 0 % 0 % 0 % 0 % 0 % 0 % 0 % 0 %
MC01 0 0 0 1 0 0 0 0 0 0 0 0 0 0 0 0 0 0 0 0 0 0 0 0 0 0 0 1 MC01
0 % 0 % 0 % 0 % 0 % 0 % 0 % 0 % 0 % 0 % 0 % 0 % 0 % 0 %
MR2B 0 3 0 0 0 0 0 0 0 0 0 0 0 0 0 0 0 0 0 0 0 0 0 0 0 0 0 3 MR2B
0 % 0 % 0 % 0 % 0 % 0 % 0 % 0 % 0 % 0 % 0 % 0 % 0 % 0 %
MR6A 0 1 0 0 0 0 0 0 0 0 0 0 0 0 0 0 0 0 0 0 0 0 0 0 0 0 0 1 MR6A
0 % 0 % 0 % 0 % 0 % 0 % 0 % 0 % 0 % 0 % 0 % 0 % 0 % 0 %
NJ01 0 1 0 0 0 0 0 0 0 0 0 0 0 0 0 0 0 0 0 0 0 1 0 0 0 0 0 2 NJ01
0 % 0 % 0 % 0 % 0 % 0 % 0 % 0 % 0 % 0 % 0 % 0 % 0 % 0 %
NP01 0 0 0 1 0 0 0 0 0 0 0 0 0 0 0 0 0 0 0 0 0 0 0 0 0 0 0 1 NP01
0 % 0 % 0 % 0 % 0 % 0 % 0 % 0 % 0 % 0 % 0 % 0 % 0 % 0 %
OR02 0 0 0 0 0 0 0 1 0 0 0 0 0 0 0 0 0 0 0 0 0 0 0 0 0 0 0 1 OR02
0 % 0 % 0 % 0 % 0 % 0 % 0 % 0 % 0 % 0 % 0 % 0 % 0 % 0 %
OR03 0 0 0 1 0 0 0 0 0 0 0 0 0 0 0 0 0 0 0 0 0 0 0 0 0 0 0 1 OR03
0 % 0 % 0 % 0 % 0 % 0 % 0 % 0 % 0 % 0 % 0 % 0 % 0 % 0 %
PE01 0 2 0 1 0 0 0 0 0 0 0 0 0 0 0 0 0 0 0 0 0 0 0 0 0 0 0 3 PE01
0 % 0 % 0 % 0 % 0 % 0 % 0 % 0 % 0 % 0 % 0 % 0 % 0 % 0 %
PI 0 0 0 1 0 0 0 0 0 0 0 0 0 0 0 0 0 0 0 0 0 0 0 0 0 0 0 1 PI
0 % 0 % 0 % 0 % 0 % 0 % 0 % 0 % 0 % 0 % 0 % 0 % 0 % 0 %
PM02 0 0 0 0 0 1 0 0 0 0 0 0 0 0 0 0 0 0 0 0 0 0 0 0 0 0 0 1 PM02
0 % 0 % 0 % 0 % 0 % 0 % 0 % 0 % 0 % 0 % 0 % 0 % 0 % 0 %
PS2A 0 1 0 1 0 0 0 0 0 0 0 0 0 0 0 0 0 0 0 0 0 0 0 0 0 0 0 2 PS2A
0 % 0 % 0 % 0 % 0 % 0 % 0 % 0 % 0 % 0 % 0 % 0 % 0 % 0 %
RS01 0 1 0 1 0 0 0 0 0 0 0 0 0 0 0 0 0 0 0 0 0 0 0 0 0 0 0 2 RS01
0 % 0 % 0 % 0 % 0 % 0 % 0 % 0 % 0 % 0 % 0 % 0 % 0 % 0 %
SC23A 0 2 0 0 0 0 0 0 0 0 0 0 0 0 0 0 0 0 0 0 0 0 0 0 0 0 0 2 SC23A
0 % 0 % 0 % 0 % 0 % 0 % 0 % 0 % 0 % 0 % 0 % 0 % 0 % 0 %
SN3A 0 1 0 0 0 0 0 0 0 0 0 0 0 0 0 0 0 0 0 0 0 0 0 0 0 0 0 1 SN3A
0 % 0 % 0 % 0 % 0 % 0 % 0 % 0 % 0 % 0 % 0 % 0 % 0 % 0 %
SN4A 0 2 0 0 0 0 0 0 0 0 0 0 0 0 0 0 0 0 0 0 0 0 0 0 0 0 0 2 SN4A
0 % 0 % 0 % 0 % 0 % 0 % 0 % 0 % 0 % 0 % 0 % 0 % 0 % 0 %
SN5A 0 0 0 1 0 0 0 0 0 0 0 0 0 0 0 0 0 0 0 0 0 0 0 0 0 0 0 1 SN5A
0 % 0 % 0 % 0 % 0 % 0 % 0 % 0 % 0 % 0 % 0 % 0 % 0 % 0 %
SN6A 0 2 0 0 0 0 0 0 0 0 0 0 0 0 0 0 0 0 0 0 0 0 0 0 0 0 0 2 SN6A
0 % 0 % 0 % 0 % 0 % 0 % 0 % 0 % 0 % 0 % 0 % 0 % 0 % 0 %
04D 0 1 0 0 0 0 0 0 0 0 0 0 0 0 0 0 0 0 0 0 0 0 0 0 0 0 0 1 04D
0 % 0 % 0 % 0 % 0 % 0 % 0 % 0 % 0 % 0 % 0 % 0 % 0 % 0 %
051 0 0 0 1 0 0 0 0 0 0 0 0 0 0 0 0 0 0 0 0 0 0 0 0 0 0 0 1 051
0 % 0 % 0 % 0 % 0 % 0 % 0 % 0 % 0 % 0 % 0 % 0 % 0 % 0 %
06B 0 0 0 0 0 0 0 0 0 0 0 0 0 0 0 0 0 0 0 0 0 0 0 0 0 1 0 1 06B
0 % 0 % 0 % 0 % 0 % 0 % 0 % 0 % 0 % 0 % 0 % 0 % 0 % 0 %
07B 0 0 0 0 0 0 0 1 0 0 0 0 0 0 0 0 0 0 0 0 0 0 0 0 0 0 0 1 07B
0 % 0 % 0 % 0 % 0 % 0 % 0 % 0 % 0 % 0 % 0 % 0 % 0 % 0 %
076 0 0 0 0 0 1 0 0 0 0 0 0 0 0 0 0 0 0 0 0 0 0 0 0 0 0 0 1 076
0 % 0 % 0 % 0 % 0 % 0 % 0 % 0 % 0 % 0 % 0 % 0 % 0 % 0 %
08B 0 0 0 0 0 0 0 1 0 0 0 0 0 0 0 0 0 0 0 0 0 0 0 0 0 0 0 1 08B
0 % 0 % 0 % 0 % 0 % 0 % 0 % 0 % 0 % 0 % 0 % 0 % 0 % 0 %
09B 0 1 0 0 0 0 0 0 0 0 0 0 0 0 0 0 0 0 0 0 0 0 0 0 0 0 0 1 09B
0 % 0 % 0 % 0 % 0 % 0 % 0 % 0 % 0 % 0 % 0 % 0 % 0 % 0 %
09C 0 0 0 0 0 0 0 0 0 0 0 0 0 0 0 0 0 0 0 0 0 0 0 0 0 1 0 1 09C
0 % 0 % 0 % 0 % 0 % 0 % 0 % 0 % 0 % 0 % 0 % 0 % 0 % 0 %
10B 0 2 0 0 0 0 0 1 0 0 0 0 0 0 0 0 0 0 0 0 0 0 0 0 0 0 0 3 10B
0 % 0 % 0 % 0 % 0 % 0 % 0 % 0 % 0 % 0 % 0 % 0 % 0 % 0 %
10D 0 1 0 0 0 0 0 0 0 0 0 0 0 0 0 0 0 0 0 0 0 0 0 0 0 0 0 1 10D
0 % 0 % 0 % 0 % 0 % 0 % 0 % 0 % 0 % 0 % 0 % 0 % 0 % 0 %
11 0 0 0 0 0 0 0 0 0 0 0 0 0 0 0 0 0 0 0 0 0 0 0 0 0 1 0 1 11
0 % 0 % 0 % 0 % 0 % 0 % 0 % 0 % 0 % 0 % 0 % 0 % 0 % 0 %
11C 0 1 0 0 0 0 0 0 0 0 0 0 0 0 0 0 0 0 0 0 0 0 0 0 0 0 0 1 11C
0 % 0 % 0 % 0 % 0 % 0 % 0 % 0 % 0 % 0 % 0 % 0 % 0 % 0 %
11R 0 0 0 1 0 0 0 0 0 0 0 0 0 0 0 0 0 0 0 0 0 0 0 0 0 0 0 1 11R
0 % 0 % 0 % 0 % 0 % 0 % 0 % 0 % 0 % 0 % 0 % 0 % 0 % 0 %
MIRROR_LAK 797 655 622 449 1,381 1,022 1,242 912 15 7 22 12 51 35 45 31 0 0 0 0 35 27 17 9 360 230 4,587 3,389 1258
82 % 72 % 74 % 73 % 47 % 55 % 69 % 69 % 0 % 0 % 77 % 53 % 64 % 74 %
WINSTON 340 272 264 190 346 266 297 224 3 0 3 2 13 10 9 6 0 0 0 0 10 4 5 4 105 59 1,395 1,037 1259
80 % 72 % 77 % 75 % 0 % 67 % 77 % 67 % 0 % 0 % 40 % 80 % 56 % 74 %
FAIRPLAY_M 191 169 179 140 1,538 1,265 1,441 1,140 5 6 3 2 10 5 13 11 1 1 0 0 15 10 8 3 188 124 3,592 2,876 1260
88 % 78 % 82 % 79 % 120 % 67 % 50 % 85 % 100 % 0 % 67 % 38 % 66 % 80 %
COLONIAL_H 1,182 845 832 478 186 108 174 86 13 11 6 5 38 17 33 17 0 0 0 0 26 11 15 7 295 178 2,800 1,763 1270
71 % 57 % 58 % 49 % 85 % 83 % 45 % 52 % 0 % 0 % 42 % 47 % 60 % 63 %
EPHESUS_BA 195 163 146 127 1,396 1,154 1,242 1,034 4 3 7 5 16 13 8 5 0 0 0 0 11 8 11 3 172 115 3,208 2,630 1271
84 % 87 % 83 % 83 % 75 % 71 % 81 % 63 % 0 % 0 % 73 % 27 % 67 % 82 %
BILL_ARP 519 420 372 257 1,580 1,256 1,418 1,107 13 11 8 4 51 29 42 32 1 1 1 0 25 18 24 14 287 191 4,341 3,340 1272
81 % 69 % 79 % 78 % 85 % 50 % 57 % 76 % 100 % 0 % 72 % 58 % 67 % 77 %
TURNER 597 467 437 303 872 653 772 562 11 7 4 3 33 21 31 17 0 0 0 0 16 7 10 5 214 116 2,997 2,161 1273
78 % 69 % 75 % 73 % 64 % 75 % 64 % 55 % 0 % 0 % 44 % 50 % 54 % 72 %
ANNETTE_WI 182 142 164 116 518 389 451 365 5 2 6 1 15 10 15 8 0 0 0 0 4 3 7 4 100 51 1,467 1,091 1274
78 % 71 % 75 % 81 % 40 % 17 % 67 % 53 % 0 % 0 % 75 % 57 % 51 % 74 %
LITHIA_HIG 1,613 1,318 1,092 780 599 443 555 387 18 11 17 8 35 21 28 16 0 0 0 0 26 19 28 15 421 265 4,432 3,283 1275
82 % 71 % 74 % 70 % 61 % 47 % 60 % 57 % 0 % 0 % 73 % 54 % 63 % 74 %
DEER_LICK 468 366 348 238 655 474 582 422 7 2 5 1 29 12 24 13 0 0 0 0 10 7 6 6 158 96 2,292 1,637 1276
78 % 68 % 72 % 73 % 29 % 20 % 41 % 54 % 0 % 0 % 70 % 100 % 61 % 71 %
1542 0 0 0 0 0 1 0 0 0 0 0 0 0 0 0 0 0 0 0 0 0 0 0 0 0 0 0 1 1542
0 % 0 % 0 % 0 % 0 % 0 % 0 % 0 % 0 % 0 % 0 % 0 % 0 % 0 %
289 0 0 0 0 0 1 0 1 0 0 0 0 0 0 0 0 0 0 0 0 0 0 0 0 0 0 0 2 289
0 % 0 % 0 % 0 % 0 % 0 % 0 % 0 % 0 % 0 % 0 % 0 % 0 % 0 %
642 0 0 0 0 0 0 0 0 0 0 0 0 0 0 0 0 0 0 0 0 0 0 0 0 0 1 0 1 642
0 % 0 % 0 % 0 % 0 % 0 % 0 % 0 % 0 % 0 % 0 % 0 % 0 % 0 %
GOLDEN_MET 1,487 1,176 941 628 359 235 268 172 3 2 5 4 37 20 28 10 1 1 1 0 24 14 10 7 286 182 3,450 2,451 729
79 % 67 % 65 % 64 % 67 % 80 % 54 % 36 % 100 % 0 % 58 % 70 % 64 % 71 %
DOUGLASVIL 1,048 761 612 354 1,063 743 774 549 19 11 11 7 44 19 21 9 1 1 3 1 29 18 21 12 351 175 3,997 2,660 730
73 % 58 % 70 % 71 % 58 % 64 % 43 % 43 % 100 % 33 % 62 % 57 % 50 % 67 %
BEULAH 414 325 310 209 938 716 814 626 8 8 6 3 21 14 13 7 0 0 0 0 4 1 9 6 192 115 2,729 2,030 731
79 % 67 % 76 % 77 % 100 % 50 % 67 % 54 % 0 % 0 % 25 % 67 % 60 % 74 %
STEWART 1,103 845 645 455 186 120 130 100 0 0 5 4 27 18 14 4 0 0 0 0 15 9 6 3 186 113 2,317 1,671 732
77 % 71 % 65 % 77 % 0 % 80 % 67 % 29 % 0 % 0 % 60 % 50 % 61 % 72 %
ARBOR_STAT 474 380 334 243 630 455 540 387 16 9 10 7 30 16 19 10 0 0 0 0 21 11 9 5 168 100 2,251 1,623 733
80 % 73 % 72 % 72 % 56 % 70 % 53 % 53 % 0 % 0 % 52 % 56 % 60 % 72 %
BRIGHT_STA 306 239 198 134 760 570 650 484 5 0 2 1 24 13 17 8 0 0 0 0 9 6 7 4 124 76 2,102 1,535 734
78 % 68 % 75 % 74 % 0 % 50 % 54 % 47 % 0 % 0 % 67 % 57 % 61 % 73 %
DORSETT_SH 299 239 236 163 1,143 871 972 729 8 4 7 3 33 20 23 12 0 0 0 0 14 6 11 8 213 118 2,959 2,173 735
80 % 69 % 76 % 75 % 50 % 43 % 61 % 52 % 0 % 0 % 43 % 73 % 55 % 73 %
CHAPEL_HIL 736 639 576 449 668 532 568 443 16 11 12 6 35 24 17 15 1 1 0 0 30 24 22 15 203 144 2,884 2,303 736N
87 % 78 % 80 % 78 % 69 % 50 % 69 % 88 % 100 % 0 % 80 % 68 % 71 % 80 %
HOLLY_SPRI 1,224 988 902 674 1,078 875 975 760 26 16 24 14 50 25 56 39 0 0 1 1 36 21 22 11 373 252 4,767 3,676 736S
81 % 75 % 81 % 78 % 62 % 58 % 50 % 70 % 0 % 100 % 58 % 50 % 68 % 77 %
CHESTNUT_L 772 612 500 351 595 451 522 369 14 9 12 7 47 30 23 13 0 0 0 0 22 14 7 3 218 160 2,732 2,019 737
79 % 70 % 76 % 71 % 64 % 58 % 64 % 57 % 0 % 0 % 64 % 43 % 73 % 74 %
ST_JULIANS 201 163 155 101 714 565 580 438 5 5 3 0 12 10 11 8 1 1 0 0 6 5 8 7 106 62 1,802 1,365 738
81 % 65 % 79 % 76 % 100 % 0 % 83 % 73 % 100 % 0 % 83 % 88 % 58 % 76 %
LUTHERAN_C 555 462 418 316 1,019 801 932 737 18 11 20 16 26 15 22 13 1 1 1 0 30 20 14 11 231 151 3,287 2,554 739
83 % 76 % 79 % 79 % 61 % 80 % 58 % 59 % 100 % 0 % 67 % 79 % 65 % 78 %
FIRST_BAPT 217 187 169 131 643 538 530 434 6 4 10 5 11 9 16 11 0 0 0 0 10 6 7 4 112 77 1,731 1,406 740
86 % 78 % 84 % 82 % 67 % 50 % 82 % 69 % 0 % 0 % 60 % 57 % 69 % 81 %
FACTORY_SH 749 635 598 461 736 555 626 481 12 8 6 2 23 15 22 10 0 0 0 0 23 20 18 11 234 158 3,047 2,356 784
85 % 77 % 75 % 77 % 67 % 33 % 65 % 45 % 0 % 0 % 87 % 61 % 68 % 77 %
BOUNDARY_W 1,249 1,037 835 603 330 252 317 235 6 4 11 9 39 19 21 12 1 1 0 0 33 19 13 8 255 178 3,110 2,377 785
83 % 72 % 76 % 74 % 67 % 82 % 49 % 57 % 100 % 0 % 58 % 62 % 70 % 76 %
8C 0 0 0 0 0 0 0 0 0 0 0 0 0 0 0 0 0 0 0 0 0 0 0 0 0 1 0 1 8C
0 % 0 % 0 % 0 % 0 % 0 % 0 % 0 % 0 % 0 % 0 % 0 % 0 % 0 %
TOTALS 16,918 13,543 11,885 8,370 19,933 15,317 17,372 13,190 256 162 225 131 750 440 571 340 8 8 7 2 484 309 315 185 5,552 3,495 74,276 55,492 8C
80 % 70 % 77 % 76 % 63 % 58 % 59 % 60 % 100 % 29 % 64 % 59 % 63 % 75 %