ARLINGTON 96 82 86 57 92 77 83 72 0 0 0 0 1 1 0 0 0 0 0 0 0 0 0 0 5 4 363 293 A
85 % 66 % 84 % 87 % 0 % 0 % 100 % 0 % 0 % 0 % 0 % 0 % 80 % 81 %
BLAKELY 1,328 1,032 827 493 665 505 526 420 4 1 2 0 5 1 2 1 0 0 2 0 5 3 3 1 24 14 3,393 2,471 B
78 % 60 % 76 % 80 % 25 % 0 % 20 % 50 % 0 % 0 % 60 % 33 % 58 % 73 %
COLOMOKEE 30 24 23 17 89 69 64 49 0 0 0 0 0 0 0 0 0 0 0 0 0 0 0 0 1 1 207 160 CO
80 % 74 % 78 % 77 % 0 % 0 % 0 % 0 % 0 % 0 % 0 % 0 % 100 % 77 %
CEDAR_SPRI 32 25 22 9 106 76 106 81 0 0 0 0 0 0 0 0 0 0 0 0 0 0 1 1 4 2 271 194 CS
78 % 41 % 72 % 76 % 0 % 0 % 0 % 0 % 0 % 0 % 0 % 100 % 50 % 72 %
CUBA 115 85 61 42 211 171 207 160 0 0 0 0 0 0 1 0 0 0 0 0 0 0 0 0 5 3 600 461 CUBA
74 % 69 % 81 % 77 % 0 % 0 % 0 % 0 % 0 % 0 % 0 % 0 % 60 % 77 %
DAMASCUS 206 161 161 107 110 85 105 80 0 0 0 0 0 0 0 0 0 0 0 0 0 0 0 0 6 4 588 437 D
78 % 66 % 77 % 76 % 0 % 0 % 0 % 0 % 0 % 0 % 0 % 0 % 67 % 74 %
FREEMAN 25 20 22 13 92 76 93 75 0 0 0 0 0 0 0 0 0 0 0 0 0 0 0 0 6 3 238 187 F
80 % 59 % 83 % 81 % 0 % 0 % 0 % 0 % 0 % 0 % 0 % 0 % 50 % 79 %
HILTON 38 24 37 20 103 85 121 94 0 0 0 0 0 0 0 0 0 0 0 0 2 0 0 0 3 1 304 224 H
63 % 54 % 83 % 78 % 0 % 0 % 0 % 0 % 0 % 0 % 0 % 0 % 33 % 74 %
JAKIN 81 59 53 40 181 141 167 119 1 1 0 0 0 0 1 1 0 0 0 0 0 0 0 0 6 3 490 364 JAKIN
73 % 75 % 78 % 71 % 100 % 0 % 0 % 100 % 0 % 0 % 0 % 0 % 50 % 74 %
LUCILE 125 96 85 67 154 110 157 124 0 0 1 1 0 0 1 0 0 0 1 0 0 0 1 0 6 3 531 401 L
77 % 79 % 71 % 79 % 0 % 100 % 0 % 0 % 0 % 0 % 0 % 0 % 50 % 76 %
URQUHART 27 20 26 15 92 76 79 68 0 0 0 0 1 1 0 0 0 0 0 0 0 0 0 0 2 1 227 181 U
74 % 58 % 83 % 86 % 0 % 0 % 100 % 0 % 0 % 0 % 0 % 0 % 50 % 80 %
5 0 0 0 1 0 0 0 0 0 0 0 0 0 0 0 0 0 0 0 0 0 0 0 0 0 0 0 1 5
0 % 0 % 0 % 0 % 0 % 0 % 0 % 0 % 0 % 0 % 0 % 0 % 0 % 0 %
TOTALS 2,103 1,628 1,403 881 1,895 1,471 1,708 1,342 5 2 3 1 7 3 5 2 0 0 3 0 7 3 5 2 68 39 7,212 5,374 5
77 % 63 % 78 % 79 % 40 % 33 % 43 % 40 % 0 % 0 % 43 % 40 % 57 % 75 %