AI 0 0 0 0 0 1 0 0 0 0 0 0 0 0 0 0 0 0 0 0 0 0 0 0 0 0 0 1 AI
0 % 0 % 0 % 0 % 0 % 0 % 0 % 0 % 0 % 0 % 0 % 0 % 0 % 0 %
SN5A 0 1 0 0 0 0 0 0 0 0 0 0 0 0 0 0 0 0 0 0 0 0 0 0 0 0 0 1 SN5A
0 % 0 % 0 % 0 % 0 % 0 % 0 % 0 % 0 % 0 % 0 % 0 % 0 % 0 %
SS22 0 0 0 1 0 0 0 0 0 0 0 0 0 0 0 0 0 0 0 0 0 0 0 0 0 0 0 1 SS22
0 % 0 % 0 % 0 % 0 % 0 % 0 % 0 % 0 % 0 % 0 % 0 % 0 % 0 %
03 0 1 0 0 0 0 0 0 0 0 0 0 0 0 0 0 0 0 0 0 0 0 0 0 0 0 0 1 03
0 % 0 % 0 % 0 % 0 % 0 % 0 % 0 % 0 % 0 % 0 % 0 % 0 % 0 %
032 0 0 0 0 0 0 0 1 0 0 0 0 0 0 0 0 0 0 0 0 0 0 0 0 0 0 0 1 032
0 % 0 % 0 % 0 % 0 % 0 % 0 % 0 % 0 % 0 % 0 % 0 % 0 % 0 %
1 0 0 0 0 0 0 0 1 0 0 0 0 0 0 0 0 0 0 0 0 0 0 0 0 0 0 0 1 1
0 % 0 % 0 % 0 % 0 % 0 % 0 % 0 % 0 % 0 % 0 % 0 % 0 % 0 %
1-16C 0 0 0 0 0 1 0 0 0 0 0 0 0 0 0 0 0 0 0 0 0 0 0 0 0 0 0 1 1-16C
0 % 0 % 0 % 0 % 0 % 0 % 0 % 0 % 0 % 0 % 0 % 0 % 0 % 0 %
1-17C 0 0 0 0 0 0 0 1 0 0 0 0 0 0 0 0 0 0 0 0 0 0 0 0 0 0 0 1 1-17C
0 % 0 % 0 % 0 % 0 % 0 % 0 % 0 % 0 % 0 % 0 % 0 % 0 % 0 %
1-9_C 0 0 0 0 0 1 0 0 0 0 0 0 0 0 0 0 0 0 0 0 0 0 0 0 0 0 0 1 1-9_C
0 % 0 % 0 % 0 % 0 % 0 % 0 % 0 % 0 % 0 % 0 % 0 % 0 % 0 %
1A 11 10 16 10 464 365 434 331 5 4 1 1 5 4 3 2 0 0 0 0 0 0 0 0 43 22 982 749 1A
91 % 63 % 79 % 76 % 80 % 100 % 80 % 67 % 0 % 0 % 0 % 0 % 51 % 76 %
1B 80 55 64 42 1,003 704 865 590 0 0 1 0 4 1 3 2 1 0 1 1 6 1 3 1 93 47 2,124 1,444 1B
69 % 66 % 70 % 68 % 0 % 0 % 25 % 67 % 0 % 100 % 17 % 33 % 51 % 68 %
1C 40 30 39 22 454 338 430 302 5 4 1 1 4 2 1 1 1 1 0 0 2 1 1 0 44 23 1,022 725 1C
75 % 56 % 74 % 70 % 80 % 100 % 50 % 100 % 100 % 0 % 50 % 0 % 52 % 71 %
1D 30 21 27 18 662 498 594 440 2 0 0 0 3 1 7 4 1 0 0 0 1 0 1 1 49 34 1,377 1,017 1D
70 % 67 % 75 % 74 % 0 % 0 % 33 % 57 % 0 % 0 % 0 % 100 % 69 % 74 %
2 0 0 0 0 0 0 0 1 0 0 0 0 0 0 0 0 0 0 0 0 0 0 0 0 0 0 0 1 2
0 % 0 % 0 % 0 % 0 % 0 % 0 % 0 % 0 % 0 % 0 % 0 % 0 % 0 %
2-12C 0 0 0 0 0 0 0 1 0 0 0 0 0 0 0 0 0 0 0 0 0 0 0 0 0 0 0 1 2-12C
0 % 0 % 0 % 0 % 0 % 0 % 0 % 0 % 0 % 0 % 0 % 0 % 0 % 0 %
2A 35 28 28 21 791 599 763 568 8 4 1 1 8 6 12 7 0 0 0 0 5 2 3 1 95 57 1,749 1,294 2A
80 % 75 % 76 % 74 % 50 % 100 % 75 % 58 % 0 % 0 % 40 % 33 % 60 % 74 %
2B 125 98 109 77 1,023 768 906 660 10 6 9 5 15 10 11 5 0 0 0 0 4 1 4 2 144 70 2,360 1,702 2B
78 % 71 % 75 % 73 % 60 % 56 % 67 % 45 % 0 % 0 % 25 % 50 % 49 % 72 %
2C 106 80 79 55 976 738 883 668 8 3 3 1 7 5 4 3 0 0 0 0 6 2 3 0 105 68 2,180 1,623 2C
75 % 70 % 76 % 76 % 38 % 33 % 71 % 75 % 0 % 0 % 33 % 0 % 65 % 74 %
3-15C 0 0 0 0 0 1 0 0 0 0 0 0 0 0 0 0 0 0 0 0 0 0 0 0 0 0 0 1 3-15C
0 % 0 % 0 % 0 % 0 % 0 % 0 % 0 % 0 % 0 % 0 % 0 % 0 % 0 %
3A 116 79 85 53 424 299 369 268 1 1 0 0 3 2 1 1 2 1 0 0 1 1 0 0 45 18 1,047 723 3A
68 % 62 % 71 % 73 % 100 % 0 % 67 % 100 % 50 % 0 % 100 % 0 % 40 % 69 %
3B 227 189 191 136 370 288 387 290 1 0 2 1 0 1 3 2 0 0 0 0 0 0 2 0 47 31 1,230 938 3B
83 % 71 % 78 % 75 % 0 % 50 % 0 % 67 % 0 % 0 % 0 % 0 % 66 % 76 %
3C 169 117 121 84 563 433 527 384 2 2 2 0 5 2 1 1 0 0 0 0 1 1 3 3 69 35 1,463 1,062 3C
69 % 69 % 77 % 73 % 100 % 0 % 40 % 100 % 0 % 0 % 100 % 100 % 51 % 73 %
3D 246 208 178 116 757 555 707 500 1 0 2 1 4 3 7 4 0 0 3 3 3 3 0 0 76 34 1,984 1,427 3D
85 % 65 % 73 % 71 % 0 % 50 % 75 % 57 % 0 % 100 % 100 % 0 % 45 % 72 %
4-11C 0 0 0 0 0 0 0 1 0 0 0 0 0 0 0 0 0 0 0 0 0 0 0 0 0 0 0 1 4-11C
0 % 0 % 0 % 0 % 0 % 0 % 0 % 0 % 0 % 0 % 0 % 0 % 0 % 0 %
4A 159 122 85 55 1,020 764 904 669 6 3 4 2 11 6 7 1 0 0 0 0 2 0 2 0 83 41 2,283 1,663 4A
77 % 65 % 75 % 74 % 50 % 50 % 55 % 14 % 0 % 0 % 0 % 0 % 49 % 73 %
4B 181 139 136 85 519 367 462 307 1 1 0 0 8 6 11 7 0 0 0 0 4 2 2 2 56 26 1,380 942 4B
77 % 63 % 71 % 66 % 100 % 0 % 75 % 64 % 0 % 0 % 50 % 100 % 46 % 68 %
4C 68 41 56 32 859 563 755 491 1 0 2 2 7 3 7 2 0 0 0 0 7 4 3 2 103 53 1,868 1,193 4C
60 % 57 % 66 % 65 % 0 % 100 % 43 % 29 % 0 % 0 % 57 % 67 % 51 % 64 %
5A 95 73 82 48 1,039 723 908 648 4 2 2 1 7 2 10 2 0 0 2 1 6 4 4 2 117 54 2,276 1,560 5A
77 % 59 % 70 % 71 % 50 % 50 % 29 % 20 % 0 % 50 % 67 % 50 % 46 % 69 %
5B 281 211 196 137 1,108 769 960 619 9 4 4 0 19 7 17 9 1 1 2 1 10 8 5 4 193 110 2,805 1,880 5B
75 % 70 % 69 % 64 % 44 % 0 % 37 % 53 % 100 % 50 % 80 % 80 % 57 % 67 %
5C 94 69 66 45 522 396 481 363 9 7 7 4 5 3 7 1 0 0 2 1 4 1 2 1 60 34 1,259 925 5C
73 % 68 % 76 % 75 % 78 % 57 % 60 % 14 % 0 % 50 % 25 % 50 % 57 % 73 %
5D 0 0 0 0 0 0 0 1 0 0 0 0 0 0 0 0 0 0 0 0 0 0 0 0 0 0 0 1 5D
0 % 0 % 0 % 0 % 0 % 0 % 0 % 0 % 0 % 0 % 0 % 0 % 0 % 0 %
6-11C 0 0 0 0 0 1 0 1 0 0 0 0 0 0 0 0 0 0 0 0 0 0 0 0 0 0 0 2 6-11C
0 % 0 % 0 % 0 % 0 % 0 % 0 % 0 % 0 % 0 % 0 % 0 % 0 % 0 %
604 0 0 0 0 0 0 0 1 0 0 0 0 0 0 0 0 0 0 0 0 0 0 0 0 0 0 0 1 604
0 % 0 % 0 % 0 % 0 % 0 % 0 % 0 % 0 % 0 % 0 % 0 % 0 % 0 %
7-11C 0 0 0 0 0 0 0 1 0 0 0 0 0 0 0 0 0 0 0 0 0 0 0 0 0 0 0 1 7-11C
0 % 0 % 0 % 0 % 0 % 0 % 0 % 0 % 0 % 0 % 0 % 0 % 0 % 0 %
7-14C 0 0 0 1 0 0 0 0 0 0 0 0 0 0 0 0 0 0 0 0 0 0 0 0 0 0 0 1 7-14C
0 % 0 % 0 % 0 % 0 % 0 % 0 % 0 % 0 % 0 % 0 % 0 % 0 % 0 %
7-3_C 0 0 0 0 0 0 0 1 0 0 0 0 0 0 0 0 0 0 0 0 0 0 0 0 0 0 0 1 7-3_C
0 % 0 % 0 % 0 % 0 % 0 % 0 % 0 % 0 % 0 % 0 % 0 % 0 % 0 %
7-4_C 0 0 0 0 0 2 0 3 0 1 0 0 0 0 0 0 0 0 0 0 0 0 0 0 0 1 0 7 7-4_C
0 % 0 % 0 % 0 % 0 % 0 % 0 % 0 % 0 % 0 % 0 % 0 % 0 % 0 %
7-5_C 0 0 0 0 0 0 0 1 0 0 0 0 0 0 0 0 0 0 0 0 0 0 0 0 0 0 0 1 7-5_C
0 % 0 % 0 % 0 % 0 % 0 % 0 % 0 % 0 % 0 % 0 % 0 % 0 % 0 %
7-6_C 0 0 0 0 0 3 0 0 0 0 0 0 0 0 0 0 0 0 0 0 0 0 0 0 0 0 0 3 7-6_C
0 % 0 % 0 % 0 % 0 % 0 % 0 % 0 % 0 % 0 % 0 % 0 % 0 % 0 %
7-7_C 0 0 0 1 0 0 0 2 0 0 0 0 0 0 0 0 0 0 0 0 0 0 0 0 0 0 0 3 7-7_C
0 % 0 % 0 % 0 % 0 % 0 % 0 % 0 % 0 % 0 % 0 % 0 % 0 % 0 %
7-8_C 0 1 0 0 0 1 0 2 0 0 0 0 0 0 0 0 0 0 0 0 0 0 0 0 0 1 0 5 7-8_C
0 % 0 % 0 % 0 % 0 % 0 % 0 % 0 % 0 % 0 % 0 % 0 % 0 % 0 %
TOTALS 2,063 1,573 1,558 1,039 12,554 9,178 11,335 8,117 73 42 41 20 115 64 112 54 6 3 10 7 62 31 38 19 1,422 759 29,389 20,906 7-8_C
76 % 67 % 73 % 72 % 58 % 49 % 56 % 48 % 50 % 70 % 50 % 50 % 53 % 71 %