12 0 0 0 0 0 0 0 0 0 0 0 0 0 0 0 0 0 0 0 0 0 0 0 0 0 1 0 1 12
0 % 0 % 0 % 0 % 0 % 0 % 0 % 0 % 0 % 0 % 0 % 0 % 0 % 0 %
ELBERTON 1,094 749 656 353 1,100 820 788 602 8 3 10 5 10 4 11 7 0 0 0 0 6 2 1 0 46 24 3,730 2,569 189
68 % 54 % 75 % 76 % 38 % 50 % 40 % 64 % 0 % 0 % 33 % 0 % 52 % 69 %
LONGSTREET 94 69 70 38 212 164 209 161 1 0 2 0 0 0 0 0 0 0 0 0 0 0 0 0 13 6 601 438 190
73 % 54 % 77 % 77 % 0 % 0 % 0 % 0 % 0 % 0 % 0 % 0 % 46 % 73 %
ELIAM 88 70 61 39 309 242 274 223 0 0 0 0 0 0 0 0 0 0 0 0 0 0 0 0 11 7 743 581 191
80 % 64 % 78 % 81 % 0 % 0 % 0 % 0 % 0 % 0 % 0 % 0 % 64 % 78 %
PETERSBURG 17 13 6 5 147 116 132 102 0 0 0 0 1 0 0 0 0 0 0 0 0 0 1 1 3 3 307 240 192
76 % 83 % 79 % 77 % 0 % 0 % 0 % 0 % 0 % 0 % 0 % 100 % 100 % 78 %
WYCHE 141 117 102 69 394 321 367 287 0 0 1 0 3 2 5 3 0 0 0 0 1 0 1 0 13 10 1,028 809 193
83 % 68 % 81 % 78 % 0 % 0 % 67 % 60 % 0 % 0 % 0 % 0 % 77 % 79 %
MOSS-RUCKE 37 32 30 23 151 106 148 103 0 0 0 0 3 3 3 1 0 0 0 0 0 0 0 0 3 2 375 270 196
86 % 77 % 70 % 70 % 0 % 0 % 100 % 33 % 0 % 0 % 0 % 0 % 67 % 72 %
PIKE 276 215 259 170 455 343 412 328 3 1 4 3 2 1 6 5 0 0 0 0 2 1 1 1 26 12 1,446 1,080 197
78 % 66 % 75 % 80 % 33 % 75 % 50 % 83 % 0 % 0 % 50 % 100 % 46 % 75 %
GAINES 8 4 3 2 211 157 211 152 1 1 0 0 1 1 0 0 0 0 0 0 0 0 0 0 7 5 442 322 199
50 % 67 % 74 % 72 % 100 % 0 % 100 % 0 % 0 % 0 % 0 % 0 % 71 % 73 %
GOSHEN 116 97 95 65 560 411 528 373 3 2 1 1 3 3 2 1 0 0 0 0 3 1 2 2 30 13 1,343 969 201
84 % 68 % 73 % 71 % 67 % 100 % 100 % 50 % 0 % 0 % 33 % 100 % 43 % 72 %
WEBBSBORO 39 26 30 21 148 111 158 124 1 0 0 0 0 0 0 0 0 0 0 0 0 0 1 0 6 4 383 286 202
67 % 70 % 75 % 78 % 0 % 0 % 0 % 0 % 0 % 0 % 0 % 0 % 67 % 75 %
3 0 0 0 0 0 0 0 1 0 0 0 0 0 0 0 0 0 0 0 0 0 0 0 0 0 0 0 1 3
0 % 0 % 0 % 0 % 0 % 0 % 0 % 0 % 0 % 0 % 0 % 0 % 0 % 0 %
CENTERVILL 76 56 63 41 396 278 344 248 3 2 2 0 6 2 5 0 0 0 0 0 0 0 0 0 18 11 913 638 315
74 % 65 % 70 % 72 % 67 % 0 % 33 % 0 % 0 % 0 % 0 % 0 % 61 % 70 %
4A 0 0 0 0 0 1 0 0 0 0 0 0 0 0 0 0 0 0 0 0 0 0 0 0 0 0 0 1 4A
0 % 0 % 0 % 0 % 0 % 0 % 0 % 0 % 0 % 0 % 0 % 0 % 0 % 0 %
TOTALS 1,986 1,448 1,375 826 4,083 3,070 3,571 2,704 20 9 20 9 29 16 32 17 0 0 0 0 12 4 7 4 176 98 11,311 8,205 4A
73 % 60 % 75 % 76 % 45 % 45 % 55 % 53 % 0 % 0 % 33 % 57 % 56 % 73 %