SOPE 0 0 0 0 0 1 0 0 0 0 0 0 0 0 0 0 0 0 0 0 0 0 0 0 0 0 0 1 SOPE
0 % 0 % 0 % 0 % 0 % 0 % 0 % 0 % 0 % 0 % 0 % 0 % 0 % 0 %
0015 0 0 0 0 0 1 0 0 0 0 0 0 0 0 0 0 0 0 0 0 0 0 0 0 0 0 0 1 0015
0 % 0 % 0 % 0 % 0 % 0 % 0 % 0 % 0 % 0 % 0 % 0 % 0 % 0 %
OAK_PARK 5 4 8 2 208 162 193 146 0 0 0 0 3 2 1 1 0 0 0 0 0 0 0 0 9 5 427 322 0050
80 % 25 % 78 % 76 % 0 % 0 % 67 % 100 % 0 % 0 % 0 % 0 % 56 % 75 %
CROSS-GREE 86 66 61 45 25 19 27 22 0 0 0 0 0 0 0 0 0 0 0 0 0 0 1 1 2 0 202 153 0052
77 % 74 % 76 % 81 % 0 % 0 % 0 % 0 % 0 % 0 % 0 % 100 % 0 % 76 %
SWAINSBORO 1,387 995 800 462 1,783 1,358 1,447 1,115 10 4 8 4 11 7 16 8 1 0 2 1 11 3 16 7 152 79 5,644 4,043 0053
72 % 58 % 76 % 77 % 40 % 50 % 64 % 50 % 0 % 50 % 27 % 44 % 52 % 72 %
SUMMERTOWN 65 50 45 32 152 119 150 116 0 0 0 0 1 1 1 1 0 0 0 0 2 2 0 0 12 4 428 325 0057
77 % 71 % 78 % 77 % 0 % 0 % 100 % 100 % 0 % 0 % 100 % 0 % 33 % 76 %
STILLMORE 135 100 79 49 148 99 134 83 0 0 3 0 4 0 4 1 0 0 0 0 2 2 1 0 13 5 523 339 0058
74 % 62 % 67 % 62 % 0 % 0 % 0 % 25 % 0 % 0 % 100 % 0 % 38 % 65 %
0083 0 1 0 0 0 0 0 0 0 0 0 0 0 0 0 0 0 0 0 0 0 0 0 0 0 0 0 1 0083
0 % 0 % 0 % 0 % 0 % 0 % 0 % 0 % 0 % 0 % 0 % 0 % 0 % 0 %
1 0 0 0 0 0 0 0 0 0 0 0 0 0 0 0 0 0 0 0 0 0 0 0 0 0 1 0 1 1
0 % 0 % 0 % 0 % 0 % 0 % 0 % 0 % 0 % 0 % 0 % 0 % 0 % 0 %
BLUNDALE 1 0 0 0 107 84 97 77 0 0 0 0 1 0 0 0 0 0 0 0 0 0 0 0 3 2 209 163 1208
0 % 0 % 79 % 79 % 0 % 0 % 0 % 0 % 0 % 0 % 0 % 0 % 67 % 78 %
CANOOCHEE 65 56 60 35 216 171 179 151 1 1 0 0 0 0 0 0 0 0 0 0 0 0 0 0 12 8 533 422 1333
86 % 58 % 79 % 84 % 100 % 0 % 0 % 0 % 0 % 0 % 0 % 0 % 67 % 79 %
14 0 0 0 0 0 1 0 0 0 0 0 0 0 0 0 0 0 0 0 0 0 0 0 0 0 0 0 1 14
0 % 0 % 0 % 0 % 0 % 0 % 0 % 0 % 0 % 0 % 0 % 0 % 0 % 0 %
GARFIELD 43 35 28 15 179 151 169 134 0 0 0 0 0 0 0 0 0 0 0 0 0 0 0 0 8 4 427 339 1429
81 % 54 % 84 % 79 % 0 % 0 % 0 % 0 % 0 % 0 % 0 % 0 % 50 % 79 %
COWFORD 0 0 2 0 187 164 156 131 0 0 0 0 0 0 0 0 0 0 0 0 0 0 0 0 6 5 351 300 1452
0 % 0 % 88 % 84 % 0 % 0 % 0 % 0 % 0 % 0 % 0 % 0 % 83 % 85 %
NUNEZ 39 26 35 22 150 105 109 80 0 0 0 0 0 0 1 0 0 0 0 0 0 0 0 0 7 4 341 237 1502
67 % 63 % 70 % 73 % 0 % 0 % 0 % 0 % 0 % 0 % 0 % 0 % 57 % 70 %
TWIN_CITY 330 254 201 130 407 302 359 269 0 0 0 0 3 2 1 0 0 0 0 0 5 5 0 0 44 25 1,350 987 1560
77 % 65 % 74 % 75 % 0 % 0 % 67 % 0 % 0 % 0 % 100 % 0 % 57 % 73 %
1685 0 0 0 0 0 2 0 0 0 0 0 0 0 0 0 0 0 0 0 0 0 0 0 0 0 0 0 2 1685
0 % 0 % 0 % 0 % 0 % 0 % 0 % 0 % 0 % 0 % 0 % 0 % 0 % 0 %
ADRIAN 34 28 14 11 324 233 258 185 0 0 0 0 1 0 3 1 0 0 0 0 1 0 0 0 19 9 654 467 1748
82 % 79 % 72 % 72 % 0 % 0 % 0 % 33 % 0 % 0 % 0 % 0 % 47 % 71 %
2 0 0 0 0 0 1 0 0 0 0 0 0 0 0 0 0 0 0 0 0 0 0 0 0 0 0 0 1 2
0 % 0 % 0 % 0 % 0 % 0 % 0 % 0 % 0 % 0 % 0 % 0 % 0 % 0 %
5 0 0 0 0 0 1 0 0 0 0 0 0 0 0 0 0 0 0 0 0 0 0 0 0 0 0 0 1 5
0 % 0 % 0 % 0 % 0 % 0 % 0 % 0 % 0 % 0 % 0 % 0 % 0 % 0 %
55 0 0 0 0 0 1 0 0 0 0 0 0 0 0 0 0 0 0 0 0 0 0 0 0 0 0 0 1 55
0 % 0 % 0 % 0 % 0 % 0 % 0 % 0 % 0 % 0 % 0 % 0 % 0 % 0 %
7-9_C 0 0 0 0 0 0 0 1 0 0 0 0 0 0 0 0 0 0 0 0 0 0 0 0 0 0 0 1 7-9_C
0 % 0 % 0 % 0 % 0 % 0 % 0 % 0 % 0 % 0 % 0 % 0 % 0 % 0 %
