1A 0 0 0 0 0 0 0 1 0 0 0 0 0 0 0 0 0 0 0 0 0 0 0 0 0 0 0 1 1A
0 % 0 % 0 % 0 % 0 % 0 % 0 % 0 % 0 % 0 % 0 % 0 % 0 % 0 %
VETERAN'S 904 650 531 346 1,743 1,339 1,489 1,136 11 4 5 4 31 13 27 8 2 0 0 0 10 2 7 4 145 79 4,905 3,585 11
72 % 65 % 77 % 76 % 36 % 80 % 42 % 30 % 0 % 0 % 20 % 57 % 54 % 73 %
1736 0 0 0 0 0 1 0 0 0 0 0 0 0 0 0 0 0 0 0 0 0 0 0 0 0 0 0 1 1736
0 % 0 % 0 % 0 % 0 % 0 % 0 % 0 % 0 % 0 % 0 % 0 % 0 % 0 %
CANOOCHEE 0 0 0 0 0 0 0 1 0 0 0 0 0 0 0 0 0 0 0 0 0 0 0 0 0 0 0 1 3
0 % 0 % 0 % 0 % 0 % 0 % 0 % 0 % 0 % 0 % 0 % 0 % 0 % 0 %
CLAXTON 0 0 0 0 0 0 0 1 0 0 0 0 0 0 0 0 0 0 0 0 0 0 0 0 0 0 0 1 8
0 % 0 % 0 % 0 % 0 % 0 % 0 % 0 % 0 % 0 % 0 % 0 % 0 % 0 %
TOTALS 904 650 531 346 1,743 1,340 1,489 1,139 11 4 5 4 31 13 27 8 2 0 0 0 10 2 7 4 145 79 4,905 3,589 8
72 % 65 % 77 % 76 % 36 % 80 % 42 % 30 % 0 % 0 % 20 % 57 % 54 % 73 %