COLWELL 0 0 0 0 400 310 394 310 0 0 0 0 0 0 1 1 0 0 0 0 1 1 1 0 23 17 820 639 COLW
0 % 0 % 78 % 79 % 0 % 0 % 0 % 100 % 0 % 0 % 100 % 0 % 74 % 78 %
FAIRPLAY 1 0 1 0 415 272 378 241 2 2 2 2 0 0 3 2 2 2 0 0 0 0 2 2 25 14 831 537 FAIR
0 % 0 % 66 % 64 % 100 % 100 % 0 % 67 % 100 % 0 % 0 % 100 % 56 % 65 %
FLINTHILL 3 1 1 0 1,282 893 1,043 724 1 0 2 0 1 1 2 1 0 0 0 0 2 1 2 2 46 29 2,385 1,652 FLIN
33 % 0 % 70 % 69 % 0 % 0 % 100 % 50 % 0 % 0 % 50 % 100 % 63 % 69 %
HEMPTOWN 0 0 3 1 433 304 395 296 1 0 1 0 1 0 0 0 0 0 0 0 2 1 1 1 20 15 857 618 HEMP
0 % 33 % 70 % 75 % 0 % 0 % 0 % 0 % 0 % 0 % 50 % 100 % 75 % 72 %
HOTHOUSE 0 0 1 1 466 331 429 292 0 0 0 0 0 0 1 0 0 0 0 0 0 0 1 0 24 16 922 640 HOTH
0 % 100 % 71 % 68 % 0 % 0 % 0 % 0 % 0 % 0 % 0 % 0 % 67 % 69 %
MINERAL_BL 0 0 1 0 653 446 581 421 1 1 0 0 0 0 3 1 0 0 0 0 3 1 0 0 22 15 1,264 885 MINE
0 % 0 % 68 % 72 % 100 % 0 % 0 % 33 % 0 % 0 % 33 % 0 % 68 % 70 %
MOBILE 0 0 0 0 446 321 374 274 1 0 0 0 1 1 0 0 0 0 0 0 0 0 1 1 10 6 833 603 MOBI
0 % 0 % 72 % 73 % 0 % 0 % 100 % 0 % 0 % 0 % 0 % 100 % 60 % 72 %
MORGANTON 0 0 2 1 762 549 731 516 2 2 2 1 1 1 1 0 0 0 0 0 2 1 3 2 34 14 1,540 1,087 MORG
0 % 50 % 72 % 71 % 100 % 50 % 100 % 0 % 0 % 0 % 50 % 67 % 41 % 71 %
NOONTOOTLA 0 0 1 1 302 227 313 248 0 0 0 0 1 1 1 1 0 0 0 0 1 1 1 0 16 9 636 488 NOON
0 % 100 % 75 % 79 % 0 % 0 % 100 % 100 % 0 % 0 % 100 % 0 % 56 % 77 %
SKENIAH 0 0 0 0 120 93 114 91 0 0 0 0 0 0 0 0 0 0 0 0 0 0 0 0 8 6 242 190 SKEN
0 % 0 % 78 % 80 % 0 % 0 % 0 % 0 % 0 % 0 % 0 % 0 % 75 % 79 %
SUGAR_CREE 0 0 0 0 840 588 807 562 3 3 0 0 4 2 1 0 0 0 1 1 1 1 1 1 35 24 1,693 1,182 SUGC
0 % 0 % 70 % 70 % 100 % 0 % 50 % 0 % 0 % 100 % 100 % 100 % 69 % 70 %
TOCCOA 1 0 1 0 1,310 850 1,107 724 5 3 1 0 5 1 5 1 2 0 0 0 3 2 2 1 44 27 2,486 1,609 TOCC
0 % 0 % 65 % 65 % 60 % 0 % 20 % 20 % 0 % 0 % 67 % 50 % 61 % 65 %
02 0 0 0 0 0 0 0 1 0 0 0 0 0 0 0 0 0 0 0 0 0 0 0 0 0 0 0 1 02
0 % 0 % 0 % 0 % 0 % 0 % 0 % 0 % 0 % 0 % 0 % 0 % 0 % 0 %
06 0 0 0 0 0 1 0 1 0 0 0 0 0 0 0 0 0 0 0 0 0 0 0 0 0 0 0 2 06
0 % 0 % 0 % 0 % 0 % 0 % 0 % 0 % 0 % 0 % 0 % 0 % 0 % 0 %
10 0 0 0 0 0 1 0 0 0 0 0 0 0 0 0 0 0 0 0 0 0 0 0 0 0 0 0 1 10
0 % 0 % 0 % 0 % 0 % 0 % 0 % 0 % 0 % 0 % 0 % 0 % 0 % 0 %
12 0 0 0 0 0 0 0 1 0 0 0 0 0 0 0 0 0 0 0 0 0 0 0 0 0 0 0 1 12
0 % 0 % 0 % 0 % 0 % 0 % 0 % 0 % 0 % 0 % 0 % 0 % 0 % 0 %
2C 0 0 0 0 0 0 0 0 0 0 0 0 0 0 0 0 0 0 0 0 0 0 0 0 0 1 0 1 2C
0 % 0 % 0 % 0 % 0 % 0 % 0 % 0 % 0 % 0 % 0 % 0 % 0 % 0 %
8 0 0 0 0 0 2 0 1 0 0 0 0 0 0 0 0 0 0 0 0 0 0 0 0 0 0 0 3 8
0 % 0 % 0 % 0 % 0 % 0 % 0 % 0 % 0 % 0 % 0 % 0 % 0 % 0 %
TOTALS 5 1 11 4 7,429 5,188 6,666 4,703 16 11 8 3 14 7 18 7 4 2 1 1 15 9 15 10 307 193 14,509 10,139 8
20 % 36 % 70 % 71 % 69 % 38 % 50 % 39 % 50 % 100 % 60 % 67 % 63 % 70 %