BK01 0 0 0 0 0 0 0 1 0 0 0 0 0 0 0 0 0 0 0 0 0 0 0 0 0 0 0 1 BK01
0 % 0 % 0 % 0 % 0 % 0 % 0 % 0 % 0 % 0 % 0 % 0 % 0 % 0 %
CL02 0 1 0 1 0 0 0 0 0 0 0 0 0 0 0 0 0 0 0 0 0 0 0 0 0 0 0 2 CL02
0 % 0 % 0 % 0 % 0 % 0 % 0 % 0 % 0 % 0 % 0 % 0 % 0 % 0 %
CP01B 0 0 0 0 0 0 0 0 0 0 0 0 0 0 0 0 0 0 0 0 0 0 0 0 0 1 0 1 CP01B
0 % 0 % 0 % 0 % 0 % 0 % 0 % 0 % 0 % 0 % 0 % 0 % 0 % 0 %
F3 0 0 0 1 0 0 0 0 0 0 0 0 0 0 0 0 0 0 0 0 0 0 0 0 0 0 0 1 F3
0 % 0 % 0 % 0 % 0 % 0 % 0 % 0 % 0 % 0 % 0 % 0 % 0 % 0 %
JB01 0 0 0 0 0 0 0 0 0 0 0 0 0 0 0 0 0 0 0 0 0 0 0 0 0 1 0 1 JB01
0 % 0 % 0 % 0 % 0 % 0 % 0 % 0 % 0 % 0 % 0 % 0 % 0 % 0 %
JB03 0 0 0 1 0 0 0 0 0 0 0 0 0 0 0 0 0 0 0 0 0 0 0 0 0 0 0 1 JB03
0 % 0 % 0 % 0 % 0 % 0 % 0 % 0 % 0 % 0 % 0 % 0 % 0 % 0 %
JB05 0 0 0 0 0 1 0 0 0 0 0 0 0 0 0 0 0 0 0 0 0 0 0 0 0 0 0 1 JB05
0 % 0 % 0 % 0 % 0 % 0 % 0 % 0 % 0 % 0 % 0 % 0 % 0 % 0 %
LJ1 0 0 0 1 0 0 0 0 0 0 0 0 0 0 0 0 0 0 0 0 0 0 0 0 0 0 0 1 LJ1
0 % 0 % 0 % 0 % 0 % 0 % 0 % 0 % 0 % 0 % 0 % 0 % 0 % 0 %
LJ3 0 1 0 0 0 0 0 0 0 0 0 0 0 0 0 0 0 0 0 0 0 0 0 0 0 0 0 1 LJ3
0 % 0 % 0 % 0 % 0 % 0 % 0 % 0 % 0 % 0 % 0 % 0 % 0 % 0 %
PH2 0 1 0 0 0 0 0 0 0 0 0 0 0 0 0 0 0 0 0 0 0 0 0 0 0 0 0 1 PH2
0 % 0 % 0 % 0 % 0 % 0 % 0 % 0 % 0 % 0 % 0 % 0 % 0 % 0 %
RABUN 0 0 0 0 0 1 0 0 0 0 0 0 0 0 0 0 0 0 0 0 0 0 0 0 0 0 0 1 RABUN
0 % 0 % 0 % 0 % 0 % 0 % 0 % 0 % 0 % 0 % 0 % 0 % 0 % 0 %
RD01 0 1 0 0 0 0 0 0 0 0 0 0 0 0 0 0 0 0 0 0 0 0 0 0 0 0 0 1 RD01
0 % 0 % 0 % 0 % 0 % 0 % 0 % 0 % 0 % 0 % 0 % 0 % 0 % 0 %
RD02 0 1 0 0 0 0 0 0 0 0 0 0 0 0 0 0 0 0 0 0 0 0 0 0 0 0 0 1 RD02
0 % 0 % 0 % 0 % 0 % 0 % 0 % 0 % 0 % 0 % 0 % 0 % 0 % 0 %
SC07A 0 1 0 0 0 0 0 0 0 0 0 0 0 0 0 0 0 0 0 0 0 0 0 0 0 0 0 1 SC07A
0 % 0 % 0 % 0 % 0 % 0 % 0 % 0 % 0 % 0 % 0 % 0 % 0 % 0 %
SC08E 0 1 0 0 0 0 0 0 0 0 0 0 0 0 0 0 0 0 0 0 0 0 0 0 0 0 0 1 SC08E
0 % 0 % 0 % 0 % 0 % 0 % 0 % 0 % 0 % 0 % 0 % 0 % 0 % 0 %
SC212 0 0 0 1 0 0 0 0 0 0 0 0 0 0 0 0 0 0 0 0 0 0 0 0 0 0 0 1 SC212
0 % 0 % 0 % 0 % 0 % 0 % 0 % 0 % 0 % 0 % 0 % 0 % 0 % 0 %
SC23A 0 1 0 0 0 0 0 0 0 0 0 0 0 0 0 0 0 0 0 0 0 0 0 0 0 0 0 1 SC23A
0 % 0 % 0 % 0 % 0 % 0 % 0 % 0 % 0 % 0 % 0 % 0 % 0 % 0 %
SC27 0 1 0 0 0 0 0 0 0 0 0 0 0 0 0 0 0 0 0 0 0 0 0 0 0 0 0 1 SC27
0 % 0 % 0 % 0 % 0 % 0 % 0 % 0 % 0 % 0 % 0 % 0 % 0 % 0 %
SC29A 0 0 0 1 0 0 0 0 0 0 0 0 0 0 0 0 0 0 0 0 0 0 0 0 0 0 0 1 SC29A
0 % 0 % 0 % 0 % 0 % 0 % 0 % 0 % 0 % 0 % 0 % 0 % 0 % 0 %
STARK 0 1 0 0 0 0 0 0 0 0 0 0 0 0 0 0 0 0 0 0 0 0 0 0 0 0 0 1 STARK
0 % 0 % 0 % 0 % 0 % 0 % 0 % 0 % 0 % 0 % 0 % 0 % 0 % 0 %
UC02A 0 0 0 0 0 1 0 0 0 0 0 0 0 0 0 0 0 0 0 0 0 0 0 0 0 0 0 1 UC02A
0 % 0 % 0 % 0 % 0 % 0 % 0 % 0 % 0 % 0 % 0 % 0 % 0 % 0 %
UC031 0 1 0 0 0 0 0 0 0 0 0 0 0 0 0 0 0 0 0 0 0 0 0 0 0 0 0 1 UC031
0 % 0 % 0 % 0 % 0 % 0 % 0 % 0 % 0 % 0 % 0 % 0 % 0 % 0 %
BLACKROCK 572 491 437 343 495 404 416 350 26 13 15 5 14 14 14 12 0 0 0 0 13 8 10 5 243 182 2,255 1,827 01
86 % 78 % 82 % 84 % 50 % 33 % 100 % 86 % 0 % 0 % 62 % 50 % 75 % 81 %
01C1 0 0 0 0 0 0 0 1 0 0 0 0 0 0 0 0 0 0 0 0 0 0 0 0 0 0 0 1 01C1
0 % 0 % 0 % 0 % 0 % 0 % 0 % 0 % 0 % 0 % 0 % 0 % 0 % 0 %
BROOKS 19 17 14 10 845 720 802 660 2 1 4 2 6 4 4 3 0 0 0 0 4 3 1 1 175 131 1,876 1,552 02
89 % 71 % 85 % 82 % 50 % 50 % 67 % 75 % 0 % 0 % 75 % 100 % 75 % 83 %
EUROPE 1,011 893 828 667 198 157 164 132 14 7 9 6 6 6 5 2 0 0 1 0 16 12 18 12 323 248 2,593 2,142 03
88 % 81 % 79 % 80 % 50 % 67 % 100 % 40 % 0 % 0 % 75 % 67 % 77 % 83 %
FAYETTEVIL 319 258 179 124 535 429 394 315 6 4 5 2 14 8 5 1 0 0 0 0 6 5 11 4 192 117 1,666 1,267 04
81 % 69 % 80 % 80 % 67 % 40 % 57 % 20 % 0 % 0 % 83 % 36 % 61 % 76 %
FAYETTEVIL 189 147 151 104 503 369 356 278 11 9 8 2 10 4 4 3 0 0 0 0 9 5 6 4 188 126 1,435 1,051 05
78 % 69 % 73 % 78 % 82 % 25 % 40 % 75 % 0 % 0 % 56 % 67 % 67 % 73 %
FLINT 191 164 166 141 384 313 361 273 10 8 5 3 9 7 8 7 0 0 0 0 10 7 7 4 127 89 1,278 1,016 06
86 % 85 % 82 % 76 % 80 % 60 % 78 % 88 % 0 % 0 % 70 % 57 % 70 % 79 %
HOPEFUL 345 299 280 219 460 367 404 334 9 7 3 4 12 9 12 5 0 0 0 0 13 11 7 5 187 138 1,732 1,398 07
87 % 78 % 80 % 83 % 78 % 133 % 75 % 42 % 0 % 0 % 85 % 71 % 74 % 81 %
MORNING_CR 511 445 397 313 664 541 579 475 21 11 10 7 16 10 16 8 0 0 0 0 20 12 12 6 268 189 2,514 2,017 08
87 % 79 % 81 % 82 % 52 % 70 % 63 % 50 % 0 % 0 % 60 % 50 % 71 % 80 %
RAREOVER 116 105 108 84 982 806 850 695 4 1 4 3 13 11 13 6 0 0 0 0 3 3 6 5 252 187 2,351 1,906 09
91 % 78 % 82 % 82 % 25 % 75 % 85 % 46 % 0 % 0 % 100 % 83 % 74 % 81 %
SANDY_CREE 676 595 566 450 918 734 789 608 33 18 23 12 35 28 38 17 1 1 0 0 22 17 28 21 416 294 3,545 2,795 10
88 % 80 % 80 % 77 % 55 % 52 % 80 % 45 % 100 % 0 % 77 % 75 % 71 % 79 %
SHAKERAG_E 60 45 48 29 571 437 493 380 7 4 2 0 23 20 13 8 0 0 0 0 10 8 9 4 169 94 1,405 1,029 11
75 % 60 % 77 % 77 % 57 % 0 % 87 % 62 % 0 % 0 % 80 % 44 % 56 % 73 %
11B 0 1 0 0 0 0 0 0 0 0 0 0 0 0 0 0 0 0 0 0 0 0 0 0 0 0 0 1 11B
0 % 0 % 0 % 0 % 0 % 0 % 0 % 0 % 0 % 0 % 0 % 0 % 0 % 0 %
11E2 0 0 0 0 0 0 0 0 0 0 0 0 0 0 0 0 0 0 0 0 0 0 0 0 0 1 0 1 11E2
0 % 0 % 0 % 0 % 0 % 0 % 0 % 0 % 0 % 0 % 0 % 0 % 0 % 0 %
SHAKERAG_W 6 6 12 9 537 440 467 378 4 3 3 1 8 7 8 5 0 0 0 0 5 4 4 2 106 74 1,160 929 12
100 % 75 % 82 % 81 % 75 % 33 % 88 % 63 % 0 % 0 % 80 % 50 % 70 % 80 %
12L 0 0 0 0 0 1 0 0 0 0 0 0 0 0 0 0 0 0 0 0 0 0 0 0 0 0 0 1 12L
0 % 0 % 0 % 0 % 0 % 0 % 0 % 0 % 0 % 0 % 0 % 0 % 0 % 0 %
STARRSMILL 89 71 78 64 1,302 1,087 1,265 1,010 12 11 11 7 18 11 20 13 0 0 1 1 16 11 20 16 304 238 3,136 2,540 13
80 % 82 % 83 % 80 % 92 % 64 % 61 % 65 % 0 % 100 % 69 % 80 % 78 % 81 %
WHITEWATER 85 80 84 71 1,099 908 1,036 848 11 7 8 5 13 9 10 8 2 2 0 0 7 5 8 7 281 213 2,644 2,163 14
94 % 85 % 83 % 82 % 64 % 63 % 69 % 80 % 100 % 0 % 71 % 88 % 76 % 82 %
WOOLSEY 38 30 38 30 846 727 800 674 8 7 6 4 7 5 6 6 0 0 0 0 5 4 4 3 156 119 1,914 1,609 15
79 % 79 % 86 % 84 % 88 % 67 % 71 % 100 % 0 % 0 % 80 % 75 % 76 % 84 %
MCINTOSH 89 74 76 61 1,151 921 1,066 842 38 25 22 19 28 17 11 7 1 1 0 0 19 13 10 7 343 251 2,854 2,238 16
83 % 80 % 80 % 79 % 66 % 86 % 61 % 64 % 100 % 0 % 68 % 70 % 73 % 78 %
OAK_GROVE 36 27 23 16 555 420 503 371 13 10 3 2 9 6 9 7 0 0 0 0 9 7 7 6 123 92 1,290 964 17
75 % 70 % 76 % 74 % 77 % 67 % 67 % 78 % 0 % 0 % 78 % 86 % 75 % 75 %
KEDRON 273 209 183 127 1,110 838 996 714 42 26 40 19 71 51 52 33 0 0 0 0 30 16 26 16 420 267 3,243 2,316 18
77 % 69 % 75 % 72 % 62 % 48 % 72 % 63 % 0 % 0 % 53 % 62 % 64 % 71 %
ABERDEEN 75 52 45 32 646 530 611 477 12 8 13 7 14 5 8 5 1 0 0 0 3 3 1 1 160 100 1,589 1,220 19
69 % 71 % 82 % 78 % 67 % 54 % 36 % 63 % 0 % 0 % 100 % 100 % 63 % 77 %
WINDGATE 16 16 12 10 419 360 361 298 4 2 3 0 13 8 6 4 0 0 0 0 1 1 1 1 85 65 921 765 20
100 % 83 % 86 % 83 % 50 % 0 % 62 % 67 % 0 % 0 % 100 % 100 % 76 % 83 %
FLAT_CREEK 142 108 72 36 763 582 659 477 10 7 13 6 35 24 17 9 0 0 0 0 10 6 11 3 275 188 2,007 1,446 21
76 % 50 % 76 % 72 % 70 % 46 % 69 % 53 % 0 % 0 % 60 % 27 % 68 % 72 %
BRAELINN 16 14 23 19 825 660 742 606 8 3 10 5 13 7 10 9 0 0 0 0 6 5 12 4 175 133 1,840 1,465 22
88 % 83 % 80 % 82 % 38 % 50 % 54 % 90 % 0 % 0 % 83 % 33 % 76 % 80 %
KENWOOD 303 259 227 174 121 103 128 104 3 3 5 5 9 6 5 4 0 0 0 0 7 6 6 3 105 83 919 750 23
85 % 77 % 85 % 81 % 100 % 100 % 67 % 80 % 0 % 0 % 86 % 50 % 79 % 82 %
BANKS 178 157 151 115 470 390 419 354 16 12 9 5 21 14 13 11 0 0 0 0 12 8 10 7 147 105 1,446 1,178 24
88 % 76 % 83 % 84 % 75 % 56 % 67 % 85 % 0 % 0 % 67 % 70 % 71 % 81 %
HARPS_CROS 114 101 102 87 594 492 542 445 6 2 1 1 12 6 6 3 1 0 0 0 5 5 7 5 112 77 1,502 1,224 25
89 % 85 % 83 % 82 % 33 % 100 % 50 % 50 % 0 % 0 % 100 % 71 % 69 % 81 %
WILLOW_PON 148 121 111 97 795 650 726 582 25 20 24 15 20 15 31 22 0 0 0 0 14 7 8 6 276 188 2,178 1,723 26
82 % 87 % 82 % 80 % 80 % 63 % 75 % 71 % 0 % 0 % 50 % 75 % 68 % 79 %
DOGWOOD 157 142 131 104 965 813 873 727 16 11 6 5 12 6 17 12 0 0 0 0 9 6 6 4 220 171 2,412 2,001 27
90 % 79 % 84 % 83 % 69 % 83 % 50 % 71 % 0 % 0 % 67 % 67 % 78 % 83 %
OAK_RIDGE 360 316 286 221 473 384 460 369 17 14 11 7 10 8 4 3 0 0 0 0 16 16 16 11 191 124 1,844 1,473 28
88 % 77 % 81 % 80 % 82 % 64 % 80 % 75 % 0 % 0 % 100 % 69 % 65 % 80 %
JEFF_DAVIS 472 380 298 217 644 489 388 293 24 13 23 10 16 10 12 7 1 1 0 0 12 8 8 6 335 221 2,233 1,655 29
81 % 73 % 76 % 76 % 54 % 43 % 63 % 58 % 100 % 0 % 67 % 75 % 66 % 74 %
MURPHY 257 219 212 164 892 725 814 667 13 5 14 6 15 12 15 11 1 1 0 0 19 15 13 8 253 178 2,518 2,011 30
85 % 77 % 81 % 82 % 38 % 43 % 80 % 73 % 100 % 0 % 79 % 62 % 70 % 80 %
FIELDING_R 92 70 74 56 1,355 1,102 1,235 963 36 21 31 18 21 18 35 23 2 1 0 0 14 10 17 12 320 222 3,232 2,516 31
76 % 76 % 81 % 78 % 58 % 58 % 86 % 66 % 50 % 0 % 71 % 71 % 69 % 78 %
WILLOWBEND 68 57 61 42 757 607 672 518 13 6 8 3 16 7 13 8 0 0 0 0 10 7 12 8 171 115 1,801 1,378 32
84 % 69 % 80 % 77 % 46 % 38 % 44 % 62 % 0 % 0 % 70 % 67 % 67 % 77 %
CAMP_CREEK 34 27 28 20 800 652 693 542 13 11 4 3 7 5 7 5 0 0 0 0 5 2 5 4 162 118 1,758 1,389 33
79 % 71 % 82 % 78 % 85 % 75 % 71 % 71 % 0 % 0 % 40 % 80 % 73 % 79 %
RISING_STA 89 77 60 42 1,292 1,031 1,182 921 23 15 25 6 33 22 30 19 0 0 1 1 19 12 10 8 307 202 3,071 2,356 34
87 % 70 % 80 % 78 % 65 % 24 % 67 % 63 % 0 % 100 % 63 % 80 % 66 % 77 %
SPRING_HIL 374 326 313 243 841 673 762 594 27 16 23 11 25 16 17 9 0 0 0 0 22 18 25 16 263 185 2,692 2,107 35
87 % 78 % 80 % 78 % 59 % 48 % 64 % 53 % 0 % 0 % 82 % 64 % 70 % 78 %
ANTIOCH 134 115 137 99 624 513 609 499 11 6 9 4 8 9 5 3 0 0 0 0 7 6 12 8 139 96 1,695 1,358 36
86 % 72 % 82 % 82 % 55 % 44 % 113 % 60 % 0 % 0 % 86 % 67 % 69 % 80 %
TOTALS 7,654 6,525 6,011 4,646 26,431 21,378 23,617 18,775 548 347 413 220 612 425 499 318 10 7 3 2 408 292 374 243 7,969 5,623 74,549 58,801 36
85 % 77 % 81 % 79 % 63 % 53 % 69 % 64 % 70 % 67 % 72 % 65 % 71 % 79 %