JC01 0 0 0 0 0 1 0 0 0 0 0 0 0 0 0 0 0 0 0 0 0 0 0 0 0 0 0 1 JC01
0 % 0 % 0 % 0 % 0 % 0 % 0 % 0 % 0 % 0 % 0 % 0 % 0 % 0 %
MR2B 0 1 0 0 0 0 0 0 0 0 0 0 0 0 0 0 0 0 0 0 0 0 0 0 0 0 0 1 MR2B
0 % 0 % 0 % 0 % 0 % 0 % 0 % 0 % 0 % 0 % 0 % 0 % 0 % 0 %
MS02 0 0 0 0 0 1 0 1 0 0 0 0 0 0 0 0 0 0 0 0 0 0 0 0 0 0 0 2 MS02
0 % 0 % 0 % 0 % 0 % 0 % 0 % 0 % 0 % 0 % 0 % 0 % 0 % 0 %
ALTO_PARK 84 71 77 45 1,187 903 1,058 796 10 4 8 3 28 15 33 12 0 0 1 1 3 2 4 1 69 31 2,562 1,884 001
85 % 58 % 76 % 75 % 40 % 38 % 54 % 36 % 0 % 100 % 67 % 25 % 45 % 74 %
005 0 0 0 0 0 1 0 0 0 0 0 0 0 0 0 0 0 0 0 0 0 0 0 0 0 0 0 1 005
0 % 0 % 0 % 0 % 0 % 0 % 0 % 0 % 0 % 0 % 0 % 0 % 0 % 0 %
01 0 0 0 0 0 0 0 2 0 0 0 0 0 0 0 0 0 0 0 0 0 0 0 0 0 0 0 2 01
0 % 0 % 0 % 0 % 0 % 0 % 0 % 0 % 0 % 0 % 0 % 0 % 0 % 0 %
ARMUCHEE 16 10 18 9 464 345 390 293 3 1 0 0 3 1 2 1 0 0 0 0 2 2 0 0 28 11 926 673 010
63 % 50 % 74 % 75 % 33 % 0 % 33 % 50 % 0 % 0 % 100 % 0 % 39 % 73 %
BARKERS 26 19 21 10 887 633 828 579 1 1 0 0 4 3 3 0 1 1 0 0 0 0 2 0 36 26 1,809 1,272 015
73 % 48 % 71 % 70 % 100 % 0 % 75 % 0 % 100 % 0 % 0 % 0 % 72 % 70 %
018 0 0 0 0 0 0 0 1 0 0 0 0 0 0 0 0 0 0 0 0 0 0 0 0 0 0 0 1 018
0 % 0 % 0 % 0 % 0 % 0 % 0 % 0 % 0 % 0 % 0 % 0 % 0 % 0 %
CAVE_SPRIN 40 26 39 21 637 445 550 417 1 0 0 0 0 0 3 1 0 0 2 2 2 1 1 0 17 10 1,292 923 020
65 % 54 % 70 % 76 % 0 % 0 % 0 % 33 % 0 % 100 % 50 % 0 % 59 % 71 %
CHULIO 24 18 23 16 428 322 406 307 1 0 1 1 1 0 0 0 0 0 0 0 0 0 0 0 16 8 900 672 025
75 % 70 % 75 % 76 % 0 % 100 % 0 % 0 % 0 % 0 % 0 % 0 % 50 % 75 %
ETOWAH 197 163 161 105 1,838 1,397 1,589 1,177 2 2 3 1 9 7 11 11 0 0 1 0 4 2 8 5 79 41 3,902 2,911 030
83 % 65 % 76 % 74 % 100 % 33 % 78 % 100 % 0 % 0 % 50 % 63 % 52 % 75 %
EVERETT_SP 0 0 0 0 152 119 146 119 1 1 1 1 0 0 0 0 0 0 0 0 1 0 0 0 6 6 307 246 035
0 % 0 % 78 % 82 % 100 % 100 % 0 % 0 % 0 % 0 % 0 % 0 % 100 % 80 %
04C 0 0 0 0 0 1 0 0 0 0 0 0 0 0 0 0 0 0 0 0 0 0 0 0 0 0 0 1 04C
0 % 0 % 0 % 0 % 0 % 0 % 0 % 0 % 0 % 0 % 0 % 0 % 0 % 0 %
FLOYD_SPRI 13 9 9 7 674 536 639 502 4 2 1 0 2 0 3 2 0 0 0 0 0 0 0 0 39 19 1,384 1,077 040
69 % 78 % 80 % 79 % 50 % 0 % 0 % 67 % 0 % 0 % 0 % 0 % 49 % 78 %
FOSTER'S_M 14 12 16 7 412 283 356 250 5 4 1 0 2 0 0 0 0 0 0 0 0 0 0 0 22 15 828 571 045
86 % 44 % 69 % 70 % 80 % 0 % 0 % 0 % 0 % 0 % 0 % 0 % 68 % 69 %
05 0 0 0 0 0 1 0 0 0 0 0 0 0 0 0 0 0 0 0 0 0 0 0 0 0 0 0 1 05
0 % 0 % 0 % 0 % 0 % 0 % 0 % 0 % 0 % 0 % 0 % 0 % 0 % 0 %
GARDEN_LAK 107 81 83 43 816 570 656 441 6 3 8 1 33 14 33 10 1 0 1 0 0 0 1 0 61 27 1,806 1,190 050
76 % 52 % 70 % 67 % 50 % 13 % 42 % 30 % 0 % 0 % 0 % 0 % 44 % 66 %
GLENWOOD 76 52 52 30 1,298 841 1,109 751 19 9 16 8 22 12 7 1 1 0 0 0 3 1 5 0 97 52 2,705 1,757 055
68 % 58 % 65 % 68 % 47 % 50 % 55 % 14 % 0 % 0 % 33 % 0 % 54 % 65 %
HOWELL 11 7 14 12 580 428 505 368 0 0 1 0 4 3 4 1 0 0 0 0 0 0 0 0 21 9 1,140 828 060
64 % 86 % 74 % 73 % 0 % 0 % 75 % 25 % 0 % 0 % 0 % 0 % 43 % 73 %
EAST_LINDA 183 127 121 70 1,242 926 1,106 828 9 5 10 5 12 5 13 6 0 0 0 0 7 5 2 0 59 34 2,764 2,011 065
69 % 58 % 75 % 75 % 56 % 50 % 42 % 46 % 0 % 0 % 71 % 0 % 58 % 73 %
MT_ALTO_NO 537 379 314 192 1,353 909 1,054 720 28 14 30 17 75 35 87 30 1 0 1 0 13 4 17 5 137 60 3,647 2,365 075
71 % 61 % 67 % 68 % 50 % 57 % 47 % 34 % 0 % 0 % 31 % 29 % 44 % 65 %
MT_ALTO_SO 349 257 202 136 1,229 916 1,055 781 14 9 12 4 69 29 81 27 0 0 0 0 10 5 6 1 98 46 3,125 2,211 076
74 % 67 % 75 % 74 % 64 % 33 % 42 % 33 % 0 % 0 % 50 % 17 % 47 % 71 %
NORTH_CARO 41 33 37 19 756 481 658 440 1 0 0 0 13 5 11 4 0 0 0 0 1 1 1 1 68 32 1,587 1,016 080
80 % 51 % 64 % 67 % 0 % 0 % 38 % 36 % 0 % 0 % 100 % 100 % 47 % 64 %
RIVERSIDE 22 15 14 12 335 231 218 159 1 0 0 0 4 1 3 1 0 0 0 0 0 0 0 0 9 8 606 427 085
68 % 86 % 69 % 73 % 0 % 0 % 25 % 33 % 0 % 0 % 0 % 0 % 89 % 70 %
09 0 1 0 0 0 0 0 1 0 0 0 0 0 0 0 0 0 0 0 0 0 0 0 0 0 0 0 2 09
0 % 0 % 0 % 0 % 0 % 0 % 0 % 0 % 0 % 0 % 0 % 0 % 0 % 0 %
EAST_ROME 606 395 351 191 1,291 924 1,001 737 14 12 12 7 15 8 18 11 2 0 0 0 11 6 4 1 103 44 3,428 2,336 090
65 % 54 % 72 % 74 % 86 % 58 % 53 % 61 % 0 % 0 % 55 % 25 % 43 % 68 %
NORTH_ROME 707 485 452 259 888 656 649 488 6 4 6 3 10 3 14 4 0 0 0 0 8 6 4 1 68 35 2,812 1,944 105
69 % 57 % 74 % 75 % 67 % 50 % 30 % 29 % 0 % 0 % 75 % 25 % 51 % 69 %
SOUTH_ROME 430 319 271 151 233 151 196 112 1 0 1 0 8 2 10 5 0 0 0 0 1 1 3 2 33 13 1,187 756 110
74 % 56 % 65 % 57 % 0 % 0 % 25 % 50 % 0 % 0 % 100 % 67 % 39 % 64 %
TEXAS_VALL 1 1 1 0 300 238 299 240 0 0 3 1 3 3 0 0 0 0 0 0 1 1 1 0 24 12 633 496 115
100 % 0 % 79 % 80 % 0 % 33 % 100 % 0 % 0 % 0 % 100 % 0 % 50 % 78 %
1235 0 0 0 0 0 0 0 1 0 0 0 0 0 0 0 0 0 0 0 0 0 0 0 0 0 0 0 1 1235
0 % 0 % 0 % 0 % 0 % 0 % 0 % 0 % 0 % 0 % 0 % 0 % 0 % 0 %
VANNS_VALL 13 11 14 6 302 188 268 159 4 3 1 0 3 0 6 2 0 0 0 0 1 0 0 0 15 8 627 377 125
85 % 43 % 62 % 59 % 75 % 0 % 0 % 33 % 0 % 0 % 0 % 0 % 53 % 60 %
WATTERS 39 25 28 18 1,270 909 1,181 858 4 2 4 2 5 2 4 1 0 0 0 0 2 0 1 0 71 36 2,609 1,853 130
64 % 64 % 72 % 73 % 50 % 50 % 40 % 25 % 0 % 0 % 0 % 0 % 51 % 71 %
WEST_LINDA 59 44 38 18 1,111 763 903 619 10 3 3 3 8 4 8 5 0 0 0 0 2 1 3 2 63 23 2,208 1,485 135
75 % 47 % 69 % 69 % 30 % 100 % 50 % 63 % 0 % 0 % 50 % 67 % 37 % 67 %
TOWN_ROME 270 184 150 71 988 668 787 550 11 5 17 6 12 7 19 7 0 0 1 1 6 2 3 1 90 39 2,354 1,541 140
68 % 47 % 68 % 70 % 45 % 35 % 58 % 37 % 0 % 100 % 33 % 33 % 43 % 65 %
15 0 0 0 0 0 0 0 0 0 0 0 0 0 0 0 0 0 0 0 0 0 0 0 0 0 1 0 1 15
0 % 0 % 0 % 0 % 0 % 0 % 0 % 0 % 0 % 0 % 0 % 0 % 0 % 0 %
849-A 0 0 0 0 0 1 0 0 0 0 0 0 0 0 0 0 0 0 0 0 0 0 0 0 0 0 0 1 849-A
0 % 0 % 0 % 0 % 0 % 0 % 0 % 0 % 0 % 0 % 0 % 0 % 0 % 0 %
849-B 0 0 0 0 0 1 0 0 0 0 0 0 0 0 0 0 0 0 0 0 0 0 0 0 0 0 0 1 849-B
0 % 0 % 0 % 0 % 0 % 0 % 0 % 0 % 0 % 0 % 0 % 0 % 0 % 0 %
870 0 0 0 0 0 0 0 1 0 0 0 0 0 0 0 0 0 0 0 0 0 0 0 0 0 0 0 1 870
0 % 0 % 0 % 0 % 0 % 0 % 0 % 0 % 0 % 0 % 0 % 0 % 0 % 0 %
925 0 0 0 0 0 0 0 1 0 0 0 0 0 0 0 0 0 0 0 0 0 0 0 0 0 1 0 2 925
0 % 0 % 0 % 0 % 0 % 0 % 0 % 0 % 0 % 0 % 0 % 0 % 0 % 0 %
940 0 0 0 0 0 0 0 1 0 0 0 0 0 0 0 0 0 0 0 0 0 0 0 0 0 0 0 1 940
0 % 0 % 0 % 0 % 0 % 0 % 0 % 0 % 0 % 0 % 0 % 0 % 0 % 0 %
TOTALS 3,865 2,745 2,506 1,448 20,671 14,789 17,607 12,700 156 84 139 63 345 159 373 142 6 1 7 4 78 40 66 20 1,329 647 47,148 32,842 940
71 % 58 % 72 % 72 % 54 % 45 % 46 % 38 % 17 % 57 % 51 % 30 % 49 % 70 %