COB 0 0 0 0 0 0 0 0 0 0 0 0 0 0 0 0 0 0 0 0 0 0 0 0 0 1 0 1 COB
0 % 0 % 0 % 0 % 0 % 0 % 0 % 0 % 0 % 0 % 0 % 0 % 0 % 0 %
RABUN 0 0 0 0 0 0 0 1 0 0 0 0 0 0 0 0 0 0 0 0 0 0 0 0 0 0 0 1 RABUN
0 % 0 % 0 % 0 % 0 % 0 % 0 % 0 % 0 % 0 % 0 % 0 % 0 % 0 %
CARNESVILL 45 27 33 16 637 448 624 436 4 0 5 1 4 2 3 3 0 0 1 1 1 1 1 0 31 17 1,389 952 1
60 % 48 % 70 % 70 % 0 % 20 % 50 % 100 % 0 % 100 % 100 % 0 % 55 % 69 %
ASHLAND 4 3 4 3 100 69 100 68 0 0 0 0 1 1 1 1 0 0 0 0 0 0 0 0 13 7 223 152 10
75 % 75 % 69 % 68 % 0 % 0 % 100 % 100 % 0 % 0 % 0 % 0 % 54 % 68 %
STRANGE 14 10 12 6 293 215 262 193 0 0 1 1 1 0 1 0 0 0 0 0 1 0 2 0 17 7 604 432 11
71 % 50 % 73 % 74 % 0 % 100 % 0 % 0 % 0 % 0 % 0 % 0 % 41 % 72 %
FLINTSVILL 12 9 9 4 249 180 251 185 0 0 0 0 2 2 2 1 0 0 1 0 0 0 1 0 10 6 537 387 12
75 % 44 % 72 % 74 % 0 % 0 % 100 % 50 % 0 % 0 % 0 % 0 % 60 % 72 %
RED_HILL 2 1 2 1 209 158 202 152 1 0 0 0 3 2 1 0 0 0 0 0 0 0 0 0 8 4 428 318 13
50 % 50 % 76 % 75 % 0 % 0 % 67 % 0 % 0 % 0 % 0 % 0 % 50 % 74 %
1704 0 0 0 0 0 0 0 1 0 0 0 0 0 0 0 0 0 0 0 0 0 0 0 0 0 0 0 1 1704
0 % 0 % 0 % 0 % 0 % 0 % 0 % 0 % 0 % 0 % 0 % 0 % 0 % 0 %
WELBORN 28 20 22 13 373 247 343 234 3 1 0 0 4 3 4 3 0 0 0 0 0 0 0 0 20 13 797 534 2
71 % 59 % 66 % 68 % 33 % 0 % 75 % 75 % 0 % 0 % 0 % 0 % 65 % 67 %
GUMLOG 15 12 26 18 648 442 552 399 0 0 1 1 2 1 1 1 0 0 0 0 2 1 2 1 30 17 1,279 893 3
80 % 69 % 68 % 72 % 0 % 100 % 50 % 100 % 0 % 0 % 50 % 50 % 57 % 70 %
LAVONIA 167 110 91 51 766 510 605 434 3 2 0 0 3 3 8 5 0 0 0 0 2 1 0 0 30 20 1,675 1,136 4
66 % 56 % 67 % 72 % 67 % 0 % 100 % 63 % 0 % 0 % 50 % 0 % 67 % 68 %
415 0 0 0 0 0 0 0 0 0 0 0 0 0 0 0 0 0 0 0 0 0 0 0 0 0 1 0 1 415
0 % 0 % 0 % 0 % 0 % 0 % 0 % 0 % 0 % 0 % 0 % 0 % 0 % 0 %
CANON 25 15 22 12 442 317 450 306 5 2 4 0 2 0 1 0 0 0 0 0 0 0 0 0 16 9 967 661 5
60 % 55 % 72 % 68 % 40 % 0 % 0 % 0 % 0 % 0 % 0 % 0 % 56 % 68 %
ROYSTON 118 80 69 32 737 507 619 443 11 7 9 6 9 7 4 2 0 0 0 0 3 3 3 0 49 24 1,631 1,111 6
68 % 46 % 69 % 72 % 64 % 67 % 78 % 50 % 0 % 0 % 100 % 0 % 49 % 68 %
MIDDLE_RIV 2 1 0 0 427 323 405 309 1 1 0 0 1 1 1 1 0 0 0 0 0 0 0 0 20 12 857 648 7
50 % 0 % 76 % 76 % 100 % 0 % 100 % 100 % 0 % 0 % 0 % 0 % 60 % 76 %
DOOLEY 3 1 4 0 167 129 158 117 0 0 0 0 2 2 2 2 0 0 0 0 0 0 0 0 14 10 350 261 8
33 % 0 % 77 % 74 % 0 % 0 % 100 % 100 % 0 % 0 % 0 % 0 % 71 % 75 %
GUNNELLS 22 12 14 5 199 151 215 156 3 2 0 0 0 0 0 0 0 0 0 0 3 0 1 0 18 9 475 335 9
55 % 36 % 76 % 73 % 67 % 0 % 0 % 0 % 0 % 0 % 0 % 0 % 50 % 71 %
TOTALS 457 301 308 161 5,247 3,696 4,786 3,434 31 15 20 9 34 24 29 19 0 0 2 1 12 6 10 1 276 157 11,212 7,824 9
66 % 52 % 70 % 72 % 48 % 45 % 71 % 66 % 0 % 50 % 50 % 10 % 57 % 70 %