UNKNOWN 2 2 2 1 1 0 0 0 0 0 1 0 1 0 0 0 0 0 0 0 0 0 0 0 1 1 8 4 UNKNOWN
100 % 50 % 0 % 0 % 0 % 0 % 0 % 0 % 0 % 0 % 0 % 0 % 100 % 50 %
AB 0 0 0 0 0 2 0 0 0 0 0 0 0 0 0 0 0 0 0 0 0 0 0 0 0 0 0 2 AB
0 % 0 % 0 % 0 % 0 % 0 % 0 % 0 % 0 % 0 % 0 % 0 % 0 % 0 %
AG 0 0 0 0 0 3 0 0 0 0 0 0 0 0 0 0 0 0 0 0 0 0 0 0 0 0 0 3 AG
0 % 0 % 0 % 0 % 0 % 0 % 0 % 0 % 0 % 0 % 0 % 0 % 0 % 0 %
AH 0 0 0 1 0 1 0 1 0 0 0 0 0 0 0 0 0 0 0 0 0 0 0 0 0 0 0 3 AH
0 % 0 % 0 % 0 % 0 % 0 % 0 % 0 % 0 % 0 % 0 % 0 % 0 % 0 %
AP01A 78 57 51 41 664 494 650 484 38 17 55 28 7 7 7 2 1 1 0 0 21 13 17 10 221 147 1,810 1,301 AP01A
73 % 80 % 74 % 74 % 45 % 51 % 100 % 29 % 100 % 0 % 62 % 59 % 67 % 72 %
AP01B 86 64 49 30 178 107 148 87 7 2 5 3 10 7 7 2 0 0 0 0 7 5 4 2 123 74 624 383 AP01B
74 % 61 % 60 % 59 % 29 % 60 % 70 % 29 % 0 % 0 % 71 % 50 % 60 % 61 %
AP01C 87 69 59 38 598 478 584 445 32 17 34 18 19 13 20 17 0 0 0 0 22 15 12 7 166 99 1,633 1,216 AP01C
79 % 64 % 80 % 76 % 53 % 53 % 68 % 85 % 0 % 0 % 68 % 58 % 60 % 74 %
AP01D 54 35 42 20 299 205 272 189 15 7 17 10 9 7 4 3 0 0 0 0 16 10 5 5 118 77 851 568 AP01D
65 % 48 % 69 % 69 % 47 % 59 % 78 % 75 % 0 % 0 % 63 % 100 % 65 % 67 %
AP02B 18 15 12 8 190 115 116 87 2 2 2 2 4 0 3 2 0 0 0 0 0 0 0 0 52 37 399 268 AP02B
83 % 67 % 61 % 75 % 100 % 100 % 0 % 67 % 0 % 0 % 0 % 0 % 71 % 67 %
AP021 174 120 101 65 885 664 734 561 34 24 38 25 21 14 21 10 0 0 0 0 20 13 14 5 234 154 2,276 1,655 AP021
69 % 64 % 75 % 76 % 71 % 66 % 67 % 48 % 0 % 0 % 65 % 36 % 66 % 73 %
AP022 110 98 72 49 694 494 488 336 24 15 22 12 26 23 14 9 0 0 0 0 12 8 14 8 241 156 1,717 1,208 AP022
89 % 68 % 71 % 69 % 63 % 55 % 88 % 64 % 0 % 0 % 67 % 57 % 65 % 70 %
AP03 185 115 85 39 89 53 77 39 3 2 4 1 12 5 10 4 0 0 0 0 12 5 4 2 110 57 591 322 AP03
62 % 46 % 60 % 51 % 67 % 25 % 42 % 40 % 0 % 0 % 42 % 50 % 52 % 54 %
AP04A 33 24 24 17 629 501 480 400 13 4 13 9 5 3 7 2 0 0 1 1 8 7 8 6 132 96 1,353 1,070 AP04A
73 % 71 % 80 % 83 % 31 % 69 % 60 % 29 % 0 % 100 % 88 % 75 % 73 % 79 %
AP04B 6 5 5 5 116 94 100 77 6 4 5 4 2 1 3 2 0 0 0 0 3 3 5 5 35 26 286 226 AP04B
83 % 100 % 81 % 77 % 67 % 80 % 50 % 67 % 0 % 0 % 100 % 100 % 74 % 79 %
AP05 128 107 100 81 1,471 1,156 1,394 1,070 99 64 96 61 28 23 30 24 1 1 0 0 38 26 39 27 379 267 3,803 2,907 AP05
84 % 81 % 79 % 77 % 65 % 64 % 82 % 80 % 100 % 0 % 68 % 69 % 70 % 76 %
AP06 24 20 24 17 633 502 600 470 9 8 8 7 12 8 14 11 0 0 0 0 10 7 4 3 115 86 1,453 1,139 AP06
83 % 71 % 79 % 78 % 89 % 88 % 67 % 79 % 0 % 0 % 70 % 75 % 75 % 78 %
AP07A 197 154 116 76 1,058 806 779 558 31 22 28 23 26 22 24 16 1 1 0 0 23 13 15 12 304 205 2,602 1,908 AP07A
78 % 66 % 76 % 72 % 71 % 82 % 85 % 67 % 100 % 0 % 57 % 80 % 67 % 73 %
AP07B 36 30 33 26 487 387 434 340 22 15 25 16 21 14 14 9 0 0 0 0 7 4 10 9 113 79 1,202 929 AP07B
83 % 79 % 79 % 78 % 68 % 64 % 67 % 64 % 0 % 0 % 57 % 90 % 70 % 77 %
AP09A 223 172 148 100 1,279 962 1,171 901 109 64 131 87 45 29 41 26 1 1 0 0 40 25 40 30 455 287 3,683 2,684 AP09A
77 % 68 % 75 % 77 % 59 % 66 % 64 % 63 % 100 % 0 % 63 % 75 % 63 % 73 %
AP09B 43 34 38 27 186 145 186 147 32 16 34 17 11 6 6 3 0 0 0 0 10 6 17 12 93 53 656 466 AP09B
79 % 71 % 78 % 79 % 50 % 50 % 55 % 50 % 0 % 0 % 60 % 71 % 57 % 71 %
AP10 9 6 14 8 372 302 345 266 3 3 9 6 4 4 5 4 0 0 0 0 8 9 7 7 71 47 847 662 AP10
67 % 57 % 81 % 77 % 100 % 67 % 100 % 80 % 0 % 0 % 113 % 100 % 66 % 78 %
AP12A 247 191 159 99 651 465 517 336 31 18 30 21 32 14 24 14 1 0 0 0 22 10 17 10 374 214 2,105 1,392 AP12A
77 % 62 % 71 % 65 % 58 % 70 % 44 % 58 % 0 % 0 % 45 % 59 % 57 % 66 %
AP13 116 92 89 63 744 576 652 482 81 47 98 56 22 9 22 12 0 0 0 0 25 18 33 25 275 163 2,157 1,543 AP13
79 % 71 % 77 % 74 % 58 % 57 % 41 % 55 % 0 % 0 % 72 % 76 % 59 % 72 %
AP14 82 69 77 59 1,018 816 984 752 80 47 75 43 8 8 12 8 1 1 0 0 30 19 25 18 285 194 2,677 2,034 AP14
84 % 77 % 80 % 76 % 59 % 57 % 100 % 67 % 100 % 0 % 63 % 72 % 68 % 76 %
AP14A 0 0 0 0 0 0 0 0 0 0 0 0 0 0 0 0 0 0 0 0 0 0 0 1 0 0 0 1 AP14A
0 % 0 % 0 % 0 % 0 % 0 % 0 % 0 % 0 % 0 % 0 % 0 % 0 % 0 %
AU1A 0 0 0 1 0 0 0 0 0 0 0 0 0 0 0 0 0 0 0 0 0 0 0 0 0 0 0 1 AU1A
0 % 0 % 0 % 0 % 0 % 0 % 0 % 0 % 0 % 0 % 0 % 0 % 0 % 0 %
BA 0 0 0 1 0 0 0 0 0 0 0 0 0 0 0 0 0 0 0 0 0 0 0 0 0 0 0 1 BA
0 % 0 % 0 % 0 % 0 % 0 % 0 % 0 % 0 % 0 % 0 % 0 % 0 % 0 %
BB 0 0 0 0 0 0 0 1 0 1 0 0 0 0 0 0 0 0 0 0 0 0 0 0 0 0 0 2 BB
0 % 0 % 0 % 0 % 0 % 0 % 0 % 0 % 0 % 0 % 0 % 0 % 0 % 0 %
BC 0 0 0 0 0 1 0 0 0 0 0 0 0 0 0 0 0 0 0 0 0 1 0 0 0 0 0 2 BC
0 % 0 % 0 % 0 % 0 % 0 % 0 % 0 % 0 % 0 % 0 % 0 % 0 % 0 %
BE 0 0 0 0 0 0 0 1 0 0 0 0 0 0 0 0 0 0 0 0 0 0 0 0 0 0 0 1 BE
0 % 0 % 0 % 0 % 0 % 0 % 0 % 0 % 0 % 0 % 0 % 0 % 0 % 0 %
BF 0 0 0 1 0 0 0 0 0 0 0 0 0 0 0 0 0 0 0 0 0 0 0 0 0 0 0 1 BF
0 % 0 % 0 % 0 % 0 % 0 % 0 % 0 % 0 % 0 % 0 % 0 % 0 % 0 %
BF03 0 0 0 0 0 1 0 0 0 0 0 0 0 0 0 0 0 0 0 0 0 0 0 0 0 0 0 1 BF03
0 % 0 % 0 % 0 % 0 % 0 % 0 % 0 % 0 % 0 % 0 % 0 % 0 % 0 %
BI 0 0 0 0 0 2 0 0 0 0 0 0 0 0 0 0 0 0 0 0 0 0 0 0 0 0 0 2 BI
0 % 0 % 0 % 0 % 0 % 0 % 0 % 0 % 0 % 0 % 0 % 0 % 0 % 0 %
BK01 0 1 0 0 0 1 0 0 0 0 0 0 0 0 0 0 0 0 0 0 0 0 0 0 0 0 0 2 BK01
0 % 0 % 0 % 0 % 0 % 0 % 0 % 0 % 0 % 0 % 0 % 0 % 0 % 0 %
BL 0 0 0 1 0 0 0 0 0 0 0 0 0 0 0 0 0 0 0 0 0 0 0 0 0 0 0 1 BL
0 % 0 % 0 % 0 % 0 % 0 % 0 % 0 % 0 % 0 % 0 % 0 % 0 % 0 %
BM 0 1 0 0 0 0 0 0 0 0 0 0 0 0 0 0 0 0 0 0 0 0 0 0 0 0 0 1 BM
0 % 0 % 0 % 0 % 0 % 0 % 0 % 0 % 0 % 0 % 0 % 0 % 0 % 0 %
BON 0 1 0 0 0 0 0 1 0 0 0 0 0 0 0 0 0 0 0 0 0 0 0 0 0 0 0 2 BON
0 % 0 % 0 % 0 % 0 % 0 % 0 % 0 % 0 % 0 % 0 % 0 % 0 % 0 %
BR01 0 0 0 0 0 1 0 0 0 0 0 0 0 0 0 0 0 0 0 0 0 0 0 0 0 0 0 1 BR01
0 % 0 % 0 % 0 % 0 % 0 % 0 % 0 % 0 % 0 % 0 % 0 % 0 % 0 %
BT01 0 1 0 0 0 0 0 0 0 0 0 0 0 0 0 0 0 0 0 0 0 0 0 0 0 0 0 1 BT01
0 % 0 % 0 % 0 % 0 % 0 % 0 % 0 % 0 % 0 % 0 % 0 % 0 % 0 %
BT02 0 2 0 2 0 0 0 0 0 0 0 0 0 0 0 0 0 0 0 0 0 0 0 0 0 0 0 4 BT02
0 % 0 % 0 % 0 % 0 % 0 % 0 % 0 % 0 % 0 % 0 % 0 % 0 % 0 %
CA 0 2 0 0 0 0 0 0 0 0 0 0 0 0 0 0 0 0 0 0 0 0 0 0 0 1 0 3 CA
0 % 0 % 0 % 0 % 0 % 0 % 0 % 0 % 0 % 0 % 0 % 0 % 0 % 0 %
CA01 0 2 0 2 0 0 0 3 0 0 0 0 0 0 0 0 0 0 0 0 0 0 0 0 0 0 0 7 CA01
0 % 0 % 0 % 0 % 0 % 0 % 0 % 0 % 0 % 0 % 0 % 0 % 0 % 0 %
CC 0 0 0 0 0 0 0 0 0 0 0 0 0 0 0 0 0 0 0 0 0 0 0 0 0 1 0 1 CC
0 % 0 % 0 % 0 % 0 % 0 % 0 % 0 % 0 % 0 % 0 % 0 % 0 % 0 %
CE 0 2 0 0 0 0 0 0 0 0 0 0 0 0 0 0 0 0 0 0 0 0 0 0 0 0 0 2 CE
0 % 0 % 0 % 0 % 0 % 0 % 0 % 0 % 0 % 0 % 0 % 0 % 0 % 0 %
CH 0 0 0 0 0 1 0 1 0 0 0 0 0 0 0 0 0 0 0 0 0 0 0 0 0 0 0 2 CH
0 % 0 % 0 % 0 % 0 % 0 % 0 % 0 % 0 % 0 % 0 % 0 % 0 % 0 %
CH01 59 46 49 21 38 25 26 16 0 0 0 0 2 1 9 4 0 0 0 0 3 2 2 1 26 18 214 134 CH01
78 % 43 % 66 % 62 % 0 % 0 % 50 % 44 % 0 % 0 % 67 % 50 % 69 % 63 %
CH02 71 58 63 42 63 52 70 53 0 0 0 0 0 0 0 0 0 0 0 0 0 0 0 0 19 16 286 221 CH02
82 % 67 % 83 % 76 % 0 % 0 % 0 % 0 % 0 % 0 % 0 % 0 % 84 % 77 %
CH03 25 22 20 13 119 99 104 82 0 0 1 1 1 1 1 1 0 0 1 1 0 0 1 1 15 12 288 233 CH03
88 % 65 % 83 % 79 % 0 % 100 % 100 % 100 % 0 % 100 % 0 % 100 % 80 % 81 %
CH04A 18 17 16 10 158 126 152 119 0 0 1 1 0 0 1 0 0 0 0 0 1 1 0 0 24 19 371 293 CH04A
94 % 63 % 80 % 78 % 0 % 100 % 0 % 0 % 0 % 0 % 100 % 0 % 79 % 79 %
CH05 8 7 10 8 161 128 151 123 0 0 0 0 1 0 0 0 0 0 0 0 0 0 0 0 15 12 346 278 CH05
88 % 80 % 80 % 81 % 0 % 0 % 0 % 0 % 0 % 0 % 0 % 0 % 80 % 80 %
CJ 0 2 0 0 0 0 0 0 0 0 0 0 0 0 0 0 0 0 0 0 0 0 0 0 0 0 0 2 CJ
0 % 0 % 0 % 0 % 0 % 0 % 0 % 0 % 0 % 0 % 0 % 0 % 0 % 0 %
CK 0 0 0 1 0 0 0 0 0 0 0 0 0 0 0 0 0 0 0 0 0 0 0 0 0 0 0 1 CK
0 % 0 % 0 % 0 % 0 % 0 % 0 % 0 % 0 % 0 % 0 % 0 % 0 % 0 %
CK01 0 0 0 1 0 0 0 0 0 0 0 0 0 0 0 0 0 0 0 0 0 1 0 0 0 0 0 2 CK01
0 % 0 % 0 % 0 % 0 % 0 % 0 % 0 % 0 % 0 % 0 % 0 % 0 % 0 %
CL 0 0 0 1 0 0 0 0 0 0 0 0 0 0 0 0 0 0 0 0 0 0 0 0 0 0 0 1 CL
0 % 0 % 0 % 0 % 0 % 0 % 0 % 0 % 0 % 0 % 0 % 0 % 0 % 0 %
CM 0 2 0 0 0 0 0 0 0 0 0 0 0 0 0 0 0 0 0 0 0 0 0 0 0 0 0 2 CM
0 % 0 % 0 % 0 % 0 % 0 % 0 % 0 % 0 % 0 % 0 % 0 % 0 % 0 %
CN 0 2 0 0 0 1 0 1 0 0 0 0 0 0 0 0 0 0 0 0 0 0 0 0 0 0 0 4 CN
0 % 0 % 0 % 0 % 0 % 0 % 0 % 0 % 0 % 0 % 0 % 0 % 0 % 0 %
CO 0 1 0 1 0 0 0 0 0 0 0 0 0 0 0 0 0 0 0 0 0 0 0 0 0 0 0 2 CO
0 % 0 % 0 % 0 % 0 % 0 % 0 % 0 % 0 % 0 % 0 % 0 % 0 % 0 %
CO01 0 1 0 0 0 0 0 0 0 0 0 0 0 0 0 0 0 0 0 0 0 0 0 0 0 0 0 1 CO01
0 % 0 % 0 % 0 % 0 % 0 % 0 % 0 % 0 % 0 % 0 % 0 % 0 % 0 %
CP 0 0 0 1 0 0 0 0 0 0 0 0 0 0 0 0 0 0 0 0 0 0 0 0 0 1 0 2 CP
0 % 0 % 0 % 0 % 0 % 0 % 0 % 0 % 0 % 0 % 0 % 0 % 0 % 0 %
CP01B 104 73 68 37 67 43 53 36 1 1 2 2 5 4 7 5 0 0 0 0 2 2 1 1 61 37 371 241 CP01B
70 % 54 % 64 % 68 % 100 % 100 % 80 % 71 % 0 % 0 % 100 % 100 % 61 % 65 %
CP011 233 166 145 79 74 59 67 48 0 0 2 0 7 5 3 1 0 0 0 0 5 4 10 5 65 39 611 406 CP011
71 % 54 % 80 % 72 % 0 % 0 % 71 % 33 % 0 % 0 % 80 % 50 % 60 % 66 %
CP012 413 303 251 150 224 175 229 172 4 2 2 1 8 5 7 7 1 1 0 0 8 8 7 5 138 90 1,292 919 CP012
73 % 60 % 78 % 75 % 50 % 50 % 63 % 100 % 100 % 0 % 100 % 71 % 65 % 71 %
CP02 326 222 232 136 96 64 108 78 1 1 0 0 4 2 7 3 1 1 0 0 7 3 3 2 82 44 867 556 CP02
68 % 59 % 67 % 72 % 100 % 0 % 50 % 43 % 100 % 0 % 43 % 67 % 54 % 64 %
CP04 70 32 35 12 2 1 6 3 0 0 0 0 0 0 0 0 0 0 0 0 1 0 0 0 10 3 124 51 CP04
46 % 34 % 50 % 50 % 0 % 0 % 0 % 0 % 0 % 0 % 0 % 0 % 30 % 41 %
CP05B 47 40 27 18 1 1 0 0 0 0 0 0 1 0 0 0 0 0 0 0 1 1 0 0 6 0 83 60 CP05B
85 % 67 % 100 % 0 % 0 % 0 % 0 % 0 % 0 % 0 % 100 % 0 % 0 % 72 %
CP051 661 535 532 352 30 21 27 17 0 0 2 0 1 1 0 0 0 0 0 0 7 5 8 3 117 81 1,385 1,015 CP051
81 % 66 % 70 % 63 % 0 % 0 % 100 % 0 % 0 % 0 % 71 % 38 % 69 % 73 %
CP06 166 96 184 88 3 1 1 0 2 1 1 1 2 1 4 2 0 0 0 0 1 0 4 2 40 21 408 213 CP06
58 % 48 % 33 % 0 % 50 % 100 % 50 % 50 % 0 % 0 % 0 % 50 % 53 % 52 %
CP07A 545 316 381 170 15 4 8 5 0 0 1 0 2 0 2 0 0 0 0 0 4 2 6 2 125 58 1,089 557 CP07A
58 % 45 % 27 % 63 % 0 % 0 % 0 % 0 % 0 % 0 % 50 % 33 % 46 % 51 %
CP07B 2 1 2 0 1 1 0 0 0 0 0 0 0 0 0 0 0 0 0 0 0 0 0 0 1 1 6 3 CP07B
50 % 0 % 100 % 0 % 0 % 0 % 0 % 0 % 0 % 0 % 0 % 0 % 100 % 50 %
CP081 123 66 98 44 1 1 0 0 1 0 1 1 1 0 0 0 0 0 0 0 0 0 0 0 20 10 245 122 CP081
54 % 45 % 100 % 0 % 0 % 100 % 0 % 0 % 0 % 0 % 0 % 0 % 50 % 50 %
CP083 382 200 259 93 3 1 4 1 0 0 0 0 2 2 0 0 0 0 0 0 5 4 1 1 86 34 742 336 CP083
52 % 36 % 33 % 25 % 0 % 0 % 100 % 0 % 0 % 0 % 80 % 100 % 40 % 45 %
CR 0 0 0 0 0 1 0 0 0 0 0 0 0 0 0 0 0 0 0 0 0 0 0 0 0 0 0 1 CR
0 % 0 % 0 % 0 % 0 % 0 % 0 % 0 % 0 % 0 % 0 % 0 % 0 % 0 %
CR01 0 0 0 0 0 0 0 1 0 0 0 0 0 0 0 0 0 0 0 0 0 0 0 0 0 0 0 1 CR01
0 % 0 % 0 % 0 % 0 % 0 % 0 % 0 % 0 % 0 % 0 % 0 % 0 % 0 %
CT 0 1 0 0 0 0 0 0 0 0 0 0 0 0 0 0 0 0 0 0 0 0 0 0 0 0 0 1 CT
0 % 0 % 0 % 0 % 0 % 0 % 0 % 0 % 0 % 0 % 0 % 0 % 0 % 0 %
CTY4 0 0 0 0 0 1 0 0 0 0 0 0 0 0 0 0 0 0 0 0 0 0 0 0 0 0 0 1 CTY4
0 % 0 % 0 % 0 % 0 % 0 % 0 % 0 % 0 % 0 % 0 % 0 % 0 % 0 %
CV 0 0 0 0 0 1 0 1 0 0 0 0 0 0 0 0 0 0 0 0 0 0 0 0 0 0 0 2 CV
0 % 0 % 0 % 0 % 0 % 0 % 0 % 0 % 0 % 0 % 0 % 0 % 0 % 0 %
CW 0 1 0 0 0 1 0 0 0 0 0 0 0 0 0 0 0 0 0 0 0 0 0 1 0 0 0 3 CW
0 % 0 % 0 % 0 % 0 % 0 % 0 % 0 % 0 % 0 % 0 % 0 % 0 % 0 %
DC 0 0 0 1 0 0 0 0 0 0 0 0 0 0 0 0 0 0 0 0 0 0 0 0 0 0 0 1 DC
0 % 0 % 0 % 0 % 0 % 0 % 0 % 0 % 0 % 0 % 0 % 0 % 0 % 0 %
DF 0 1 0 0 0 0 0 4 0 0 0 0 0 0 0 0 0 0 0 0 0 0 0 0 0 1 0 6 DF
0 % 0 % 0 % 0 % 0 % 0 % 0 % 0 % 0 % 0 % 0 % 0 % 0 % 0 %
DH 0 0 0 0 0 1 0 0 0 0 0 0 0 0 0 0 0 0 0 0 0 0 0 0 0 1 0 2 DH
0 % 0 % 0 % 0 % 0 % 0 % 0 % 0 % 0 % 0 % 0 % 0 % 0 % 0 %
DI 0 0 0 0 0 0 0 1 0 0 0 0 0 0 0 0 0 0 0 0 0 0 0 0 0 0 0 1 DI
0 % 0 % 0 % 0 % 0 % 0 % 0 % 0 % 0 % 0 % 0 % 0 % 0 % 0 %
DI01 0 1 0 0 0 0 0 0 0 0 0 0 0 0 0 0 0 0 0 0 0 0 0 0 0 0 0 1 DI01
0 % 0 % 0 % 0 % 0 % 0 % 0 % 0 % 0 % 0 % 0 % 0 % 0 % 0 %
DO01 0 1 0 0 0 0 0 0 0 0 0 0 0 0 0 0 0 0 0 0 0 0 0 0 0 0 0 1 DO01
0 % 0 % 0 % 0 % 0 % 0 % 0 % 0 % 0 % 0 % 0 % 0 % 0 % 0 %
DU01 0 0 0 0 0 0 0 1 0 0 0 0 0 0 0 0 0 0 0 0 0 0 0 0 0 0 0 1 DU01
0 % 0 % 0 % 0 % 0 % 0 % 0 % 0 % 0 % 0 % 0 % 0 % 0 % 0 %
EA 0 1 0 0 0 0 0 0 0 0 0 0 0 0 0 0 0 0 0 0 0 0 0 0 0 0 0 1 EA
0 % 0 % 0 % 0 % 0 % 0 % 0 % 0 % 0 % 0 % 0 % 0 % 0 % 0 %
EA02 0 0 0 0 0 1 0 0 0 0 0 0 0 0 0 0 0 0 0 0 0 0 0 0 0 0 0 1 EA02
0 % 0 % 0 % 0 % 0 % 0 % 0 % 0 % 0 % 0 % 0 % 0 % 0 % 0 %
EE 0 0 0 0 0 0 0 1 0 0 0 0 0 0 0 0 0 0 0 0 0 0 0 0 0 0 0 1 EE
0 % 0 % 0 % 0 % 0 % 0 % 0 % 0 % 0 % 0 % 0 % 0 % 0 % 0 %
EG 0 1 0 0 0 1 0 0 0 0 0 0 0 0 0 0 0 0 0 0 0 0 0 0 0 0 0 2 EG
0 % 0 % 0 % 0 % 0 % 0 % 0 % 0 % 0 % 0 % 0 % 0 % 0 % 0 %
EP01A 198 171 144 111 21 13 18 13 0 0 1 0 0 0 1 1 0 0 0 0 1 1 4 3 38 25 426 338 EP01A
86 % 77 % 62 % 72 % 0 % 0 % 0 % 100 % 0 % 0 % 100 % 75 % 66 % 79 %
EP01B 478 384 331 221 58 43 46 28 1 1 0 0 3 2 4 3 0 0 0 0 9 5 1 0 96 58 1,027 745 EP01B
80 % 67 % 74 % 61 % 100 % 0 % 67 % 75 % 0 % 0 % 56 % 0 % 60 % 73 %
EP03 405 274 289 163 83 50 61 45 3 3 2 0 3 2 6 3 0 0 0 0 9 6 11 4 126 66 998 616 EP03
68 % 56 % 60 % 74 % 100 % 0 % 67 % 50 % 0 % 0 % 67 % 36 % 52 % 62 %
EP04 344 264 298 187 223 176 301 247 4 4 4 3 6 2 10 5 0 0 0 0 11 6 9 2 148 88 1,358 984 EP04
77 % 63 % 79 % 82 % 100 % 75 % 33 % 50 % 0 % 0 % 55 % 22 % 59 % 72 %
EP05 907 617 568 312 134 81 117 82 4 3 8 3 19 10 23 8 0 0 0 0 8 4 5 5 231 115 2,024 1,240 EP05
68 % 55 % 60 % 70 % 75 % 38 % 53 % 35 % 0 % 0 % 50 % 100 % 50 % 61 %
EP06A 705 555 530 366 60 49 55 41 2 0 1 0 14 12 9 2 0 0 0 0 7 4 8 4 143 91 1,534 1,124 EP06A
79 % 69 % 82 % 75 % 0 % 0 % 86 % 22 % 0 % 0 % 57 % 50 % 64 % 73 %
EP06B 331 201 191 97 8 7 16 5 0 0 1 0 6 4 4 1 0 0 0 0 1 0 2 1 85 35 645 351 EP06B
61 % 51 % 88 % 31 % 0 % 0 % 67 % 25 % 0 % 0 % 0 % 50 % 41 % 54 %
EP07B 120 89 108 71 6 5 11 7 0 0 1 1 4 3 1 1 0 0 0 0 0 0 1 1 48 30 300 208 EP07B
74 % 66 % 83 % 64 % 0 % 100 % 75 % 100 % 0 % 0 % 0 % 100 % 63 % 69 %
EP071 567 419 405 259 235 167 264 168 2 1 1 1 19 10 14 7 0 0 0 0 13 11 11 7 179 108 1,710 1,158 EP071
74 % 64 % 71 % 64 % 50 % 100 % 53 % 50 % 0 % 0 % 85 % 64 % 60 % 68 %
EP072 589 378 458 228 127 70 148 84 4 1 3 1 14 7 22 16 0 0 0 0 16 9 16 10 171 74 1,568 878 EP072
64 % 50 % 55 % 57 % 25 % 33 % 50 % 73 % 0 % 0 % 56 % 63 % 43 % 56 %
EP08A 1,278 859 835 464 21 14 25 13 4 2 3 1 11 5 4 2 0 0 1 1 14 9 13 4 302 179 2,511 1,553 EP08A
67 % 56 % 67 % 52 % 50 % 33 % 45 % 50 % 0 % 100 % 64 % 31 % 59 % 62 %
EP08B 242 158 165 88 4 3 5 2 1 1 1 0 3 3 2 1 0 0 0 0 1 0 3 1 66 36 493 293 EP08B
65 % 53 % 75 % 40 % 100 % 0 % 100 % 50 % 0 % 0 % 0 % 33 % 55 % 59 %
EP08D 333 280 215 146 11 7 9 6 1 1 0 0 1 1 1 0 0 0 0 0 5 1 1 0 73 47 650 489 EP08D
84 % 68 % 64 % 67 % 100 % 0 % 100 % 0 % 0 % 0 % 20 % 0 % 64 % 75 %
EP09 680 558 484 329 92 62 68 45 2 3 3 2 15 4 11 9 0 0 0 0 9 7 9 4 148 90 1,521 1,113 EP09
82 % 68 % 67 % 66 % 150 % 67 % 27 % 82 % 0 % 0 % 78 % 44 % 61 % 73 %
EP10A 315 258 230 166 12 7 19 10 1 1 0 0 1 0 0 0 0 0 0 0 1 1 4 3 52 39 635 485 EP10A
82 % 72 % 58 % 53 % 100 % 0 % 0 % 0 % 0 % 0 % 100 % 75 % 75 % 76 %
EP10B 266 225 223 180 12 10 14 10 0 0 0 0 4 0 0 0 0 0 0 0 3 0 3 0 52 39 577 464 EP10B
85 % 81 % 83 % 71 % 0 % 0 % 0 % 0 % 0 % 0 % 0 % 0 % 75 % 80 %
EP11A 606 498 451 351 42 30 40 27 7 4 8 4 6 3 6 4 0 0 0 0 8 5 8 8 98 66 1,280 1,000 EP11A
82 % 78 % 71 % 68 % 57 % 50 % 50 % 67 % 0 % 0 % 63 % 100 % 67 % 78 %
EP11B 55 43 56 41 12 10 9 6 0 0 0 0 1 1 0 0 0 0 0 0 2 2 0 0 12 7 147 110 EP11B
78 % 73 % 83 % 67 % 0 % 0 % 100 % 0 % 0 % 0 % 100 % 0 % 58 % 75 %
ER 0 1 0 0 0 0 0 0 0 0 0 0 0 0 0 0 0 0 0 0 0 0 0 0 0 0 0 1 ER
0 % 0 % 0 % 0 % 0 % 0 % 0 % 0 % 0 % 0 % 0 % 0 % 0 % 0 %
EW1 0 1 0 1 0 0 0 0 0 0 0 0 0 0 0 0 0 0 0 0 0 0 0 0 0 0 0 2 EW1
0 % 0 % 0 % 0 % 0 % 0 % 0 % 0 % 0 % 0 % 0 % 0 % 0 % 0 %
FA 0 1 0 0 0 0 0 0 0 0 0 0 0 0 0 0 0 0 0 0 0 0 0 0 0 0 0 1 FA
0 % 0 % 0 % 0 % 0 % 0 % 0 % 0 % 0 % 0 % 0 % 0 % 0 % 0 %
FA01A 2,619 2,050 1,875 1,237 494 340 420 273 19 7 16 3 65 39 47 23 0 0 0 0 46 28 33 20 616 412 6,250 4,432 FA01A
78 % 66 % 69 % 65 % 37 % 19 % 60 % 49 % 0 % 0 % 61 % 61 % 67 % 71 %
FA01B 251 190 138 93 19 10 17 10 5 2 2 1 7 3 10 2 0 0 0 0 2 1 1 0 65 47 517 359 FA01B
76 % 67 % 53 % 59 % 40 % 50 % 43 % 20 % 0 % 0 % 50 % 0 % 72 % 69 %
FB 0 0 0 0 0 1 0 0 0 0 0 0 0 0 0 0 0 0 0 0 0 0 0 0 0 0 0 1 FB
0 % 0 % 0 % 0 % 0 % 0 % 0 % 0 % 0 % 0 % 0 % 0 % 0 % 0 %
FG 0 0 0 0 0 0 0 0 0 0 0 0 0 0 0 0 0 0 0 0 0 0 0 1 0 0 0 1 FG
0 % 0 % 0 % 0 % 0 % 0 % 0 % 0 % 0 % 0 % 0 % 0 % 0 % 0 %
FI 0 0 0 1 0 0 0 0 0 0 0 0 0 0 0 0 0 0 0 0 0 0 0 0 0 0 0 1 FI
0 % 0 % 0 % 0 % 0 % 0 % 0 % 0 % 0 % 0 % 0 % 0 % 0 % 0 %
FO02 0 0 0 1 0 0 0 0 0 0 0 0 0 0 0 0 0 0 0 0 0 0 0 0 0 0 0 1 FO02
0 % 0 % 0 % 0 % 0 % 0 % 0 % 0 % 0 % 0 % 0 % 0 % 0 % 0 %
FP01 0 0 0 0 0 0 0 1 0 0 0 0 0 0 0 0 0 0 0 0 0 0 0 0 0 0 0 1 FP01
0 % 0 % 0 % 0 % 0 % 0 % 0 % 0 % 0 % 0 % 0 % 0 % 0 % 0 %
FP1 0 1 0 1 0 0 0 0 0 0 0 0 0 0 0 0 0 0 0 0 0 0 0 0 0 0 0 2 FP1
0 % 0 % 0 % 0 % 0 % 0 % 0 % 0 % 0 % 0 % 0 % 0 % 0 % 0 %
FP2 0 0 0 1 0 0 0 0 0 0 0 0 0 0 0 0 0 0 0 0 0 0 0 0 0 0 0 1 FP2
0 % 0 % 0 % 0 % 0 % 0 % 0 % 0 % 0 % 0 % 0 % 0 % 0 % 0 %
FP6 0 0 0 1 0 0 0 0 0 0 0 0 0 0 0 0 0 0 0 0 0 0 0 0 0 0 0 1 FP6
0 % 0 % 0 % 0 % 0 % 0 % 0 % 0 % 0 % 0 % 0 % 0 % 0 % 0 %
FR01 0 0 0 0 0 0 0 1 0 0 0 0 0 0 0 0 0 0 0 0 0 0 0 0 0 0 0 1 FR01
0 % 0 % 0 % 0 % 0 % 0 % 0 % 0 % 0 % 0 % 0 % 0 % 0 % 0 %
FY01 0 0 0 0 0 1 0 1 0 0 0 0 0 0 0 0 0 0 0 0 0 0 0 0 0 0 0 2 FY01
0 % 0 % 0 % 0 % 0 % 0 % 0 % 0 % 0 % 0 % 0 % 0 % 0 % 0 %
F3 0 0 0 3 0 0 0 0 0 0 0 0 0 0 0 0 0 0 0 0 0 0 0 0 0 0 0 3 F3
0 % 0 % 0 % 0 % 0 % 0 % 0 % 0 % 0 % 0 % 0 % 0 % 0 % 0 %
GA 0 0 0 1 0 0 0 0 0 0 0 0 0 0 0 0 0 0 0 0 0 0 0 0 0 0 0 1 GA
0 % 0 % 0 % 0 % 0 % 0 % 0 % 0 % 0 % 0 % 0 % 0 % 0 % 0 %
GD 0 0 0 0 0 1 0 0 0 0 0 0 0 0 0 0 0 0 0 0 0 0 0 0 0 0 0 1 GD
0 % 0 % 0 % 0 % 0 % 0 % 0 % 0 % 0 % 0 % 0 % 0 % 0 % 0 %
GF1 0 0 0 0 0 0 0 0 0 0 0 0 0 0 0 0 0 0 0 0 0 0 0 0 0 1 0 1 GF1
0 % 0 % 0 % 0 % 0 % 0 % 0 % 0 % 0 % 0 % 0 % 0 % 0 % 0 %
GM01 0 0 0 1 0 0 0 0 0 0 0 0 0 0 0 0 0 0 0 0 0 0 0 0 0 0 0 1 GM01
0 % 0 % 0 % 0 % 0 % 0 % 0 % 0 % 0 % 0 % 0 % 0 % 0 % 0 %
GT01 0 0 0 0 0 0 0 1 0 0 0 0 0 0 0 0 0 0 0 0 0 0 0 0 0 0 0 1 GT01
0 % 0 % 0 % 0 % 0 % 0 % 0 % 0 % 0 % 0 % 0 % 0 % 0 % 0 %
HA7 0 1 0 0 0 0 0 0 0 0 0 0 0 0 0 0 0 0 0 0 0 0 0 0 0 0 0 1 HA7
0 % 0 % 0 % 0 % 0 % 0 % 0 % 0 % 0 % 0 % 0 % 0 % 0 % 0 %
HB 0 0 0 1 0 1 0 1 0 0 0 1 0 0 0 0 0 0 0 0 0 0 0 0 0 0 0 4 HB
0 % 0 % 0 % 0 % 0 % 0 % 0 % 0 % 0 % 0 % 0 % 0 % 0 % 0 %
HC 0 0 0 0 0 1 0 0 0 0 0 0 0 0 0 0 0 0 0 0 0 0 0 0 0 0 0 1 HC
0 % 0 % 0 % 0 % 0 % 0 % 0 % 0 % 0 % 0 % 0 % 0 % 0 % 0 %
HCHS 0 1 0 0 0 0 0 0 0 0 0 0 0 0 0 0 0 0 0 0 0 0 0 0 0 0 0 1 HCHS
0 % 0 % 0 % 0 % 0 % 0 % 0 % 0 % 0 % 0 % 0 % 0 % 0 % 0 %
HCTC 0 0 0 1 0 0 0 0 0 0 0 0 0 0 0 0 0 0 0 0 0 0 0 0 0 0 0 1 HCTC
0 % 0 % 0 % 0 % 0 % 0 % 0 % 0 % 0 % 0 % 0 % 0 % 0 % 0 %
HF 0 0 0 1 0 0 0 0 0 0 0 0 0 0 0 0 0 0 0 0 0 0 0 0 0 0 0 1 HF
0 % 0 % 0 % 0 % 0 % 0 % 0 % 0 % 0 % 0 % 0 % 0 % 0 % 0 %
HG 0 1 0 0 0 0 0 0 0 0 0 0 0 0 0 0 0 0 0 0 0 0 0 0 0 0 0 1 HG
0 % 0 % 0 % 0 % 0 % 0 % 0 % 0 % 0 % 0 % 0 % 0 % 0 % 0 %
HL01 0 0 0 1 0 0 0 0 0 0 0 0 0 0 0 0 0 0 0 0 0 0 0 0 0 0 0 1 HL01
0 % 0 % 0 % 0 % 0 % 0 % 0 % 0 % 0 % 0 % 0 % 0 % 0 % 0 %
HO2 0 0 0 0 0 0 0 1 0 0 0 0 0 0 0 0 0 0 0 0 0 0 0 0 0 0 0 1 HO2
0 % 0 % 0 % 0 % 0 % 0 % 0 % 0 % 0 % 0 % 0 % 0 % 0 % 0 %
HO5 0 0 0 1 0 0 0 0 0 0 0 0 0 0 0 0 0 0 0 0 0 0 0 0 0 0 0 1 HO5
0 % 0 % 0 % 0 % 0 % 0 % 0 % 0 % 0 % 0 % 0 % 0 % 0 % 0 %
HP01 544 393 456 273 543 398 483 346 29 15 42 20 41 20 37 18 0 0 0 0 23 10 18 8 324 190 2,540 1,691 HP01
72 % 60 % 73 % 72 % 52 % 48 % 49 % 49 % 0 % 0 % 43 % 44 % 59 % 67 %
IA 0 1 0 0 0 0 0 0 0 0 0 1 0 0 0 0 0 0 0 0 0 0 0 0 0 0 0 2 IA
0 % 0 % 0 % 0 % 0 % 0 % 0 % 0 % 0 % 0 % 0 % 0 % 0 % 0 %
JAMES 0 0 0 0 0 1 0 0 0 0 0 0 0 0 0 0 0 0 0 0 0 0 0 0 0 0 0 1 JAMES
0 % 0 % 0 % 0 % 0 % 0 % 0 % 0 % 0 % 0 % 0 % 0 % 0 % 0 %
JB01 0 0 0 0 0 0 0 0 0 0 0 0 0 0 0 0 0 0 0 0 0 0 0 0 0 1 0 1 JB01
0 % 0 % 0 % 0 % 0 % 0 % 0 % 0 % 0 % 0 % 0 % 0 % 0 % 0 %
JB02 0 1 0 0 0 0 0 0 0 0 0 0 0 0 0 0 0 0 0 0 0 0 0 0 0 0 0 1 JB02
0 % 0 % 0 % 0 % 0 % 0 % 0 % 0 % 0 % 0 % 0 % 0 % 0 % 0 %
JB07 0 1 0 0 0 0 0 0 0 1 0 0 0 0 0 0 0 0 0 0 0 0 0 0 0 0 0 2 JB07
0 % 0 % 0 % 0 % 0 % 0 % 0 % 0 % 0 % 0 % 0 % 0 % 0 % 0 %
JB08 0 0 0 1 0 0 0 0 0 0 0 0 0 0 0 0 0 0 0 0 0 0 0 0 0 0 0 1 JB08
0 % 0 % 0 % 0 % 0 % 0 % 0 % 0 % 0 % 0 % 0 % 0 % 0 % 0 %
JB10 0 0 0 0 0 0 0 0 0 0 0 0 0 0 0 0 0 0 0 0 0 0 0 0 0 1 0 1 JB10
0 % 0 % 0 % 0 % 0 % 0 % 0 % 0 % 0 % 0 % 0 % 0 % 0 % 0 %
JB11 0 0 0 1 0 0 0 0 0 0 0 0 0 0 0 0 0 0 0 0 0 0 0 0 0 0 0 1 JB11
0 % 0 % 0 % 0 % 0 % 0 % 0 % 0 % 0 % 0 % 0 % 0 % 0 % 0 %
JB14 0 1 0 0 0 0 0 0 0 0 0 0 0 0 0 0 0 0 0 0 0 0 0 0 0 0 0 1 JB14
0 % 0 % 0 % 0 % 0 % 0 % 0 % 0 % 0 % 0 % 0 % 0 % 0 % 0 %
JB15 0 1 0 0 0 0 0 0 0 0 0 0 0 0 0 0 0 0 0 0 0 0 0 0 0 0 0 1 JB15
0 % 0 % 0 % 0 % 0 % 0 % 0 % 0 % 0 % 0 % 0 % 0 % 0 % 0 %
JB17 0 2 0 0 0 0 0 0 0 0 0 0 0 0 0 0 0 0 0 0 0 0 0 0 0 0 0 2 JB17
0 % 0 % 0 % 0 % 0 % 0 % 0 % 0 % 0 % 0 % 0 % 0 % 0 % 0 %
JB18 0 1 0 0 0 0 0 0 0 0 0 0 0 0 0 0 0 0 0 0 0 0 0 0 0 0 0 1 JB18
0 % 0 % 0 % 0 % 0 % 0 % 0 % 0 % 0 % 0 % 0 % 0 % 0 % 0 %
JC01 138 110 132 106 1,148 870 1,070 810 350 207 352 219 32 22 23 12 1 2 1 1 66 47 69 46 576 346 3,958 2,798 JC01
80 % 80 % 76 % 76 % 59 % 62 % 69 % 52 % 200 % 100 % 71 % 67 % 60 % 71 %
JC02 64 49 36 25 297 230 277 190 76 45 71 43 14 8 9 4 0 0 0 0 10 6 6 5 225 152 1,085 757 JC02
77 % 69 % 77 % 69 % 59 % 61 % 57 % 44 % 0 % 0 % 60 % 83 % 68 % 70 %
JC03A 28 20 24 15 143 113 129 105 12 6 13 6 3 3 2 2 0 0 1 1 4 2 1 1 53 27 413 301 JC03A
71 % 63 % 79 % 81 % 50 % 46 % 100 % 100 % 0 % 100 % 50 % 100 % 51 % 73 %
JC03B 88 74 74 47 348 263 300 209 68 38 59 28 15 10 16 10 0 0 0 0 17 10 23 12 195 124 1,203 825 JC03B
84 % 64 % 76 % 70 % 56 % 47 % 67 % 63 % 0 % 0 % 59 % 52 % 64 % 69 %
JC04A 130 117 101 84 1,381 1,018 1,278 965 117 77 126 79 31 19 25 14 1 1 0 0 50 37 45 30 382 245 3,667 2,686 JC04A
90 % 83 % 74 % 76 % 66 % 63 % 61 % 56 % 100 % 0 % 74 % 67 % 64 % 73 %
JC04B 19 19 8 6 70 49 47 34 19 8 15 7 3 2 2 2 0 0 0 0 2 2 4 4 25 17 214 150 JC04B
100 % 75 % 70 % 72 % 42 % 47 % 67 % 100 % 0 % 0 % 100 % 100 % 68 % 70 %
JC05 112 85 101 65 640 484 560 413 72 40 77 50 24 15 17 11 0 0 0 0 21 15 26 21 231 141 1,881 1,340 JC05
76 % 64 % 76 % 74 % 56 % 65 % 63 % 65 % 0 % 0 % 71 % 81 % 61 % 71 %
JC06 131 111 109 70 770 564 663 485 93 42 102 55 22 8 10 4 0 0 1 1 24 16 18 16 347 210 2,290 1,582 JC06
85 % 64 % 73 % 73 % 45 % 54 % 36 % 40 % 0 % 100 % 67 % 89 % 61 % 69 %
JC07 166 125 151 114 993 749 886 671 269 124 252 135 33 22 33 14 0 0 0 0 58 39 51 30 543 296 3,435 2,319 JC07
75 % 75 % 75 % 76 % 46 % 54 % 67 % 42 % 0 % 0 % 67 % 59 % 55 % 68 %
JC08 118 95 108 74 836 663 733 574 85 49 94 52 30 20 23 13 1 1 0 0 38 25 36 18 274 180 2,376 1,764 JC08
81 % 69 % 79 % 78 % 58 % 55 % 67 % 57 % 100 % 0 % 66 % 50 % 66 % 74 %
JC09 175 138 119 84 828 625 684 525 86 51 87 43 38 35 35 24 0 0 0 0 28 19 32 19 349 200 2,461 1,763 JC09
79 % 71 % 75 % 77 % 59 % 49 % 92 % 69 % 0 % 0 % 68 % 59 % 57 % 72 %
JC10 147 114 124 78 640 492 539 389 50 24 69 36 39 26 29 16 0 0 0 0 39 22 25 14 306 173 2,007 1,384 JC10
78 % 63 % 77 % 72 % 48 % 52 % 67 % 55 % 0 % 0 % 56 % 56 % 57 % 69 %
JC11 128 95 88 64 1,036 786 950 697 72 40 81 40 27 20 14 12 1 0 0 0 35 26 23 13 368 221 2,823 2,014 JC11
74 % 73 % 76 % 73 % 56 % 49 % 74 % 86 % 0 % 0 % 74 % 57 % 60 % 71 %
JC12 70 60 70 50 855 684 772 616 64 38 60 31 9 6 6 2 0 0 0 0 24 12 28 16 220 147 2,178 1,662 JC12
86 % 71 % 80 % 80 % 59 % 52 % 67 % 33 % 0 % 0 % 50 % 57 % 67 % 76 %
JC13A 50 39 30 24 780 639 766 597 41 29 34 20 13 7 7 5 0 0 0 0 16 12 23 19 214 124 1,974 1,515 JC13A
78 % 80 % 82 % 78 % 71 % 59 % 54 % 71 % 0 % 0 % 75 % 83 % 58 % 77 %
JC13B 3 3 5 2 117 102 127 92 2 1 0 0 0 0 1 0 0 0 0 0 2 1 1 0 28 21 286 222 JC13B
100 % 40 % 87 % 72 % 50 % 0 % 0 % 0 % 0 % 0 % 50 % 0 % 75 % 78 %
JC14 62 50 55 46 821 629 748 563 68 46 81 47 10 8 12 9 0 0 1 0 21 16 29 20 235 162 2,143 1,596 JC14
81 % 84 % 77 % 75 % 68 % 58 % 80 % 75 % 0 % 0 % 76 % 69 % 69 % 74 %
JC15 58 42 44 33 204 152 160 114 17 12 10 6 17 9 12 6 0 0 0 0 13 8 8 5 103 69 646 456 JC15
72 % 75 % 75 % 71 % 71 % 60 % 53 % 50 % 0 % 0 % 62 % 63 % 67 % 71 %
JC16 54 44 37 28 700 547 589 445 24 17 25 19 15 12 19 14 0 0 0 0 17 14 19 12 186 135 1,685 1,287 JC16
81 % 76 % 78 % 76 % 71 % 76 % 80 % 74 % 0 % 0 % 82 % 63 % 73 % 76 %
JC17 19 15 12 9 98 78 99 76 4 2 12 7 4 3 3 4 0 0 0 0 4 4 5 4 20 17 280 219 JC17
79 % 75 % 80 % 77 % 50 % 58 % 75 % 133 % 0 % 0 % 100 % 80 % 85 % 78 %
JC18A 60 48 59 45 1,039 782 960 723 51 30 45 20 9 7 13 9 0 0 1 1 27 17 32 19 229 144 2,525 1,845 JC18A
80 % 76 % 75 % 75 % 59 % 44 % 78 % 69 % 0 % 100 % 63 % 59 % 63 % 73 %
JC18B 11 8 7 4 55 41 59 50 0 0 1 1 4 2 2 0 1 1 0 0 0 0 1 1 26 21 167 129 JC18B
73 % 57 % 75 % 85 % 0 % 100 % 50 % 0 % 100 % 0 % 0 % 100 % 81 % 77 %
JC19 136 108 119 91 1,270 991 1,079 812 49 33 48 31 33 24 31 17 1 0 0 0 31 15 29 19 406 241 3,232 2,382 JC19
79 % 76 % 78 % 75 % 67 % 65 % 73 % 55 % 0 % 0 % 48 % 66 % 59 % 74 %
KE2B 0 0 0 1 0 0 0 0 0 0 0 0 0 0 0 0 0 0 0 0 0 0 0 0 0 0 0 1 KE2B
0 % 0 % 0 % 0 % 0 % 0 % 0 % 0 % 0 % 0 % 0 % 0 % 0 % 0 %
KE5B 0 0 0 1 0 0 0 0 0 0 0 0 0 0 0 0 0 0 0 0 0 0 0 0 0 0 0 1 KE5B
0 % 0 % 0 % 0 % 0 % 0 % 0 % 0 % 0 % 0 % 0 % 0 % 0 % 0 %
KF 0 0 0 0 0 1 0 0 0 0 0 0 0 0 0 0 0 0 0 0 0 0 0 0 0 0 0 1 KF
0 % 0 % 0 % 0 % 0 % 0 % 0 % 0 % 0 % 0 % 0 % 0 % 0 % 0 %
KG 0 0 0 0 0 0 0 0 0 0 0 0 0 0 0 0 0 0 0 0 0 0 0 0 0 1 0 1 KG
0 % 0 % 0 % 0 % 0 % 0 % 0 % 0 % 0 % 0 % 0 % 0 % 0 % 0 %
LA 0 1 0 0 0 0 0 0 0 0 0 0 0 0 0 0 0 0 0 0 0 0 0 0 0 0 0 1 LA
0 % 0 % 0 % 0 % 0 % 0 % 0 % 0 % 0 % 0 % 0 % 0 % 0 % 0 %
LE 0 0 0 0 0 2 0 1 0 0 0 0 0 0 0 0 0 0 0 0 0 0 0 0 0 0 0 3 LE
0 % 0 % 0 % 0 % 0 % 0 % 0 % 0 % 0 % 0 % 0 % 0 % 0 % 0 %
LEE 0 0 0 0 0 0 0 1 0 0 0 0 0 0 0 0 0 0 0 0 0 0 0 0 0 0 0 1 LEE
0 % 0 % 0 % 0 % 0 % 0 % 0 % 0 % 0 % 0 % 0 % 0 % 0 % 0 %
LH 0 1 0 1 0 0 0 0 0 0 0 0 0 0 0 0 0 0 0 0 0 0 0 0 0 0 0 2 LH
0 % 0 % 0 % 0 % 0 % 0 % 0 % 0 % 0 % 0 % 0 % 0 % 0 % 0 %
LI01 0 0 0 1 0 0 0 0 0 0 0 0 0 0 0 0 0 0 0 0 0 0 0 0 0 0 0 1 LI01
0 % 0 % 0 % 0 % 0 % 0 % 0 % 0 % 0 % 0 % 0 % 0 % 0 % 0 %
LJ1 0 1 0 0 0 0 0 0 0 0 0 0 0 0 0 0 0 0 0 0 0 0 0 0 0 0 0 1 LJ1
0 % 0 % 0 % 0 % 0 % 0 % 0 % 0 % 0 % 0 % 0 % 0 % 0 % 0 %
LJ2 0 0 0 1 0 0 0 0 0 0 0 0 0 0 0 0 0 0 0 0 0 0 0 0 0 1 0 2 LJ2
0 % 0 % 0 % 0 % 0 % 0 % 0 % 0 % 0 % 0 % 0 % 0 % 0 % 0 %
LJ3 0 2 0 0 0 0 0 0 0 0 0 0 0 0 0 0 0 0 0 0 0 0 0 0 0 0 0 2 LJ3
0 % 0 % 0 % 0 % 0 % 0 % 0 % 0 % 0 % 0 % 0 % 0 % 0 % 0 %
LJ5 0 1 0 2 0 0 0 0 0 0 0 0 0 0 0 0 0 0 0 0 0 0 0 0 0 0 0 3 LJ5
0 % 0 % 0 % 0 % 0 % 0 % 0 % 0 % 0 % 0 % 0 % 0 % 0 % 0 %
MA 0 0 0 0 0 0 0 1 0 0 0 0 0 0 0 0 0 0 0 0 0 0 0 0 0 0 0 1 MA
0 % 0 % 0 % 0 % 0 % 0 % 0 % 0 % 0 % 0 % 0 % 0 % 0 % 0 %
MB 0 2 0 1 0 1 0 0 0 0 0 0 0 0 0 0 0 0 0 0 0 0 0 0 0 0 0 4 MB
0 % 0 % 0 % 0 % 0 % 0 % 0 % 0 % 0 % 0 % 0 % 0 % 0 % 0 %
MD 0 1 0 0 0 0 0 0 0 0 0 0 0 0 0 0 0 0 0 0 0 0 0 0 0 0 0 1 MD
0 % 0 % 0 % 0 % 0 % 0 % 0 % 0 % 0 % 0 % 0 % 0 % 0 % 0 %
ME 0 0 0 1 0 0 0 0 0 0 0 0 0 0 0 0 0 0 0 0 0 0 0 0 0 0 0 1 ME
0 % 0 % 0 % 0 % 0 % 0 % 0 % 0 % 0 % 0 % 0 % 0 % 0 % 0 %
ME01 0 1 0 0 0 0 0 0 0 0 0 0 0 0 0 0 0 0 0 0 0 0 0 0 0 0 0 1 ME01
0 % 0 % 0 % 0 % 0 % 0 % 0 % 0 % 0 % 0 % 0 % 0 % 0 % 0 %
MF 0 1 0 0 0 0 0 0 0 0 0 0 0 0 0 0 0 0 0 0 0 0 0 0 0 0 0 1 MF
0 % 0 % 0 % 0 % 0 % 0 % 0 % 0 % 0 % 0 % 0 % 0 % 0 % 0 %
MI 0 0 0 1 0 0 0 0 0 0 0 0 0 0 0 0 0 0 0 0 0 0 0 0 0 0 0 1 MI
0 % 0 % 0 % 0 % 0 % 0 % 0 % 0 % 0 % 0 % 0 % 0 % 0 % 0 %
MJ 0 0 0 0 0 0 0 1 0 0 0 0 0 0 0 0 0 0 0 0 0 0 0 0 0 0 0 1 MJ
0 % 0 % 0 % 0 % 0 % 0 % 0 % 0 % 0 % 0 % 0 % 0 % 0 % 0 %
MK 0 0 0 0 0 0 0 1 0 0 0 0 0 0 0 0 0 0 0 0 0 0 0 0 0 0 0 1 MK
0 % 0 % 0 % 0 % 0 % 0 % 0 % 0 % 0 % 0 % 0 % 0 % 0 % 0 %
ML01A 0 0 0 0 1 1 0 0 0 0 1 1 0 0 0 0 0 0 0 0 0 0 0 0 1 0 3 2 ML01A
0 % 0 % 100 % 0 % 0 % 100 % 0 % 0 % 0 % 0 % 0 % 0 % 0 % 67 %
ML01B 0 0 1 1 37 25 35 27 2 0 0 0 1 1 2 0 0 0 0 0 0 0 0 0 8 5 86 59 ML01B
0 % 100 % 68 % 77 % 0 % 0 % 100 % 0 % 0 % 0 % 0 % 0 % 63 % 69 %
ML011 27 24 22 13 639 498 631 473 54 39 63 49 7 6 9 8 0 0 0 0 18 11 16 14 213 153 1,699 1,288 ML011
89 % 59 % 78 % 75 % 72 % 78 % 86 % 89 % 0 % 0 % 61 % 88 % 72 % 76 %
ML012 5 3 6 4 152 113 144 118 1 0 2 0 4 3 2 0 0 0 0 0 1 1 2 0 30 12 349 254 ML012
60 % 67 % 74 % 82 % 0 % 0 % 75 % 0 % 0 % 0 % 100 % 0 % 40 % 73 %
ML02A 19 14 15 12 574 439 556 429 7 5 5 4 8 5 11 7 0 0 0 0 5 4 9 8 135 95 1,344 1,022 ML02A
74 % 80 % 76 % 77 % 71 % 80 % 63 % 64 % 0 % 0 % 80 % 89 % 70 % 76 %
ML02B 22 15 16 13 535 398 465 346 10 4 6 2 6 3 6 3 0 0 0 0 10 5 5 4 125 94 1,206 887 ML02B
68 % 81 % 74 % 74 % 40 % 33 % 50 % 50 % 0 % 0 % 50 % 80 % 75 % 74 %
ML03 51 38 47 39 1,385 1,042 1,303 968 16 10 16 11 15 9 14 9 0 0 0 0 22 14 20 14 312 213 3,201 2,367 ML03
75 % 83 % 75 % 74 % 63 % 69 % 60 % 64 % 0 % 0 % 64 % 70 % 68 % 74 %
ML04 63 54 61 45 992 794 963 732 30 14 27 12 15 6 6 3 0 0 0 0 13 8 20 15 262 193 2,452 1,876 ML04
86 % 74 % 80 % 76 % 47 % 44 % 40 % 50 % 0 % 0 % 62 % 75 % 74 % 77 %
ML05 264 204 172 114 1,451 1,071 1,252 897 57 31 62 42 50 33 54 30 1 1 0 0 38 21 35 16 437 277 3,873 2,737 ML05
77 % 66 % 74 % 72 % 54 % 68 % 66 % 56 % 100 % 0 % 55 % 46 % 63 % 71 %
ML06 464 353 284 184 1,163 801 953 610 64 39 67 43 84 55 55 31 0 0 0 0 49 31 45 20 644 433 3,872 2,600 ML06
76 % 65 % 69 % 64 % 61 % 64 % 65 % 56 % 0 % 0 % 63 % 44 % 67 % 67 %
ML07 0 0 0 0 0 1 0 1 0 0 0 0 0 0 0 0 0 0 0 0 0 0 0 0 0 0 0 2 ML07
0 % 0 % 0 % 0 % 0 % 0 % 0 % 0 % 0 % 0 % 0 % 0 % 0 % 0 %
ML07A 10 9 7 4 224 176 226 170 1 0 1 1 2 0 3 1 0 0 0 0 3 1 3 0 39 27 519 389 ML07A
90 % 57 % 79 % 75 % 0 % 100 % 0 % 33 % 0 % 0 % 33 % 0 % 69 % 75 %
ML07B 18 13 18 15 434 341 399 295 7 7 9 9 10 6 5 1 0 0 0 0 5 4 8 4 105 71 1,018 766 ML07B
72 % 83 % 79 % 74 % 100 % 100 % 60 % 20 % 0 % 0 % 80 % 50 % 68 % 75 %
MM 0 1 0 0 0 0 0 0 0 0 0 0 0 0 0 0 0 0 0 0 0 0 0 0 0 0 0 1 MM
0 % 0 % 0 % 0 % 0 % 0 % 0 % 0 % 0 % 0 % 0 % 0 % 0 % 0 %
MO1 0 1 0 0 0 0 0 0 0 0 0 0 0 0 0 0 0 0 0 0 0 0 0 0 0 0 0 1 MO1
0 % 0 % 0 % 0 % 0 % 0 % 0 % 0 % 0 % 0 % 0 % 0 % 0 % 0 %
MO3 0 1 0 0 0 0 0 0 0 0 0 0 0 0 0 0 0 0 0 0 0 0 0 0 0 0 0 1 MO3
0 % 0 % 0 % 0 % 0 % 0 % 0 % 0 % 0 % 0 % 0 % 0 % 0 % 0 %
MO5 0 1 0 0 0 0 0 0 0 0 0 0 0 0 0 0 0 0 0 0 0 0 0 0 0 0 0 1 MO5
0 % 0 % 0 % 0 % 0 % 0 % 0 % 0 % 0 % 0 % 0 % 0 % 0 % 0 %
MP01 3 1 2 2 181 143 154 115 1 0 1 0 1 1 2 2 0 0 0 0 4 2 1 0 48 39 398 305 MP01
33 % 100 % 79 % 75 % 0 % 0 % 100 % 100 % 0 % 0 % 50 % 0 % 81 % 77 %
MR 0 0 0 1 0 0 0 0 0 0 0 0 0 0 0 0 0 0 0 0 0 0 0 0 0 1 0 2 MR
0 % 0 % 0 % 0 % 0 % 0 % 0 % 0 % 0 % 0 % 0 % 0 % 0 % 0 %
MR3A 0 0 0 0 0 0 0 1 0 0 0 0 0 0 0 0 0 0 0 0 0 0 0 0 0 0 0 1 MR3A
0 % 0 % 0 % 0 % 0 % 0 % 0 % 0 % 0 % 0 % 0 % 0 % 0 % 0 %
MR4B 0 0 0 0 0 1 0 0 0 0 0 0 0 0 0 0 0 0 0 0 0 0 0 0 0 0 0 1 MR4B
0 % 0 % 0 % 0 % 0 % 0 % 0 % 0 % 0 % 0 % 0 % 0 % 0 % 0 %
MR5B 0 1 0 1 0 0 0 0 0 0 0 0 0 0 0 0 0 0 0 0 0 0 0 0 0 0 0 2 MR5B
0 % 0 % 0 % 0 % 0 % 0 % 0 % 0 % 0 % 0 % 0 % 0 % 0 % 0 %
MR6A 0 1 0 0 0 0 0 0 0 0 0 1 0 0 0 0 0 0 0 0 0 0 0 0 0 0 0 2 MR6A
0 % 0 % 0 % 0 % 0 % 0 % 0 % 0 % 0 % 0 % 0 % 0 % 0 % 0 %
MR7A 0 2 0 1 0 0 0 0 0 0 0 0 0 0 0 0 0 0 0 0 0 0 0 0 0 0 0 3 MR7A
0 % 0 % 0 % 0 % 0 % 0 % 0 % 0 % 0 % 0 % 0 % 0 % 0 % 0 %
MT 0 1 0 0 0 2 0 0 0 0 0 0 0 0 0 0 0 0 0 0 0 0 0 0 0 0 0 3 MT
0 % 0 % 0 % 0 % 0 % 0 % 0 % 0 % 0 % 0 % 0 % 0 % 0 % 0 %
MT03 0 0 0 0 0 0 0 1 0 0 0 0 0 0 0 0 0 0 0 0 0 0 0 0 0 0 0 1 MT03
0 % 0 % 0 % 0 % 0 % 0 % 0 % 0 % 0 % 0 % 0 % 0 % 0 % 0 %
MU 0 0 0 0 0 1 0 0 0 0 0 0 0 0 0 0 0 0 0 0 0 0 0 0 0 0 0 1 MU
0 % 0 % 0 % 0 % 0 % 0 % 0 % 0 % 0 % 0 % 0 % 0 % 0 % 0 %
NB 0 0 0 0 0 1 0 0 0 0 0 0 0 1 0 0 0 0 0 0 0 0 0 0 0 0 0 2 NB
0 % 0 % 0 % 0 % 0 % 0 % 0 % 0 % 0 % 0 % 0 % 0 % 0 % 0 %
NC21 0 0 0 0 0 1 0 0 0 0 0 0 0 0 0 0 0 0 0 0 0 0 0 0 0 0 0 1 NC21
0 % 0 % 0 % 0 % 0 % 0 % 0 % 0 % 0 % 0 % 0 % 0 % 0 % 0 %
NJ01 0 1 0 0 0 1 0 0 0 0 0 0 0 0 0 0 0 0 0 0 0 0 0 0 0 0 0 2 NJ01
0 % 0 % 0 % 0 % 0 % 0 % 0 % 0 % 0 % 0 % 0 % 0 % 0 % 0 %
NP01 0 0 0 0 0 0 0 0 0 0 0 0 0 1 0 0 0 0 0 0 0 0 0 0 0 0 0 1 NP01
0 % 0 % 0 % 0 % 0 % 0 % 0 % 0 % 0 % 0 % 0 % 0 % 0 % 0 %
OAK1 0 0 0 1 0 0 0 0 0 0 0 0 0 0 0 0 0 0 0 0 0 0 0 0 0 0 0 1 OAK1
0 % 0 % 0 % 0 % 0 % 0 % 0 % 0 % 0 % 0 % 0 % 0 % 0 % 0 %
OAK4 0 2 0 1 0 0 0 0 0 0 0 0 0 0 0 0 0 0 0 0 0 0 0 0 0 0 0 3 OAK4
0 % 0 % 0 % 0 % 0 % 0 % 0 % 0 % 0 % 0 % 0 % 0 % 0 % 0 %
OK01 0 0 0 0 0 0 0 1 0 0 0 0 0 0 0 0 0 0 0 0 0 0 0 0 0 0 0 1 OK01
0 % 0 % 0 % 0 % 0 % 0 % 0 % 0 % 0 % 0 % 0 % 0 % 0 % 0 %
OR03 0 2 0 0 0 0 0 0 0 0 0 0 0 0 0 0 0 0 0 0 0 0 0 0 0 0 0 2 OR03
0 % 0 % 0 % 0 % 0 % 0 % 0 % 0 % 0 % 0 % 0 % 0 % 0 % 0 %
PA01 748 577 511 323 336 246 232 169 2 2 0 0 22 12 21 8 0 0 1 1 11 5 11 5 152 88 2,047 1,436 PA01
77 % 63 % 73 % 73 % 100 % 0 % 55 % 38 % 0 % 100 % 45 % 45 % 58 % 70 %
PB 0 1 0 0 0 1 0 0 0 1 0 0 0 0 0 0 0 0 0 0 0 0 0 0 0 0 0 3 PB
0 % 0 % 0 % 0 % 0 % 0 % 0 % 0 % 0 % 0 % 0 % 0 % 0 % 0 %
PC 0 0 0 1 0 0 0 0 0 0 0 0 0 0 0 0 0 0 0 0 0 0 0 0 0 0 0 1 PC
0 % 0 % 0 % 0 % 0 % 0 % 0 % 0 % 0 % 0 % 0 % 0 % 0 % 0 %
PE01 0 1 0 0 0 0 0 0 0 0 0 0 0 0 0 0 0 0 0 0 0 0 0 0 0 0 0 1 PE01
0 % 0 % 0 % 0 % 0 % 0 % 0 % 0 % 0 % 0 % 0 % 0 % 0 % 0 %
PH1 0 0 0 0 0 0 0 0 0 0 0 0 0 0 0 0 0 0 0 0 0 0 0 0 0 1 0 1 PH1
0 % 0 % 0 % 0 % 0 % 0 % 0 % 0 % 0 % 0 % 0 % 0 % 0 % 0 %
PI 0 1 0 0 0 0 0 0 0 0 0 0 0 0 0 0 0 0 0 0 0 0 0 0 0 0 0 1 PI
0 % 0 % 0 % 0 % 0 % 0 % 0 % 0 % 0 % 0 % 0 % 0 % 0 % 0 %
PN 0 1 0 0 0 0 0 0 0 0 0 0 0 0 0 0 0 0 0 0 0 0 0 0 0 0 0 1 PN
0 % 0 % 0 % 0 % 0 % 0 % 0 % 0 % 0 % 0 % 0 % 0 % 0 % 0 %
PO01 0 0 0 0 0 0 0 2 0 0 0 0 0 0 0 0 0 0 0 0 0 0 0 0 0 0 0 2 PO01
0 % 0 % 0 % 0 % 0 % 0 % 0 % 0 % 0 % 0 % 0 % 0 % 0 % 0 %
PP01 0 0 0 0 0 1 0 0 0 0 0 0 0 0 0 0 0 0 0 0 0 0 0 0 0 0 0 1 PP01
0 % 0 % 0 % 0 % 0 % 0 % 0 % 0 % 0 % 0 % 0 % 0 % 0 % 0 %
PS1A 0 0 0 1 0 0 0 0 0 0 0 0 0 0 0 0 0 0 0 0 0 0 0 0 0 0 0 1 PS1A
0 % 0 % 0 % 0 % 0 % 0 % 0 % 0 % 0 % 0 % 0 % 0 % 0 % 0 %
RA 0 1 0 0 0 0 0 0 0 0 0 0 0 0 0 0 0 0 0 0 0 0 0 0 0 0 0 1 RA
0 % 0 % 0 % 0 % 0 % 0 % 0 % 0 % 0 % 0 % 0 % 0 % 0 % 0 %
RD 0 0 0 0 0 0 0 1 0 0 0 0 0 0 0 0 0 0 0 0 0 0 0 0 0 0 0 1 RD
0 % 0 % 0 % 0 % 0 % 0 % 0 % 0 % 0 % 0 % 0 % 0 % 0 % 0 %
RD01 0 0 0 2 0 0 0 0 0 0 0 0 0 0 0 0 0 0 0 0 0 0 0 0 0 0 0 2 RD01
0 % 0 % 0 % 0 % 0 % 0 % 0 % 0 % 0 % 0 % 0 % 0 % 0 % 0 %
RD02 0 3 0 1 0 0 0 0 0 0 0 0 0 0 0 0 0 0 0 0 0 0 0 0 0 1 0 5 RD02
0 % 0 % 0 % 0 % 0 % 0 % 0 % 0 % 0 % 0 % 0 % 0 % 0 % 0 %
RD03 0 0 0 0 0 0 0 0 0 0 0 0 0 0 0 0 0 0 0 0 0 0 0 0 0 1 0 1 RD03
0 % 0 % 0 % 0 % 0 % 0 % 0 % 0 % 0 % 0 % 0 % 0 % 0 % 0 %
RD04 0 0 0 3 0 0 0 0 0 0 0 0 0 0 0 0 0 0 0 0 0 0 0 0 0 0 0 3 RD04
0 % 0 % 0 % 0 % 0 % 0 % 0 % 0 % 0 % 0 % 0 % 0 % 0 % 0 %
RD06 0 1 0 0 0 0 0 0 0 0 0 0 0 0 0 0 0 0 0 0 0 0 0 0 0 0 0 1 RD06
0 % 0 % 0 % 0 % 0 % 0 % 0 % 0 % 0 % 0 % 0 % 0 % 0 % 0 %
RD08 0 2 0 0 0 0 0 0 0 0 0 0 0 0 0 0 0 0 0 0 0 0 0 0 0 0 0 2 RD08
0 % 0 % 0 % 0 % 0 % 0 % 0 % 0 % 0 % 0 % 0 % 0 % 0 % 0 %
RD09 0 2 0 0 0 0 0 0 0 0 0 0 0 0 0 0 0 0 0 0 0 0 0 0 0 0 0 2 RD09
0 % 0 % 0 % 0 % 0 % 0 % 0 % 0 % 0 % 0 % 0 % 0 % 0 % 0 %
RD11 0 1 0 0 0 1 0 0 0 0 0 0 0 0 0 0 0 0 0 0 0 0 0 0 0 0 0 2 RD11
0 % 0 % 0 % 0 % 0 % 0 % 0 % 0 % 0 % 0 % 0 % 0 % 0 % 0 %
RD12 0 0 0 1 0 0 0 0 0 0 0 0 0 0 0 0 0 0 0 0 0 0 0 0 0 0 0 1 RD12
0 % 0 % 0 % 0 % 0 % 0 % 0 % 0 % 0 % 0 % 0 % 0 % 0 % 0 %
RE 0 0 0 0 0 0 0 1 0 0 0 0 0 0 0 0 0 0 0 0 0 0 0 0 0 0 0 1 RE
0 % 0 % 0 % 0 % 0 % 0 % 0 % 0 % 0 % 0 % 0 % 0 % 0 % 0 %
RH 0 0 0 2 0 0 0 0 0 0 0 0 0 0 0 0 0 0 0 0 0 0 0 0 0 0 0 2 RH
0 % 0 % 0 % 0 % 0 % 0 % 0 % 0 % 0 % 0 % 0 % 0 % 0 % 0 %
RN 0 0 0 0 0 0 0 0 0 0 0 0 0 0 0 0 0 0 0 0 0 0 0 0 0 1 0 1 RN
0 % 0 % 0 % 0 % 0 % 0 % 0 % 0 % 0 % 0 % 0 % 0 % 0 % 0 %
RO 0 0 0 1 0 0 0 0 0 0 0 0 0 0 0 0 0 0 0 0 0 0 0 0 0 0 0 1 RO
0 % 0 % 0 % 0 % 0 % 0 % 0 % 0 % 0 % 0 % 0 % 0 % 0 % 0 %
RS01 0 1 0 0 0 0 0 0 0 0 0 0 0 0 0 0 0 0 0 0 0 0 0 0 0 0 0 1 RS01
0 % 0 % 0 % 0 % 0 % 0 % 0 % 0 % 0 % 0 % 0 % 0 % 0 % 0 %
RW01 122 93 86 70 1,858 1,437 1,482 1,145 41 29 38 25 21 15 19 11 0 0 0 0 30 20 23 18 398 302 4,118 3,165 RW01
76 % 81 % 77 % 77 % 71 % 66 % 71 % 58 % 0 % 0 % 67 % 78 % 76 % 77 %
RW02 103 81 80 63 1,342 1,026 1,220 979 38 27 38 25 33 16 24 15 0 0 0 0 33 22 31 24 397 295 3,339 2,573 RW02
79 % 79 % 76 % 80 % 71 % 66 % 48 % 63 % 0 % 0 % 67 % 77 % 74 % 77 %
RW03 409 282 259 130 1,081 786 932 691 23 13 24 11 51 32 42 18 0 0 0 0 32 23 27 17 497 304 3,377 2,307 RW03
69 % 50 % 73 % 74 % 57 % 46 % 63 % 43 % 0 % 0 % 72 % 63 % 61 % 68 %
RW04 30 24 38 28 683 565 678 536 8 5 10 6 12 7 4 1 0 0 0 0 10 4 11 8 146 105 1,630 1,289 RW04
80 % 74 % 83 % 79 % 63 % 60 % 58 % 25 % 0 % 0 % 40 % 73 % 72 % 79 %
RW05 269 180 194 112 452 332 403 280 24 14 23 13 52 24 39 14 0 0 0 0 32 20 21 9 270 165 1,779 1,163 RW05
67 % 58 % 73 % 69 % 58 % 57 % 46 % 36 % 0 % 0 % 63 % 43 % 61 % 65 %
RW06 158 104 94 53 947 714 911 686 17 14 8 5 20 13 15 11 0 0 0 0 23 16 20 12 305 203 2,518 1,831 RW06
66 % 56 % 75 % 75 % 82 % 63 % 65 % 73 % 0 % 0 % 70 % 60 % 67 % 73 %
RW07 372 254 215 113 207 118 172 102 11 4 13 6 56 23 51 27 0 0 0 0 19 8 20 8 237 132 1,373 795 RW07
68 % 53 % 57 % 59 % 36 % 46 % 41 % 53 % 0 % 0 % 42 % 40 % 56 % 58 %
RW08 38 27 28 16 943 715 654 514 14 9 14 11 18 12 11 8 0 0 0 0 15 10 18 12 181 125 1,934 1,459 RW08
71 % 57 % 76 % 79 % 64 % 79 % 67 % 73 % 0 % 0 % 67 % 67 % 69 % 75 %
RW09 40 29 61 52 1,060 845 1,001 779 16 11 17 12 16 11 18 12 0 0 0 0 15 7 18 9 231 172 2,493 1,939 RW09
73 % 85 % 80 % 78 % 69 % 71 % 69 % 67 % 0 % 0 % 47 % 50 % 74 % 78 %
RW10 67 45 44 31 1,277 1,032 1,152 901 22 11 15 13 14 8 15 6 0 0 0 0 23 16 18 8 292 208 2,939 2,279 RW10
67 % 70 % 81 % 78 % 50 % 87 % 57 % 40 % 0 % 0 % 70 % 44 % 71 % 78 %
RW11A 163 123 112 65 907 688 741 566 15 9 10 6 18 17 16 10 0 0 0 0 16 11 13 9 282 177 2,293 1,681 RW11A
75 % 58 % 76 % 76 % 60 % 60 % 94 % 63 % 0 % 0 % 69 % 69 % 63 % 73 %
RW12A 66 54 56 41 1,244 996 1,068 828 32 14 27 20 20 16 21 13 0 0 0 0 24 20 18 13 264 194 2,840 2,209 RW12A
82 % 73 % 80 % 78 % 44 % 74 % 80 % 62 % 0 % 0 % 83 % 72 % 73 % 78 %
RW12B 16 14 5 3 109 74 82 65 14 7 14 10 5 6 2 1 1 1 0 0 3 0 1 0 47 33 299 214 RW12B
88 % 60 % 68 % 79 % 50 % 71 % 120 % 50 % 100 % 0 % 0 % 0 % 70 % 72 %
RW13 134 101 95 69 1,179 945 1,110 862 19 15 19 13 30 22 32 18 0 0 0 0 37 29 38 26 302 206 2,995 2,306 RW13
75 % 73 % 80 % 78 % 79 % 68 % 73 % 56 % 0 % 0 % 78 % 68 % 68 % 77 %
RW15 64 53 55 35 1,201 946 1,128 880 19 12 10 8 12 9 15 7 0 0 0 0 31 16 16 10 270 198 2,821 2,174 RW15
83 % 64 % 79 % 78 % 63 % 80 % 75 % 47 % 0 % 0 % 52 % 63 % 73 % 77 %
RW16 46 29 51 41 624 502 595 480 18 10 20 14 13 10 7 4 0 0 0 0 10 7 14 11 173 130 1,571 1,238 RW16
63 % 80 % 80 % 81 % 56 % 70 % 77 % 57 % 0 % 0 % 70 % 79 % 75 % 79 %
RW17 210 146 146 93 868 656 722 531 11 10 15 10 32 16 25 19 0 0 0 0 39 26 19 12 293 172 2,380 1,691 RW17
70 % 64 % 76 % 74 % 91 % 67 % 50 % 76 % 0 % 0 % 67 % 63 % 59 % 71 %
RW18 53 44 42 33 866 690 734 579 16 8 19 9 13 10 10 11 0 0 0 0 21 18 23 14 206 153 2,003 1,569 RW18
83 % 79 % 80 % 79 % 50 % 47 % 77 % 110 % 0 % 0 % 86 % 61 % 74 % 78 %
RW19 55 49 54 45 711 576 653 499 40 27 25 18 11 8 9 4 0 0 0 0 18 13 17 13 180 126 1,773 1,378 RW19
89 % 83 % 81 % 76 % 68 % 72 % 73 % 44 % 0 % 0 % 72 % 76 % 70 % 78 %
RW20 103 87 76 58 902 730 793 635 29 17 25 16 15 12 7 4 0 0 0 0 28 17 19 12 262 179 2,259 1,767 RW20
84 % 76 % 81 % 80 % 59 % 64 % 80 % 57 % 0 % 0 % 61 % 63 % 68 % 78 %
RW21A 115 83 88 53 1,129 916 1,027 812 19 12 21 12 21 13 17 11 2 1 0 0 16 12 15 8 312 219 2,782 2,152 RW21A
72 % 60 % 81 % 79 % 63 % 57 % 62 % 65 % 50 % 0 % 75 % 53 % 70 % 77 %
RW21B 0 0 0 0 1 0 2 2 0 0 0 0 0 0 0 0 0 0 0 0 0 0 0 0 0 0 3 2 RW21B
0 % 0 % 0 % 100 % 0 % 0 % 0 % 0 % 0 % 0 % 0 % 0 % 0 % 67 %
RW22A 518 345 298 178 926 606 755 500 34 15 34 16 65 35 36 16 1 1 0 0 47 35 21 12 548 322 3,283 2,081 RW22A
67 % 60 % 65 % 66 % 44 % 47 % 54 % 44 % 100 % 0 % 74 % 57 % 59 % 63 %
SA 0 0 0 0 0 0 0 1 0 0 0 0 0 0 0 0 0 0 0 0 0 0 0 0 0 0 0 1 SA
0 % 0 % 0 % 0 % 0 % 0 % 0 % 0 % 0 % 0 % 0 % 0 % 0 % 0 %
SB 0 0 0 0 0 0 0 1 0 0 0 0 0 0 0 0 0 0 0 0 0 0 0 0 0 0 0 1 SB
0 % 0 % 0 % 0 % 0 % 0 % 0 % 0 % 0 % 0 % 0 % 0 % 0 % 0 %
SC 0 1 0 0 0 0 0 0 0 0 0 0 0 0 0 0 0 0 0 0 0 0 0 0 0 0 0 1 SC
0 % 0 % 0 % 0 % 0 % 0 % 0 % 0 % 0 % 0 % 0 % 0 % 0 % 0 %
SC01B 1,548 1,306 1,231 956 27 19 19 13 3 2 4 2 10 6 5 2 0 0 0 0 22 19 17 13 336 238 3,222 2,576 SC01B
84 % 78 % 70 % 68 % 67 % 50 % 60 % 40 % 0 % 0 % 86 % 76 % 71 % 80 %
SC02 583 507 497 399 9 6 5 2 2 1 0 0 0 0 2 1 0 0 0 0 3 2 2 2 105 90 1,208 1,010 SC02
87 % 80 % 67 % 40 % 50 % 0 % 0 % 50 % 0 % 0 % 67 % 100 % 86 % 84 %
SC04 167 143 148 113 217 174 199 149 1 1 1 1 2 2 4 4 0 0 0 0 8 6 3 2 66 48 816 643 SC04
86 % 76 % 80 % 75 % 100 % 100 % 100 % 100 % 0 % 0 % 75 % 67 % 73 % 79 %
SC05A 267 219 185 134 5 5 7 6 0 0 1 1 2 1 0 0 0 0 0 0 2 2 1 1 54 40 524 409 SC05A
82 % 72 % 100 % 86 % 0 % 100 % 50 % 0 % 0 % 0 % 100 % 100 % 74 % 78 %
SC05B 2,078 1,679 1,461 1,038 150 100 115 72 9 4 4 1 13 8 11 3 0 0 0 0 23 17 18 12 501 338 4,383 3,272 SC05B
81 % 71 % 67 % 63 % 44 % 25 % 62 % 27 % 0 % 0 % 74 % 67 % 67 % 75 %
SC07A 1,657 1,359 1,147 855 270 197 245 189 6 2 5 0 21 13 19 9 0 0 0 0 18 13 22 10 388 271 3,798 2,918 SC07A
82 % 75 % 73 % 77 % 33 % 0 % 62 % 47 % 0 % 0 % 72 % 45 % 70 % 77 %
SC08A 1 0 1 0 1 1 0 0 0 0 0 0 1 0 0 0 0 0 0 0 0 0 0 0 0 0 4 1 SC08A
0 % 0 % 100 % 0 % 0 % 0 % 0 % 0 % 0 % 0 % 0 % 0 % 0 % 25 %
SC08B 1,458 1,165 1,023 694 56 37 60 41 3 1 2 1 11 8 8 3 0 0 0 0 11 10 11 7 239 161 2,882 2,128 SC08B
80 % 68 % 66 % 68 % 33 % 50 % 73 % 38 % 0 % 0 % 91 % 64 % 67 % 74 %
SC08C 37 32 13 9 0 0 0 0 0 0 0 0 2 2 2 2 0 0 0 0 0 0 0 0 7 5 61 50 SC08C
86 % 69 % 0 % 0 % 0 % 0 % 100 % 100 % 0 % 0 % 0 % 0 % 71 % 82 %
SC08D 214 169 137 90 2 1 3 2 1 0 1 0 1 1 4 4 0 0 0 0 4 2 2 1 40 32 409 302 SC08D
79 % 66 % 50 % 67 % 0 % 0 % 100 % 100 % 0 % 0 % 50 % 50 % 80 % 74 %
SC08E 140 114 75 47 0 0 2 1 0 0 0 0 1 2 1 1 1 1 0 0 4 2 0 0 26 21 250 189 SC08E
81 % 63 % 0 % 50 % 0 % 0 % 200 % 100 % 100 % 0 % 50 % 0 % 81 % 76 %
SC08F 291 228 206 127 10 7 9 8 0 0 0 0 1 0 1 0 0 0 0 0 4 2 2 1 68 39 592 412 SC08F
78 % 62 % 70 % 89 % 0 % 0 % 0 % 0 % 0 % 0 % 50 % 50 % 57 % 70 %
SC09A 1,432 1,108 919 580 21 14 28 20 5 4 8 5 11 6 5 1 0 0 2 0 15 8 16 7 276 170 2,738 1,923 SC09A
77 % 63 % 67 % 71 % 80 % 63 % 55 % 20 % 0 % 0 % 53 % 44 % 62 % 70 %
SC09B 698 568 512 353 10 7 4 3 1 0 0 0 4 4 0 0 0 0 0 0 6 5 6 5 128 87 1,369 1,032 SC09B
81 % 69 % 70 % 75 % 0 % 0 % 100 % 0 % 0 % 0 % 83 % 83 % 68 % 75 %
SC10 724 484 489 263 11 6 9 6 1 1 2 0 4 5 2 1 0 0 0 0 7 3 3 2 143 80 1,395 851 SC10
67 % 54 % 55 % 67 % 100 % 0 % 125 % 50 % 0 % 0 % 43 % 67 % 56 % 61 %
SC11A 695 573 478 324 13 11 8 5 0 0 1 0 0 0 0 0 1 0 0 0 8 6 9 9 122 79 1,335 1,007 SC11A
82 % 68 % 85 % 63 % 0 % 0 % 0 % 0 % 0 % 0 % 75 % 100 % 65 % 75 %
SC11B 637 524 479 341 13 5 8 4 1 1 1 0 1 0 1 1 0 0 0 0 3 2 7 5 96 59 1,247 942 SC11B
82 % 71 % 38 % 50 % 100 % 0 % 0 % 100 % 0 % 0 % 67 % 71 % 61 % 76 %
SC13A 2,224 1,811 1,512 1,132 107 74 67 41 4 2 7 3 17 11 11 6 1 0 0 0 35 30 19 12 522 364 4,526 3,486 SC13A
81 % 75 % 69 % 61 % 50 % 43 % 65 % 55 % 0 % 0 % 86 % 63 % 70 % 77 %
SC13B 839 672 610 434 72 45 53 38 2 1 2 2 11 9 9 4 0 0 0 0 10 8 4 2 199 138 1,811 1,353 SC13B
80 % 71 % 63 % 72 % 50 % 100 % 82 % 44 % 0 % 0 % 80 % 50 % 69 % 75 %
SC14 384 269 345 200 9 2 13 7 6 2 2 2 1 0 2 1 0 0 0 0 7 6 3 2 136 65 908 556 SC14
70 % 58 % 22 % 54 % 33 % 100 % 0 % 50 % 0 % 0 % 86 % 67 % 48 % 61 %
SC16 1,827 1,495 1,245 921 19 14 15 11 0 0 2 0 6 2 3 3 0 0 0 0 25 14 9 7 361 246 3,512 2,713 SC16
82 % 74 % 74 % 73 % 0 % 0 % 33 % 100 % 0 % 0 % 56 % 78 % 68 % 77 %
SC17A 26 20 11 5 1 0 1 0 0 0 0 0 0 0 0 0 0 0 0 0 0 0 0 0 5 2 44 27 SC17A
77 % 45 % 0 % 0 % 0 % 0 % 0 % 0 % 0 % 0 % 0 % 0 % 40 % 61 %
SC17C 538 399 357 241 20 10 19 11 0 0 0 0 3 2 2 2 0 0 0 0 6 3 2 1 101 59 1,048 728 SC17C
74 % 68 % 50 % 58 % 0 % 0 % 67 % 100 % 0 % 0 % 50 % 50 % 58 % 69 %
SC18A 226 190 92 71 4 3 3 2 2 2 0 0 2 2 0 0 0 0 0 0 5 4 1 0 58 33 393 307 SC18A
84 % 77 % 75 % 67 % 100 % 0 % 100 % 0 % 0 % 0 % 80 % 0 % 57 % 78 %
SC18B 1,786 1,524 1,404 1,077 58 32 50 38 4 2 4 2 8 4 3 1 0 0 0 0 28 18 14 6 394 300 3,753 3,004 SC18B
85 % 77 % 55 % 76 % 50 % 50 % 50 % 33 % 0 % 0 % 64 % 43 % 76 % 80 %
SC19A 66 59 46 30 2 2 0 0 0 0 0 0 0 0 0 0 0 0 0 0 2 1 0 0 10 7 126 99 SC19A
89 % 65 % 100 % 0 % 0 % 0 % 0 % 0 % 0 % 0 % 50 % 0 % 70 % 79 %
SC19B 629 456 442 269 19 13 19 10 0 0 0 0 4 1 2 1 0 0 0 0 4 3 5 2 109 52 1,233 807 SC19B
72 % 61 % 68 % 53 % 0 % 0 % 25 % 50 % 0 % 0 % 75 % 40 % 48 % 65 %
SC211 390 304 240 174 16 8 14 8 0 0 0 0 6 2 1 0 0 0 0 0 5 5 3 1 118 77 793 579 SC211
78 % 73 % 50 % 57 % 0 % 0 % 33 % 0 % 0 % 0 % 100 % 33 % 65 % 73 %
SC212 994 770 630 411 87 54 79 44 2 2 8 4 21 13 16 5 0 0 0 0 15 12 14 9 278 189 2,144 1,513 SC212
77 % 65 % 62 % 56 % 100 % 50 % 62 % 31 % 0 % 0 % 80 % 64 % 68 % 71 %
SC23A 2,152 1,702 1,431 966 40 32 44 27 6 3 7 3 14 9 11 7 0 0 0 0 19 11 14 7 406 276 4,144 3,043 SC23A
79 % 68 % 80 % 61 % 50 % 43 % 64 % 64 % 0 % 0 % 58 % 50 % 68 % 73 %
SC23B 209 170 136 98 13 9 11 6 0 0 0 0 1 0 0 0 0 0 0 0 2 1 3 1 41 30 416 315 SC23B
81 % 72 % 69 % 55 % 0 % 0 % 0 % 0 % 0 % 0 % 50 % 33 % 73 % 76 %
SC27 965 801 691 490 18 9 18 12 1 0 2 0 2 1 1 0 0 0 0 0 8 5 12 9 157 105 1,875 1,432 SC27
83 % 71 % 50 % 67 % 0 % 0 % 50 % 0 % 0 % 0 % 63 % 75 % 67 % 76 %
SC29A 1,234 1,008 872 608 27 16 15 11 1 0 1 0 2 1 6 1 0 0 0 0 9 4 9 5 182 121 2,358 1,775 SC29A
82 % 70 % 59 % 73 % 0 % 0 % 50 % 17 % 0 % 0 % 44 % 56 % 66 % 75 %
SC29B 63 55 55 29 0 0 2 2 0 0 0 0 1 1 0 0 0 0 0 0 1 0 2 0 10 6 134 93 SC29B
87 % 53 % 0 % 100 % 0 % 0 % 100 % 0 % 0 % 0 % 0 % 0 % 60 % 69 %
SC30A 86 51 38 25 2 1 1 0 1 1 1 0 0 0 0 0 0 0 0 0 2 2 0 0 10 7 141 87 SC30A
59 % 66 % 50 % 0 % 100 % 0 % 0 % 0 % 0 % 0 % 100 % 0 % 70 % 62 %
SC30B 574 417 377 260 14 10 4 3 1 1 2 1 0 0 0 0 0 0 0 0 5 3 7 5 155 112 1,139 812 SC30B
73 % 69 % 71 % 75 % 100 % 50 % 0 % 0 % 0 % 0 % 60 % 71 % 72 % 71 %
SE 0 0 0 0 0 1 0 0 0 0 0 0 0 0 0 0 0 0 0 0 0 0 0 0 0 1 0 2 SE
0 % 0 % 0 % 0 % 0 % 0 % 0 % 0 % 0 % 0 % 0 % 0 % 0 % 0 %
SG 0 0 0 2 0 0 0 0 0 0 0 0 0 0 0 0 0 0 0 0 0 0 0 0 0 0 0 2 SG
0 % 0 % 0 % 0 % 0 % 0 % 0 % 0 % 0 % 0 % 0 % 0 % 0 % 0 %
SI 0 0 0 3 0 0 0 0 0 0 0 0 0 0 0 0 0 0 0 0 0 0 0 0 0 0 0 3 SI
0 % 0 % 0 % 0 % 0 % 0 % 0 % 0 % 0 % 0 % 0 % 0 % 0 % 0 %
SJ 0 2 0 0 0 0 0 0 0 0 0 0 0 0 0 0 0 0 0 0 0 0 0 0 0 0 0 2 SJ
0 % 0 % 0 % 0 % 0 % 0 % 0 % 0 % 0 % 0 % 0 % 0 % 0 % 0 %
SM 0 1 0 1 0 0 0 0 0 0 0 0 0 0 0 0 0 0 0 0 0 0 0 0 0 0 0 2 SM
0 % 0 % 0 % 0 % 0 % 0 % 0 % 0 % 0 % 0 % 0 % 0 % 0 % 0 %
SM03 0 0 0 0 0 0 0 0 0 0 0 0 0 1 0 1 0 0 0 0 0 0 0 0 0 0 0 2 SM03
0 % 0 % 0 % 0 % 0 % 0 % 0 % 0 % 0 % 0 % 0 % 0 % 0 % 0 %
SN1A 0 0 0 1 0 0 0 1 0 0 0 0 0 0 0 0 0 0 0 0 0 0 0 0 0 0 0 2 SN1A
0 % 0 % 0 % 0 % 0 % 0 % 0 % 0 % 0 % 0 % 0 % 0 % 0 % 0 %
SN6A 0 2 0 0 0 1 0 1 0 0 0 0 0 0 0 0 0 0 0 0 0 0 0 0 0 0 0 4 SN6A
0 % 0 % 0 % 0 % 0 % 0 % 0 % 0 % 0 % 0 % 0 % 0 % 0 % 0 %
SO 0 1 0 0 0 0 0 0 0 0 0 0 0 0 0 0 0 0 0 0 0 0 0 0 0 0 0 1 SO
0 % 0 % 0 % 0 % 0 % 0 % 0 % 0 % 0 % 0 % 0 % 0 % 0 % 0 %
SO01 0 0 0 0 0 1 0 0 0 0 0 0 0 0 0 0 0 0 0 0 0 0 0 0 0 0 0 1 SO01
0 % 0 % 0 % 0 % 0 % 0 % 0 % 0 % 0 % 0 % 0 % 0 % 0 % 0 %
SO02 0 0 0 0 0 0 0 0 0 0 0 0 0 0 0 0 0 0 0 0 0 0 0 0 0 1 0 1 SO02
0 % 0 % 0 % 0 % 0 % 0 % 0 % 0 % 0 % 0 % 0 % 0 % 0 % 0 %
SO03 0 1 0 0 0 0 0 0 0 0 0 0 0 0 0 0 0 0 0 0 0 0 0 0 0 0 0 1 SO03
0 % 0 % 0 % 0 % 0 % 0 % 0 % 0 % 0 % 0 % 0 % 0 % 0 % 0 %
SP 0 1 0 0 0 0 0 0 0 0 0 0 0 0 0 0 0 0 0 0 0 0 0 0 0 0 0 1 SP
0 % 0 % 0 % 0 % 0 % 0 % 0 % 0 % 0 % 0 % 0 % 0 % 0 % 0 %
SS01 38 32 38 23 1,154 948 1,091 888 13 9 18 10 11 8 16 11 0 0 0 0 18 12 22 16 246 172 2,665 2,129 SS01
84 % 61 % 82 % 81 % 69 % 56 % 73 % 69 % 0 % 0 % 67 % 73 % 70 % 80 %
SS02A 105 69 66 42 360 287 336 270 3 2 2 1 3 3 3 0 0 0 0 0 9 3 7 5 127 88 1,021 770 SS02A
66 % 64 % 80 % 80 % 67 % 50 % 100 % 0 % 0 % 0 % 33 % 71 % 69 % 75 %
SS02B 216 156 138 88 280 215 197 147 9 8 6 6 20 13 18 11 0 0 1 0 13 5 0 1 141 96 1,039 746 SS02B
72 % 64 % 77 % 75 % 89 % 100 % 65 % 61 % 0 % 0 % 38 % 0 % 68 % 72 %
SS03 63 50 52 22 511 404 415 321 8 7 9 5 9 8 10 4 0 0 0 0 6 3 6 5 163 112 1,252 941 SS03
79 % 42 % 79 % 77 % 88 % 56 % 89 % 40 % 0 % 0 % 50 % 83 % 69 % 75 %
SS04 335 223 234 123 721 526 525 390 26 13 11 8 35 22 20 13 1 1 0 0 34 17 21 10 353 197 2,316 1,543 SS04
67 % 53 % 73 % 74 % 50 % 73 % 63 % 65 % 100 % 0 % 50 % 48 % 56 % 67 %
SS05 20 18 22 14 745 605 678 545 3 2 1 0 9 5 4 1 0 0 0 0 13 8 10 5 152 110 1,657 1,313 SS05
90 % 64 % 81 % 80 % 67 % 0 % 56 % 25 % 0 % 0 % 62 % 50 % 72 % 79 %
SS06 15 11 7 4 548 450 489 402 5 4 5 3 5 5 7 3 0 0 0 0 6 4 6 3 104 76 1,197 965 SS06
73 % 57 % 82 % 82 % 80 % 60 % 100 % 43 % 0 % 0 % 67 % 50 % 73 % 81 %
SS07 0 0 0 0 0 0 0 1 0 0 0 0 0 0 0 0 0 0 0 0 0 0 0 0 0 0 0 1 SS07
0 % 0 % 0 % 0 % 0 % 0 % 0 % 0 % 0 % 0 % 0 % 0 % 0 % 0 %
SS07A 13 7 14 8 428 308 260 183 6 3 9 5 3 0 5 4 0 0 0 0 5 2 3 2 90 56 836 578 SS07A
54 % 57 % 72 % 70 % 50 % 56 % 0 % 80 % 0 % 0 % 40 % 67 % 62 % 69 %
SS07B 14 10 15 6 170 126 144 109 0 0 2 0 3 3 2 1 0 0 0 0 1 0 4 4 38 24 393 283 SS07B
71 % 40 % 74 % 76 % 0 % 0 % 100 % 50 % 0 % 0 % 0 % 100 % 63 % 72 %
SS07C 23 13 20 8 343 212 174 124 2 1 1 1 5 3 3 1 0 0 0 0 7 2 3 3 79 48 660 416 SS07C
57 % 40 % 62 % 71 % 50 % 100 % 60 % 33 % 0 % 0 % 29 % 100 % 61 % 63 %
SS08A 201 154 134 85 539 379 430 298 15 8 22 7 23 14 16 7 1 1 0 0 26 16 18 12 305 188 1,730 1,169 SS08A
77 % 63 % 70 % 69 % 53 % 32 % 61 % 44 % 100 % 0 % 62 % 67 % 62 % 68 %
SS08B 23 21 15 9 245 200 203 158 4 2 2 2 6 5 3 2 0 0 0 0 4 2 2 2 67 53 574 456 SS08B
91 % 60 % 82 % 78 % 50 % 100 % 83 % 67 % 0 % 0 % 50 % 100 % 79 % 79 %
SS08C 47 39 26 19 152 119 127 93 12 9 7 7 6 3 4 3 0 0 0 0 9 1 2 1 77 46 469 340 SS08C
83 % 73 % 78 % 73 % 75 % 100 % 50 % 75 % 0 % 0 % 11 % 50 % 60 % 72 %
SS09 51 38 44 37 1,073 826 1,004 740 19 13 10 3 15 11 9 5 0 0 0 0 9 3 13 10 263 195 2,510 1,881 SS09
75 % 84 % 77 % 74 % 68 % 30 % 73 % 56 % 0 % 0 % 33 % 77 % 74 % 75 %
SS10 42 30 40 31 1,328 1,035 1,217 966 21 12 21 14 6 4 12 5 0 0 0 0 23 18 20 14 302 209 3,032 2,338 SS10
71 % 78 % 78 % 79 % 57 % 67 % 67 % 42 % 0 % 0 % 78 % 70 % 69 % 77 %
SS11A 336 245 205 128 832 658 747 556 18 13 14 6 29 19 29 14 0 0 0 0 24 13 21 11 460 292 2,715 1,955 SS11A
73 % 62 % 79 % 74 % 72 % 43 % 66 % 48 % 0 % 0 % 54 % 52 % 63 % 72 %
SS11B 111 92 72 52 317 223 277 188 17 9 9 4 17 4 24 11 0 0 0 0 13 5 6 4 163 103 1,026 695 SS11B
83 % 72 % 70 % 68 % 53 % 44 % 24 % 46 % 0 % 0 % 38 % 67 % 63 % 68 %
SS11C 79 59 63 40 47 44 51 31 3 2 2 1 11 4 5 3 0 0 0 0 7 5 2 2 58 39 328 230 SS11C
75 % 63 % 94 % 61 % 67 % 50 % 36 % 60 % 0 % 0 % 71 % 100 % 67 % 70 %
SS11D 6 6 3 3 121 102 101 71 2 2 1 0 0 0 2 2 0 0 0 0 1 1 6 5 30 23 273 215 SS11D
100 % 100 % 84 % 70 % 100 % 0 % 0 % 100 % 0 % 0 % 100 % 83 % 77 % 79 %
SS12 82 60 60 42 948 706 824 620 20 18 15 9 14 9 10 6 1 1 0 0 24 17 19 14 268 185 2,285 1,687 SS12
73 % 70 % 74 % 75 % 90 % 60 % 64 % 60 % 100 % 0 % 71 % 74 % 69 % 74 %
SS13A 204 145 130 79 608 450 499 375 10 5 9 5 22 13 17 4 0 0 0 0 22 14 14 6 272 181 1,807 1,277 SS13A
71 % 61 % 74 % 75 % 50 % 56 % 59 % 24 % 0 % 0 % 64 % 43 % 67 % 71 %
SS13B 50 36 45 22 125 94 128 89 3 2 3 2 17 9 9 4 0 0 0 0 2 1 10 6 63 35 455 300 SS13B
72 % 49 % 75 % 70 % 67 % 67 % 53 % 44 % 0 % 0 % 50 % 60 % 56 % 66 %
SS14 10 9 13 11 508 424 499 396 4 4 7 4 5 5 5 3 0 0 0 0 7 5 5 4 120 97 1,183 962 SS14
90 % 85 % 83 % 79 % 100 % 57 % 100 % 60 % 0 % 0 % 71 % 80 % 81 % 81 %
SS15A 631 378 382 193 269 131 206 119 10 5 6 4 36 18 22 5 0 0 0 0 25 13 14 8 338 147 1,939 1,021 SS15A
60 % 51 % 49 % 58 % 50 % 67 % 50 % 23 % 0 % 0 % 52 % 57 % 43 % 53 %
SS15B 278 206 175 116 398 264 312 204 7 6 5 3 18 9 7 4 0 0 0 0 22 10 10 4 237 145 1,469 971 SS15B
74 % 66 % 66 % 65 % 86 % 60 % 50 % 57 % 0 % 0 % 45 % 40 % 61 % 66 %
SS16 14 13 19 16 881 729 834 665 14 8 10 5 11 6 6 3 0 0 0 0 12 8 12 8 166 118 1,979 1,579 SS16
93 % 84 % 83 % 80 % 57 % 50 % 55 % 50 % 0 % 0 % 67 % 67 % 71 % 80 %
SS17 293 209 188 114 1,113 856 966 726 24 14 18 11 25 17 17 8 1 1 0 0 32 17 19 11 381 253 3,077 2,237 SS17
71 % 61 % 77 % 75 % 58 % 61 % 68 % 47 % 100 % 0 % 53 % 58 % 66 % 73 %
SS18A 10 8 6 4 258 214 218 174 7 6 6 3 2 1 3 1 0 0 0 0 4 4 3 2 60 48 577 465 SS18A
80 % 67 % 83 % 80 % 86 % 50 % 50 % 33 % 0 % 0 % 100 % 67 % 80 % 81 %
SS18B 4 4 3 2 87 74 82 67 3 2 2 2 3 3 0 0 0 0 0 0 0 0 1 1 24 17 209 172 SS18B
100 % 67 % 85 % 82 % 67 % 100 % 100 % 0 % 0 % 0 % 0 % 100 % 71 % 82 %
SS19A 563 399 347 220 528 354 447 300 19 12 16 9 28 17 18 10 0 0 0 0 25 14 22 9 445 256 2,458 1,600 SS19A
71 % 63 % 67 % 67 % 63 % 56 % 61 % 56 % 0 % 0 % 56 % 41 % 58 % 65 %
SS19B 349 241 227 136 443 320 392 292 23 9 24 12 23 12 13 8 0 0 0 0 34 16 13 6 285 170 1,826 1,222 SS19B
69 % 60 % 72 % 74 % 39 % 50 % 52 % 62 % 0 % 0 % 47 % 46 % 60 % 67 %
SS20 261 202 203 127 392 295 366 282 18 10 18 10 21 8 9 6 0 0 0 0 23 15 17 9 241 153 1,569 1,117 SS20
77 % 63 % 75 % 77 % 56 % 56 % 38 % 67 % 0 % 0 % 65 % 53 % 63 % 71 %
SS22 338 212 237 128 774 543 614 450 17 10 9 9 24 14 14 7 1 1 0 0 27 17 21 9 325 206 2,401 1,606 SS22
63 % 54 % 70 % 73 % 59 % 100 % 58 % 50 % 100 % 0 % 63 % 43 % 63 % 67 %
SS25 56 32 35 25 541 430 485 372 12 4 15 7 8 6 8 5 0 0 0 0 16 9 11 8 135 83 1,322 981 SS25
57 % 71 % 79 % 77 % 33 % 47 % 75 % 63 % 0 % 0 % 56 % 73 % 61 % 74 %
SS26 758 593 443 291 430 279 320 208 22 13 13 8 37 21 19 13 0 0 1 0 44 31 37 24 497 317 2,621 1,798 SS26
78 % 66 % 65 % 65 % 59 % 62 % 57 % 68 % 0 % 0 % 70 % 65 % 64 % 69 %
SS29A 223 134 160 92 849 618 749 519 31 19 34 20 29 25 14 8 1 1 0 0 28 11 26 17 349 185 2,493 1,649 SS29A
60 % 58 % 73 % 69 % 61 % 59 % 86 % 57 % 100 % 0 % 39 % 65 % 53 % 66 %
SS29B 3 2 1 0 2 1 2 1 0 0 0 0 0 0 0 0 0 0 0 0 2 1 0 0 0 0 10 5 SS29B
67 % 0 % 50 % 50 % 0 % 0 % 0 % 0 % 0 % 0 % 50 % 0 % 0 % 50 %
SS31 48 38 26 17 416 322 338 249 11 7 9 6 4 3 3 2 0 0 0 0 6 3 6 4 102 67 969 718 SS31
79 % 65 % 77 % 74 % 64 % 67 % 75 % 67 % 0 % 0 % 50 % 67 % 66 % 74 %
SU 0 0 0 1 0 0 0 0 0 0 0 0 0 0 0 0 0 0 0 0 0 0 0 0 0 0 0 1 SU
0 % 0 % 0 % 0 % 0 % 0 % 0 % 0 % 0 % 0 % 0 % 0 % 0 % 0 %
SW02 0 1 0 0 0 0 0 0 0 0 0 0 0 0 0 0 0 0 0 0 0 0 0 0 0 0 0 1 SW02
0 % 0 % 0 % 0 % 0 % 0 % 0 % 0 % 0 % 0 % 0 % 0 % 0 % 0 %
TA 0 2 0 0 0 1 0 0 0 0 0 0 0 0 0 0 0 0 0 0 0 0 0 0 0 0 0 3 TA
0 % 0 % 0 % 0 % 0 % 0 % 0 % 0 % 0 % 0 % 0 % 0 % 0 % 0 %
TM01 0 0 0 0 0 0 0 0 0 0 0 0 0 0 0 0 0 0 0 0 0 1 0 0 0 0 0 1 TM01
0 % 0 % 0 % 0 % 0 % 0 % 0 % 0 % 0 % 0 % 0 % 0 % 0 % 0 %
TT01 0 0 0 0 0 0 0 1 0 0 0 0 0 0 0 0 0 0 0 0 0 0 0 0 0 0 0 1 TT01
0 % 0 % 0 % 0 % 0 % 0 % 0 % 0 % 0 % 0 % 0 % 0 % 0 % 0 %
UC01A 1,605 1,180 1,029 601 43 29 35 17 1 0 1 0 8 4 7 2 0 0 0 0 18 12 9 3 333 195 3,089 2,043 UC01A
74 % 58 % 67 % 49 % 0 % 0 % 50 % 29 % 0 % 0 % 67 % 33 % 59 % 66 %
UC01B 122 92 63 32 4 1 2 1 0 0 0 0 1 1 1 0 0 0 0 0 2 2 0 0 36 20 231 149 UC01B
75 % 51 % 25 % 50 % 0 % 0 % 100 % 0 % 0 % 0 % 100 % 0 % 56 % 65 %
UC02A 2,826 2,189 1,710 1,087 139 84 116 64 5 4 7 1 29 18 29 10 0 0 0 0 33 21 25 10 583 374 5,502 3,862 UC02A
77 % 64 % 60 % 55 % 80 % 14 % 62 % 34 % 0 % 0 % 64 % 40 % 64 % 70 %
UC02B 0 0 0 0 1 0 1 0 0 0 0 0 1 1 0 0 0 0 0 0 0 0 0 0 0 0 3 1 UC02B
0 % 0 % 0 % 0 % 0 % 0 % 100 % 0 % 0 % 0 % 0 % 0 % 0 % 33 %
UC031 629 443 364 209 133 94 53 39 2 1 1 1 4 4 4 3 0 0 0 0 3 2 3 1 141 88 1,337 885 UC031
70 % 57 % 71 % 74 % 50 % 100 % 100 % 75 % 0 % 0 % 67 % 33 % 62 % 66 %
UC032 157 111 64 38 228 153 84 61 2 1 3 2 0 0 0 0 0 0 0 0 3 1 0 0 52 36 593 403 UC032
71 % 59 % 67 % 73 % 50 % 67 % 0 % 0 % 0 % 0 % 33 % 0 % 69 % 68 %
UC033 17 12 10 5 2 2 1 1 0 0 0 0 0 0 0 0 0 0 0 0 0 0 0 0 5 3 35 23 UC033
71 % 50 % 100 % 100 % 0 % 0 % 0 % 0 % 0 % 0 % 0 % 0 % 60 % 66 %
VG02 0 0 0 2 0 1 0 0 0 0 0 0 0 0 0 0 0 0 0 0 0 0 0 0 0 0 0 3 VG02
0 % 0 % 0 % 0 % 0 % 0 % 0 % 0 % 0 % 0 % 0 % 0 % 0 % 0 %
VG04 0 0 0 0 0 1 0 0 0 0 0 0 0 0 0 0 0 0 0 0 0 0 0 0 0 0 0 1 VG04
0 % 0 % 0 % 0 % 0 % 0 % 0 % 0 % 0 % 0 % 0 % 0 % 0 % 0 %
WA 0 1 0 0 0 0 0 0 0 0 0 0 0 0 0 0 0 0 0 0 0 0 0 0 0 0 0 1 WA
0 % 0 % 0 % 0 % 0 % 0 % 0 % 0 % 0 % 0 % 0 % 0 % 0 % 0 %
WB 0 1 0 0 0 0 0 0 0 0 0 0 0 0 0 0 0 0 0 0 0 0 0 0 0 0 0 1 WB
0 % 0 % 0 % 0 % 0 % 0 % 0 % 0 % 0 % 0 % 0 % 0 % 0 % 0 %
WD 0 1 0 0 0 0 0 0 0 0 0 0 0 0 0 0 0 0 0 0 0 0 0 0 0 0 0 1 WD
0 % 0 % 0 % 0 % 0 % 0 % 0 % 0 % 0 % 0 % 0 % 0 % 0 % 0 %
WE 0 0 0 1 0 0 0 0 0 0 0 0 0 0 0 0 0 0 0 0 0 0 0 0 0 0 0 1 WE
0 % 0 % 0 % 0 % 0 % 0 % 0 % 0 % 0 % 0 % 0 % 0 % 0 % 0 %
WJ 0 1 0 2 0 0 0 1 0 0 0 0 0 0 0 0 0 0 0 0 0 0 0 0 0 1 0 5 WJ
0 % 0 % 0 % 0 % 0 % 0 % 0 % 0 % 0 % 0 % 0 % 0 % 0 % 0 %
WN 0 0 0 1 0 0 0 0 0 0 0 0 0 0 0 0 0 0 0 0 0 0 0 0 0 0 0 1 WN
0 % 0 % 0 % 0 % 0 % 0 % 0 % 0 % 0 % 0 % 0 % 0 % 0 % 0 %
0014 0 1 0 0 0 0 0 0 0 0 0 0 0 0 0 0 0 0 0 0 0 0 0 0 0 0 0 1 0014
0 % 0 % 0 % 0 % 0 % 0 % 0 % 0 % 0 % 0 % 0 % 0 % 0 % 0 %
003 0 0 0 1 0 0 0 0 0 0 0 0 0 0 0 0 0 0 0 0 0 0 0 0 0 0 0 1 003
0 % 0 % 0 % 0 % 0 % 0 % 0 % 0 % 0 % 0 % 0 % 0 % 0 % 0 %
005 0 0 0 0 0 0 0 1 0 0 0 0 0 0 0 0 0 0 0 0 0 0 0 0 0 0 0 1 005
0 % 0 % 0 % 0 % 0 % 0 % 0 % 0 % 0 % 0 % 0 % 0 % 0 % 0 %
007 0 1 0 1 0 0 0 0 0 0 0 0 0 0 0 0 0 0 0 0 0 0 0 0 0 0 0 2 007
0 % 0 % 0 % 0 % 0 % 0 % 0 % 0 % 0 % 0 % 0 % 0 % 0 % 0 %
01 0 0 0 0 0 1 0 0 0 1 0 0 0 0 0 0 0 0 0 0 0 0 0 0 0 0 0 2 01
0 % 0 % 0 % 0 % 0 % 0 % 0 % 0 % 0 % 0 % 0 % 0 % 0 % 0 %
01A 401 310 298 191 680 480 706 500 20 16 4 3 18 11 23 13 0 0 0 0 28 21 22 13 395 253 2,595 1,811 01A
77 % 64 % 71 % 71 % 80 % 75 % 61 % 57 % 0 % 0 % 75 % 59 % 64 % 70 %
01B 397 303 316 192 919 708 952 717 15 12 16 8 32 27 22 12 0 0 0 0 35 28 30 22 469 308 3,203 2,337 01B
76 % 61 % 77 % 75 % 80 % 50 % 84 % 55 % 0 % 0 % 80 % 73 % 66 % 73 %
01C1 403 279 301 166 31 20 32 15 1 1 0 0 3 2 7 4 1 1 0 0 3 2 6 3 153 84 941 577 01C1
69 % 55 % 65 % 47 % 100 % 0 % 67 % 57 % 100 % 0 % 67 % 50 % 55 % 61 %
01C2 0 1 1 1 0 0 0 0 0 0 0 0 0 0 0 0 0 0 0 0 0 0 0 0 0 0 1 2 01C2
0 % 100 % 0 % 0 % 0 % 0 % 0 % 0 % 0 % 0 % 0 % 0 % 0 % 200 %
01D 351 249 233 148 45 32 71 56 3 1 2 2 3 2 2 1 0 0 0 0 4 2 9 4 131 91 854 588 01D
71 % 64 % 71 % 79 % 33 % 100 % 67 % 50 % 0 % 0 % 50 % 44 % 69 % 69 %
01E 286 227 215 133 679 522 746 560 10 5 9 6 15 10 11 6 1 1 0 0 23 16 14 8 356 244 2,365 1,738 01E
79 % 62 % 77 % 75 % 50 % 67 % 67 % 55 % 100 % 0 % 70 % 57 % 69 % 73 %
01F 352 229 327 147 15 8 25 10 2 2 0 0 4 3 1 0 0 0 0 0 5 1 0 0 132 70 863 470 01F
65 % 45 % 53 % 40 % 100 % 0 % 75 % 0 % 0 % 0 % 20 % 0 % 53 % 54 %
01G 625 456 458 237 91 57 120 78 9 4 7 2 5 3 4 2 1 1 0 0 12 11 12 9 274 148 1,618 1,008 01G
73 % 52 % 63 % 65 % 44 % 29 % 60 % 50 % 100 % 0 % 92 % 75 % 54 % 62 %
01J 936 657 613 323 58 41 57 45 1 0 1 1 1 0 2 0 0 0 1 1 10 5 12 6 317 188 2,009 1,267 01J
70 % 53 % 71 % 79 % 0 % 100 % 0 % 0 % 0 % 100 % 50 % 50 % 59 % 63 %
01P 512 377 354 194 4 2 10 9 0 0 0 0 3 0 2 2 0 0 0 0 5 1 0 1 126 66 1,016 652 01P
74 % 55 % 50 % 90 % 0 % 0 % 0 % 100 % 0 % 0 % 20 % 0 % 52 % 64 %
01R 608 422 305 155 3 2 5 2 0 0 0 0 0 0 0 0 0 0 0 0 1 1 1 0 162 83 1,085 665 01R
69 % 51 % 67 % 40 % 0 % 0 % 0 % 0 % 0 % 0 % 100 % 0 % 51 % 61 %
01S 681 485 484 280 21 11 16 11 2 1 1 0 1 0 1 0 0 0 0 0 4 3 6 2 219 125 1,436 918 01S
71 % 58 % 52 % 69 % 50 % 0 % 0 % 0 % 0 % 0 % 75 % 33 % 57 % 64 %
01T 416 247 318 150 95 69 143 106 1 3 1 1 21 11 19 8 0 0 0 0 10 7 8 7 188 104 1,220 713 01T
59 % 47 % 73 % 74 % 300 % 100 % 52 % 42 % 0 % 0 % 70 % 88 % 55 % 58 %
010 0 0 0 0 0 0 0 1 0 0 0 0 0 0 0 0 0 0 0 0 0 0 0 0 0 0 0 1 010
0 % 0 % 0 % 0 % 0 % 0 % 0 % 0 % 0 % 0 % 0 % 0 % 0 % 0 %
016 0 0 0 0 0 1 0 0 0 0 0 0 0 0 0 0 0 0 0 0 0 0 0 0 0 1 0 2 016
0 % 0 % 0 % 0 % 0 % 0 % 0 % 0 % 0 % 0 % 0 % 0 % 0 % 0 %
02 0 2 0 2 0 2 0 0 0 0 0 0 0 0 0 0 0 0 0 0 0 0 0 0 0 0 0 6 02
0 % 0 % 0 % 0 % 0 % 0 % 0 % 0 % 0 % 0 % 0 % 0 % 0 % 0 %
02A 467 370 590 278 110 72 177 97 5 4 12 3 6 4 12 4 0 0 2 0 19 16 16 11 215 130 1,631 989 02A
79 % 47 % 65 % 55 % 80 % 25 % 67 % 33 % 0 % 0 % 84 % 69 % 60 % 61 %
02B 547 250 1,393 338 238 125 464 224 23 15 20 9 21 11 22 10 3 1 1 0 21 3 40 11 545 183 3,338 1,180 02B
46 % 24 % 53 % 48 % 65 % 45 % 52 % 45 % 33 % 0 % 14 % 28 % 34 % 35 %
02C 299 223 308 212 211 139 336 242 16 3 15 7 12 10 13 9 0 0 0 0 15 9 14 11 291 184 1,530 1,049 02C
75 % 69 % 66 % 72 % 19 % 47 % 83 % 69 % 0 % 0 % 60 % 79 % 63 % 69 %
02D 903 643 631 392 419 276 555 393 18 13 17 8 22 12 20 11 2 2 0 0 29 16 26 13 518 313 3,160 2,092 02D
71 % 62 % 66 % 71 % 72 % 47 % 55 % 55 % 100 % 0 % 55 % 50 % 60 % 66 %
02E 53 40 59 41 624 454 607 435 13 7 13 10 16 14 6 3 1 0 0 0 11 7 15 9 244 147 1,662 1,167 02E
75 % 69 % 73 % 72 % 54 % 77 % 88 % 50 % 0 % 0 % 64 % 60 % 60 % 70 %
02F1 147 107 108 59 790 537 832 550 30 16 17 13 19 16 7 5 0 0 0 0 32 22 27 15 419 252 2,428 1,592 02F1
73 % 55 % 68 % 66 % 53 % 76 % 84 % 71 % 0 % 0 % 69 % 56 % 60 % 66 %
02F2 126 94 74 39 91 52 127 80 2 0 5 3 5 1 6 3 0 0 0 0 6 2 7 6 92 51 541 331 02F2
75 % 53 % 57 % 63 % 0 % 60 % 20 % 50 % 0 % 0 % 33 % 86 % 55 % 61 %
02G 253 167 256 158 702 460 679 431 25 12 16 8 27 15 18 13 0 0 0 0 28 15 13 6 501 302 2,518 1,587 02G
66 % 62 % 66 % 63 % 48 % 50 % 56 % 72 % 0 % 0 % 54 % 46 % 60 % 63 %
02J 248 118 575 212 295 137 336 161 15 4 15 6 14 10 14 5 0 0 0 0 19 10 23 7 253 93 1,807 763 02J
48 % 37 % 46 % 48 % 27 % 40 % 71 % 36 % 0 % 0 % 53 % 30 % 37 % 42 %
02L1 360 245 362 237 1,028 640 1,591 1,029 65 31 72 32 35 22 56 29 0 0 1 0 44 22 46 29 835 472 4,495 2,788 02L1
68 % 65 % 62 % 65 % 48 % 44 % 63 % 52 % 0 % 0 % 50 % 63 % 57 % 62 %
02L2 52 26 49 22 124 78 260 178 20 10 21 10 5 1 12 5 0 0 0 0 9 6 14 7 141 81 707 424 02L2
50 % 45 % 63 % 68 % 50 % 48 % 20 % 42 % 0 % 0 % 67 % 50 % 57 % 60 %
02S 757 528 649 390 234 130 250 156 14 4 7 3 24 9 15 5 0 0 0 0 31 19 30 17 363 198 2,374 1,459 02S
70 % 60 % 56 % 62 % 29 % 43 % 38 % 33 % 0 % 0 % 61 % 57 % 55 % 61 %
02W 260 177 230 129 291 159 397 233 30 20 39 14 21 11 23 11 1 1 0 0 21 13 20 9 344 179 1,677 956 02W
68 % 56 % 55 % 59 % 67 % 36 % 52 % 48 % 100 % 0 % 62 % 45 % 52 % 57 %
02X 103 52 132 54 267 126 502 204 44 19 123 40 20 6 33 13 0 0 0 0 18 7 23 13 192 68 1,457 602 02X
50 % 41 % 47 % 41 % 43 % 33 % 30 % 39 % 0 % 0 % 39 % 57 % 35 % 41 %
020 0 0 0 0 0 1 0 0 0 0 0 0 0 0 0 0 0 0 0 0 0 0 0 0 0 0 0 1 020
0 % 0 % 0 % 0 % 0 % 0 % 0 % 0 % 0 % 0 % 0 % 0 % 0 % 0 %
021 0 1 0 0 0 0 0 0 0 0 0 0 0 0 0 0 0 0 0 0 0 0 0 0 0 0 0 1 021
0 % 0 % 0 % 0 % 0 % 0 % 0 % 0 % 0 % 0 % 0 % 0 % 0 % 0 %
026 0 0 0 0 0 1 0 0 0 0 0 0 0 0 0 0 0 0 0 0 0 0 0 0 0 0 0 1 026
0 % 0 % 0 % 0 % 0 % 0 % 0 % 0 % 0 % 0 % 0 % 0 % 0 % 0 %
03 0 1 0 0 0 0 0 1 0 0 0 0 0 0 0 0 0 0 0 0 0 0 0 0 0 0 0 2 03
0 % 0 % 0 % 0 % 0 % 0 % 0 % 0 % 0 % 0 % 0 % 0 % 0 % 0 %
03A 934 558 548 309 18 3 10 2 2 0 2 2 10 1 0 0 0 0 0 0 15 8 8 1 263 132 1,810 1,016 03A
60 % 56 % 17 % 20 % 0 % 100 % 10 % 0 % 0 % 0 % 53 % 13 % 50 % 56 %
03B 256 140 195 88 3 2 1 1 0 0 0 0 1 0 2 1 0 0 0 0 4 1 5 1 87 27 554 261 03B
55 % 45 % 67 % 100 % 0 % 0 % 0 % 50 % 0 % 0 % 25 % 20 % 31 % 47 %
03C 653 476 465 282 5 2 9 4 0 0 0 0 2 0 1 1 0 0 0 0 9 7 2 1 170 95 1,316 868 03C
73 % 61 % 40 % 44 % 0 % 0 % 0 % 100 % 0 % 0 % 78 % 50 % 56 % 66 %
03D 399 233 283 160 15 3 13 5 0 0 0 0 2 1 0 0 0 0 0 0 3 1 3 1 112 60 830 464 03D
58 % 57 % 20 % 38 % 0 % 0 % 50 % 0 % 0 % 0 % 33 % 33 % 54 % 56 %
03E 928 497 717 372 24 14 18 8 1 1 4 2 3 2 6 2 0 1 0 0 19 6 13 4 234 112 1,967 1,021 03E
54 % 52 % 58 % 44 % 100 % 50 % 67 % 33 % 0 % 0 % 32 % 31 % 48 % 52 %
03G 259 121 204 116 9 4 16 6 2 1 1 1 2 2 1 0 0 0 0 0 3 2 5 3 68 34 570 290 03G
47 % 57 % 44 % 38 % 50 % 100 % 100 % 0 % 0 % 0 % 67 % 60 % 50 % 51 %
03H 411 264 317 174 2 0 10 1 2 0 0 0 1 1 0 0 0 0 0 0 4 3 2 1 131 69 880 513 03H
64 % 55 % 0 % 10 % 0 % 0 % 100 % 0 % 0 % 0 % 75 % 50 % 53 % 58 %
03L 232 125 214 119 4 1 11 2 0 0 1 0 1 1 1 0 0 0 0 0 3 1 3 2 65 26 535 277 03L
54 % 56 % 25 % 18 % 0 % 0 % 100 % 0 % 0 % 0 % 33 % 67 % 40 % 52 %
03M 65 48 225 78 121 84 195 134 3 1 3 2 4 3 4 4 1 1 0 0 9 9 7 4 135 70 772 438 03M
74 % 35 % 69 % 69 % 33 % 67 % 75 % 100 % 100 % 0 % 100 % 57 % 52 % 57 %
03N 744 449 641 302 47 26 55 33 6 4 6 0 9 7 6 4 0 0 0 0 13 10 16 10 273 130 1,816 975 03N
60 % 47 % 55 % 60 % 67 % 0 % 78 % 67 % 0 % 0 % 77 % 63 % 48 % 54 %
03P1 569 300 371 205 361 176 475 271 40 18 47 21 29 16 27 15 2 0 1 1 30 12 27 10 557 267 2,536 1,312 03P1
53 % 55 % 49 % 57 % 45 % 45 % 55 % 56 % 0 % 100 % 40 % 37 % 48 % 52 %
03P2 51 33 28 10 0 0 1 0 0 0 0 0 0 0 0 0 0 0 0 0 0 0 0 0 10 6 90 49 03P2
65 % 36 % 0 % 0 % 0 % 0 % 0 % 0 % 0 % 0 % 0 % 0 % 60 % 54 %
03R 595 399 532 246 10 6 14 5 2 0 0 0 1 1 0 0 0 0 0 0 8 4 4 1 183 89 1,349 751 03R
67 % 46 % 60 % 36 % 0 % 0 % 100 % 0 % 0 % 0 % 50 % 25 % 49 % 56 %
03S 284 200 214 130 6 3 6 1 1 1 0 0 0 0 0 0 0 0 0 0 3 1 0 0 75 40 589 376 03S
70 % 61 % 50 % 17 % 100 % 0 % 0 % 0 % 0 % 0 % 33 % 0 % 53 % 64 %
03T 548 382 514 299 32 21 46 28 2 0 3 1 6 3 0 0 0 0 1 0 9 4 6 4 211 119 1,378 861 03T
70 % 58 % 66 % 61 % 0 % 33 % 50 % 0 % 0 % 0 % 44 % 67 % 56 % 62 %
03U 484 198 267 122 6 2 4 1 1 1 0 0 4 3 5 2 1 0 0 0 11 6 4 3 59 28 846 366 03U
41 % 46 % 33 % 25 % 100 % 0 % 75 % 40 % 0 % 0 % 55 % 75 % 47 % 43 %
031 0 0 0 0 0 0 0 0 0 0 0 0 0 0 0 0 0 0 0 0 0 0 0 0 0 1 0 1 031
0 % 0 % 0 % 0 % 0 % 0 % 0 % 0 % 0 % 0 % 0 % 0 % 0 % 0 %
032 0 1 0 0 0 0 0 0 0 0 0 0 0 0 0 0 0 0 0 0 0 0 0 0 0 0 0 1 032
0 % 0 % 0 % 0 % 0 % 0 % 0 % 0 % 0 % 0 % 0 % 0 % 0 % 0 %
035 0 0 0 0 0 0 0 0 0 0 0 0 0 0 0 0 0 0 0 0 0 0 0 0 0 1 0 1 035
0 % 0 % 0 % 0 % 0 % 0 % 0 % 0 % 0 % 0 % 0 % 0 % 0 % 0 %
037 0 0 0 0 0 0 0 2 0 0 0 0 0 0 0 0 0 0 0 0 0 0 0 0 0 0 0 2 037
0 % 0 % 0 % 0 % 0 % 0 % 0 % 0 % 0 % 0 % 0 % 0 % 0 % 0 %
04 0 2 0 0 0 0 0 2 0 0 0 0 0 0 0 0 0 0 0 0 0 0 0 0 0 0 0 4 04
0 % 0 % 0 % 0 % 0 % 0 % 0 % 0 % 0 % 0 % 0 % 0 % 0 % 0 %
04A 437 312 328 188 10 9 7 4 0 0 2 0 1 0 0 0 0 0 0 0 4 3 5 1 118 70 912 587 04A
71 % 57 % 90 % 57 % 0 % 0 % 0 % 0 % 0 % 0 % 75 % 20 % 59 % 64 %
04B 1,305 559 364 149 46 26 64 30 2 1 4 0 8 5 5 2 0 0 0 0 35 14 7 5 183 81 2,023 872 04B
43 % 41 % 57 % 47 % 50 % 0 % 63 % 40 % 0 % 0 % 40 % 71 % 44 % 43 %
04D 564 410 475 283 6 2 9 3 1 1 0 0 0 0 1 0 0 0 0 0 6 4 4 2 149 87 1,215 792 04D
73 % 60 % 33 % 33 % 100 % 0 % 0 % 0 % 0 % 0 % 67 % 50 % 58 % 65 %
04E 951 601 761 387 98 41 101 50 10 3 11 5 8 4 10 3 0 0 0 0 15 7 8 1 385 200 2,358 1,302 04E
63 % 51 % 42 % 50 % 30 % 45 % 50 % 30 % 0 % 0 % 47 % 13 % 52 % 55 %
04G 269 175 246 132 4 1 3 2 0 0 0 0 1 1 0 0 0 0 0 0 2 2 1 1 102 47 628 361 04G
65 % 54 % 25 % 67 % 0 % 0 % 100 % 0 % 0 % 0 % 100 % 100 % 46 % 57 %
04H2 330 212 253 136 4 2 3 2 1 0 0 0 0 0 0 0 0 0 0 0 5 3 5 3 122 59 723 417 04H2
64 % 54 % 50 % 67 % 0 % 0 % 0 % 0 % 0 % 0 % 60 % 60 % 48 % 58 %
04K 862 587 637 389 38 20 28 14 3 3 1 1 1 0 4 1 0 0 0 0 12 3 10 6 260 146 1,856 1,170 04K
68 % 61 % 53 % 50 % 100 % 100 % 0 % 25 % 0 % 0 % 25 % 60 % 56 % 63 %
04L 473 337 457 235 25 17 20 15 3 2 6 3 4 1 3 2 0 0 0 0 12 7 9 5 194 100 1,206 724 04L
71 % 51 % 68 % 75 % 67 % 50 % 25 % 67 % 0 % 0 % 58 % 56 % 52 % 60 %
04M 299 195 193 91 5 3 5 4 0 0 0 0 0 0 0 0 0 0 0 0 5 4 3 2 95 47 605 346 04M
65 % 47 % 60 % 80 % 0 % 0 % 0 % 0 % 0 % 0 % 80 % 67 % 49 % 57 %
04S 885 678 639 414 15 7 9 6 0 0 0 0 1 0 0 0 0 0 0 0 9 7 4 2 217 148 1,779 1,262 04S
77 % 65 % 47 % 67 % 0 % 0 % 0 % 0 % 0 % 0 % 78 % 50 % 68 % 71 %
04T 449 338 326 205 8 3 9 5 0 0 1 0 1 0 2 0 0 0 0 0 6 3 4 1 110 63 916 618 04T
75 % 63 % 38 % 56 % 0 % 0 % 0 % 0 % 0 % 0 % 50 % 25 % 57 % 67 %
04V 880 615 707 366 23 10 24 13 0 0 2 0 6 4 4 3 0 0 0 0 14 6 11 3 331 166 2,002 1,186 04V
70 % 52 % 43 % 54 % 0 % 0 % 67 % 75 % 0 % 0 % 43 % 27 % 50 % 59 %
04W 292 126 1,512 556 3 2 7 3 0 0 1 1 7 2 7 4 1 1 1 1 7 2 23 4 64 23 1,925 725 04W
43 % 37 % 67 % 43 % 0 % 100 % 29 % 57 % 100 % 100 % 29 % 17 % 36 % 38 %
04X1 776 571 573 353 9 6 17 9 0 0 0 0 3 1 1 1 0 0 0 0 7 4 6 4 201 100 1,593 1,049 04X1
74 % 62 % 67 % 53 % 0 % 0 % 33 % 100 % 0 % 0 % 57 % 67 % 50 % 66 %
04X2 252 163 241 115 13 9 11 4 0 0 0 0 1 1 0 0 0 0 0 0 2 2 1 1 69 35 590 330 04X2
65 % 48 % 69 % 36 % 0 % 0 % 100 % 0 % 0 % 0 % 100 % 100 % 51 % 56 %
041 0 0 0 0 0 0 0 1 0 0 0 0 0 0 0 0 0 0 0 0 0 0 0 0 0 0 0 1 041
0 % 0 % 0 % 0 % 0 % 0 % 0 % 0 % 0 % 0 % 0 % 0 % 0 % 0 %
043 0 0 0 0 0 0 0 1 0 0 0 0 0 0 0 0 0 0 0 0 0 0 0 0 0 0 0 1 043
0 % 0 % 0 % 0 % 0 % 0 % 0 % 0 % 0 % 0 % 0 % 0 % 0 % 0 %
044 0 0 0 0 0 1 0 1 0 0 0 0 0 0 0 0 0 0 0 0 0 0 0 0 0 0 0 2 044
0 % 0 % 0 % 0 % 0 % 0 % 0 % 0 % 0 % 0 % 0 % 0 % 0 % 0 %
045 0 0 0 0 0 0 0 1 0 0 0 0 0 0 0 0 0 0 0 0 0 0 0 0 0 0 0 1 045
0 % 0 % 0 % 0 % 0 % 0 % 0 % 0 % 0 % 0 % 0 % 0 % 0 % 0 %
046 0 1 0 0 0 0 0 0 0 0 0 0 0 0 0 0 0 0 0 0 0 0 0 0 0 0 0 1 046
0 % 0 % 0 % 0 % 0 % 0 % 0 % 0 % 0 % 0 % 0 % 0 % 0 % 0 %
047 0 0 0 1 0 0 0 0 0 0 0 0 0 0 0 0 0 0 0 0 0 0 0 0 0 0 0 1 047
0 % 0 % 0 % 0 % 0 % 0 % 0 % 0 % 0 % 0 % 0 % 0 % 0 % 0 %
048 0 0 1 0 0 0 0 0 0 0 0 0 0 0 0 0 0 0 0 0 0 0 0 0 0 0 1 0 048
0 % 0 % 0 % 0 % 0 % 0 % 0 % 0 % 0 % 0 % 0 % 0 % 0 % 0 %
049 0 1 0 0 0 0 0 0 0 0 0 0 0 0 0 0 0 0 0 0 0 0 0 0 0 0 0 1 049
0 % 0 % 0 % 0 % 0 % 0 % 0 % 0 % 0 % 0 % 0 % 0 % 0 % 0 %
05 0 1 0 0 0 0 0 1 0 0 0 0 0 0 0 0 0 0 0 0 0 0 0 0 0 0 0 2 05
0 % 0 % 0 % 0 % 0 % 0 % 0 % 0 % 0 % 0 % 0 % 0 % 0 % 0 %
05A1 111 86 132 84 467 339 452 297 12 10 7 4 17 8 9 5 0 0 0 0 14 10 13 10 264 165 1,498 1,018 05A1
77 % 64 % 73 % 66 % 83 % 57 % 47 % 56 % 0 % 0 % 71 % 77 % 63 % 68 %
05A2 492 322 410 238 510 352 568 361 22 17 18 12 13 8 20 11 0 0 0 0 27 17 15 9 406 238 2,501 1,585 05A2
65 % 58 % 69 % 64 % 77 % 67 % 62 % 55 % 0 % 0 % 63 % 60 % 59 % 63 %
05B 709 525 606 343 98 62 141 84 6 3 2 1 7 5 13 6 0 0 0 0 11 5 6 4 290 165 1,889 1,203 05B
74 % 57 % 63 % 60 % 50 % 50 % 71 % 46 % 0 % 0 % 45 % 67 % 57 % 64 %
05C 41 25 45 22 11 6 8 3 5 1 0 0 2 1 4 2 0 0 0 0 4 0 2 0 11 5 133 65 05C
61 % 49 % 55 % 38 % 20 % 0 % 50 % 50 % 0 % 0 % 0 % 0 % 45 % 49 %
053 0 0 0 2 0 0 0 0 0 0 0 0 0 0 0 0 0 0 0 0 0 0 0 0 0 0 0 2 053
0 % 0 % 0 % 0 % 0 % 0 % 0 % 0 % 0 % 0 % 0 % 0 % 0 % 0 %
056 0 0 0 0 0 0 0 0 0 1 0 0 0 0 0 0 0 0 0 0 0 0 0 0 0 0 0 1 056
0 % 0 % 0 % 0 % 0 % 0 % 0 % 0 % 0 % 0 % 0 % 0 % 0 % 0 %
059 0 0 0 2 0 0 0 0 0 0 0 0 0 0 0 0 0 0 0 0 0 0 0 0 0 0 0 2 059
0 % 0 % 0 % 0 % 0 % 0 % 0 % 0 % 0 % 0 % 0 % 0 % 0 % 0 %
06 0 0 0 1 0 0 0 0 0 0 0 0 0 0 0 0 0 0 0 0 0 0 0 0 0 0 0 1 06
0 % 0 % 0 % 0 % 0 % 0 % 0 % 0 % 0 % 0 % 0 % 0 % 0 % 0 %
06A 144 106 231 156 643 456 954 701 32 18 28 16 19 13 31 23 3 0 0 0 23 22 33 15 492 310 2,633 1,836 06A
74 % 68 % 71 % 73 % 56 % 57 % 68 % 74 % 0 % 0 % 96 % 45 % 63 % 70 %
06B 51 36 32 23 571 419 577 412 14 11 13 9 7 5 8 6 0 0 0 0 14 10 14 6 266 173 1,567 1,110 06B
71 % 72 % 73 % 71 % 79 % 69 % 71 % 75 % 0 % 0 % 71 % 43 % 65 % 71 %
06D 296 188 290 174 621 428 813 564 29 15 16 12 27 11 39 26 0 0 0 0 21 13 25 19 401 218 2,578 1,668 06D
64 % 60 % 69 % 69 % 52 % 75 % 41 % 67 % 0 % 0 % 62 % 76 % 54 % 65 %
06E 156 109 145 83 420 290 728 497 15 7 12 6 13 9 24 16 1 0 0 0 4 4 14 9 331 204 1,863 1,234 06E
70 % 57 % 69 % 68 % 47 % 50 % 69 % 67 % 0 % 0 % 100 % 64 % 62 % 66 %
06F 90 53 154 68 869 611 861 587 23 16 13 12 11 7 21 7 0 0 0 0 23 16 16 11 404 248 2,485 1,636 06F
59 % 44 % 70 % 68 % 70 % 92 % 64 % 33 % 0 % 0 % 70 % 69 % 61 % 66 %
06G 110 75 126 69 726 497 924 635 28 16 18 9 17 6 37 21 0 0 0 0 22 13 25 15 460 260 2,493 1,616 06G
68 % 55 % 68 % 69 % 57 % 50 % 35 % 57 % 0 % 0 % 59 % 60 % 57 % 65 %
06H 21 16 10 8 644 502 629 505 13 8 2 2 14 10 5 3 0 0 0 0 7 5 9 5 209 148 1,563 1,212 06H
76 % 80 % 78 % 80 % 62 % 100 % 71 % 60 % 0 % 0 % 71 % 56 % 71 % 78 %
06J 32 25 38 26 843 636 948 677 17 13 16 9 12 8 16 12 0 0 0 0 23 11 14 10 358 243 2,317 1,670 06J
78 % 68 % 75 % 71 % 76 % 56 % 67 % 75 % 0 % 0 % 48 % 71 % 68 % 72 %
06K 46 29 69 40 310 202 457 296 7 6 16 10 8 9 9 5 0 0 0 0 7 1 17 12 184 117 1,130 727 06K
63 % 58 % 65 % 65 % 86 % 63 % 113 % 56 % 0 % 0 % 14 % 71 % 64 % 64 %
06L1 38 28 25 17 318 248 322 241 2 2 1 1 3 2 1 0 0 0 0 0 3 2 3 1 93 70 809 612 06L1
74 % 68 % 78 % 75 % 100 % 100 % 67 % 0 % 0 % 0 % 67 % 33 % 75 % 76 %
06L2 31 18 33 17 236 190 279 218 0 0 1 1 5 3 4 4 0 0 0 0 1 1 4 3 69 44 663 499 06L2
58 % 52 % 81 % 78 % 0 % 100 % 60 % 100 % 0 % 0 % 100 % 75 % 64 % 75 %
06R 64 37 111 51 499 368 542 379 12 6 9 5 7 3 11 9 0 0 0 0 10 5 9 8 214 126 1,488 997 06R
58 % 46 % 74 % 70 % 50 % 56 % 43 % 82 % 0 % 0 % 50 % 89 % 59 % 67 %
06S 51 42 62 47 1,211 947 1,209 914 16 6 14 10 10 9 19 14 0 0 0 0 18 11 27 21 388 277 3,025 2,298 06S
82 % 76 % 78 % 76 % 38 % 71 % 90 % 74 % 0 % 0 % 61 % 78 % 71 % 76 %
060 0 0 0 1 0 0 0 0 0 0 0 0 0 0 0 0 0 0 0 0 0 0 0 0 0 0 0 1 060
0 % 0 % 0 % 0 % 0 % 0 % 0 % 0 % 0 % 0 % 0 % 0 % 0 % 0 %
061 0 0 0 0 0 1 0 0 0 0 0 0 0 0 0 0 0 0 0 0 0 0 0 0 0 0 0 1 061
0 % 0 % 0 % 0 % 0 % 0 % 0 % 0 % 0 % 0 % 0 % 0 % 0 % 0 %
066 0 0 0 0 0 0 0 1 0 0 0 0 0 0 0 0 0 0 0 0 0 0 0 0 0 0 0 1 066
0 % 0 % 0 % 0 % 0 % 0 % 0 % 0 % 0 % 0 % 0 % 0 % 0 % 0 %
07A 229 194 156 113 1,579 1,226 1,332 998 55 37 49 25 27 18 24 16 0 0 0 0 28 17 29 17 668 442 4,176 3,103 07A
85 % 72 % 78 % 75 % 67 % 51 % 67 % 67 % 0 % 0 % 61 % 59 % 66 % 74 %
07B 31 23 35 26 1,131 928 1,039 842 20 14 15 9 7 5 9 7 0 0 0 0 12 8 9 6 242 175 2,550 2,043 07B
74 % 74 % 82 % 81 % 70 % 60 % 71 % 78 % 0 % 0 % 67 % 67 % 72 % 80 %
07C 175 126 137 84 1,279 889 925 658 29 14 20 10 22 14 24 16 0 0 0 0 32 14 24 15 440 282 3,107 2,122 07C
72 % 61 % 70 % 71 % 48 % 50 % 64 % 67 % 0 % 0 % 44 % 63 % 64 % 68 %
07D 238 155 178 107 1,113 725 1,031 661 18 8 28 13 27 16 17 8 0 0 1 0 25 17 23 19 555 320 3,254 2,049 07D
65 % 60 % 65 % 64 % 44 % 46 % 59 % 47 % 0 % 0 % 68 % 83 % 58 % 63 %
07E 538 375 443 281 1,002 694 1,041 654 58 31 34 15 47 27 53 34 1 1 0 0 41 23 41 27 734 430 4,033 2,592 07E
70 % 63 % 69 % 63 % 53 % 44 % 57 % 64 % 100 % 0 % 56 % 66 % 59 % 64 %
07F 89 65 81 56 849 656 767 596 26 16 17 5 11 4 13 8 0 0 0 0 16 9 15 6 351 251 2,235 1,672 07F
73 % 69 % 77 % 78 % 62 % 29 % 36 % 62 % 0 % 0 % 56 % 40 % 72 % 75 %
07H 60 44 38 24 736 601 637 491 17 13 5 4 7 4 11 9 0 0 0 0 12 7 9 3 206 156 1,738 1,356 07H
73 % 63 % 82 % 77 % 76 % 80 % 57 % 82 % 0 % 0 % 58 % 33 % 76 % 78 %
07J 146 93 134 80 896 656 751 561 19 9 9 4 23 14 16 13 0 0 0 0 19 9 20 8 405 254 2,438 1,701 07J
64 % 60 % 73 % 75 % 47 % 44 % 61 % 81 % 0 % 0 % 47 % 40 % 63 % 70 %
07K1 223 150 231 119 539 397 513 354 12 6 13 3 6 3 8 5 0 0 0 0 6 4 14 4 296 167 1,861 1,212 07K1
67 % 52 % 74 % 69 % 50 % 23 % 50 % 63 % 0 % 0 % 67 % 29 % 56 % 65 %
07K2 85 60 62 38 63 33 100 45 5 4 4 2 8 6 8 3 0 0 0 0 9 4 3 2 106 66 453 263 07K2
71 % 61 % 52 % 45 % 80 % 50 % 75 % 38 % 0 % 0 % 44 % 67 % 62 % 58 %
07M 193 133 146 82 555 361 477 285 30 15 29 13 19 10 17 5 0 0 0 0 21 13 18 11 378 195 1,883 1,123 07M
69 % 56 % 65 % 60 % 50 % 45 % 53 % 29 % 0 % 0 % 62 % 61 % 52 % 60 %
07N 213 170 173 126 314 199 293 187 39 27 22 13 22 13 19 8 0 0 0 0 13 5 9 7 252 175 1,369 930 07N
80 % 73 % 63 % 64 % 69 % 59 % 59 % 42 % 0 % 0 % 38 % 78 % 69 % 68 %
072 0 2 0 0 0 0 0 0 0 0 0 0 0 0 0 0 0 0 0 0 0 0 0 1 0 0 0 3 072
0 % 0 % 0 % 0 % 0 % 0 % 0 % 0 % 0 % 0 % 0 % 0 % 0 % 0 %
075 0 1 0 0 0 0 0 0 0 0 0 0 0 0 0 0 0 0 0 0 0 0 0 0 0 0 0 1 075
0 % 0 % 0 % 0 % 0 % 0 % 0 % 0 % 0 % 0 % 0 % 0 % 0 % 0 %
076 0 0 0 1 0 0 0 0 0 0 0 0 0 0 0 0 0 0 0 0 0 0 0 0 0 0 0 1 076
0 % 0 % 0 % 0 % 0 % 0 % 0 % 0 % 0 % 0 % 0 % 0 % 0 % 0 %
08 0 0 0 0 0 0 0 1 0 0 0 0 0 0 0 0 0 0 0 0 0 0 0 0 0 1 0 2 08
0 % 0 % 0 % 0 % 0 % 0 % 0 % 0 % 0 % 0 % 0 % 0 % 0 % 0 %
08A 85 62 54 42 911 708 816 627 18 11 23 15 11 8 10 6 0 0 0 0 17 11 16 9 308 209 2,269 1,708 08A
73 % 78 % 78 % 77 % 61 % 65 % 73 % 60 % 0 % 0 % 65 % 56 % 68 % 75 %
08B 57 38 44 32 1,308 1,016 1,127 887 21 15 14 11 15 11 12 8 0 0 0 0 21 17 14 12 328 214 2,961 2,261 08B
67 % 73 % 78 % 79 % 71 % 79 % 73 % 67 % 0 % 0 % 81 % 86 % 65 % 76 %
08C 12 14 4 3 564 469 541 455 5 2 5 3 5 5 6 1 0 0 0 0 6 4 3 2 106 89 1,257 1,047 08C
117 % 75 % 83 % 84 % 40 % 60 % 100 % 17 % 0 % 0 % 67 % 67 % 84 % 83 %
08D 56 40 38 19 516 407 484 367 5 3 6 3 4 3 4 2 0 0 0 0 8 4 6 5 149 102 1,276 955 08D
71 % 50 % 79 % 76 % 60 % 50 % 75 % 50 % 0 % 0 % 50 % 83 % 68 % 75 %
08E 40 32 32 22 993 797 974 779 23 17 20 14 6 7 9 7 0 0 0 0 17 10 7 7 208 158 2,329 1,850 08E
80 % 69 % 80 % 80 % 74 % 70 % 117 % 78 % 0 % 0 % 59 % 100 % 76 % 79 %
08F1 8 6 5 2 897 735 856 675 6 4 4 3 4 3 3 3 0 0 0 0 6 3 4 2 177 127 1,970 1,563 08F1
75 % 40 % 82 % 79 % 67 % 75 % 75 % 100 % 0 % 0 % 50 % 50 % 72 % 79 %
08G 264 150 157 71 880 608 636 428 11 5 16 7 16 6 17 9 0 0 1 1 25 13 15 8 330 216 2,368 1,522 08G
57 % 45 % 69 % 67 % 45 % 44 % 38 % 53 % 0 % 100 % 52 % 53 % 65 % 64 %
08H 29 20 31 22 935 778 802 658 13 6 9 7 6 4 5 4 0 0 0 0 4 4 5 4 254 195 2,093 1,702 08H
69 % 71 % 83 % 82 % 46 % 78 % 67 % 80 % 0 % 0 % 100 % 80 % 77 % 81 %
08J 63 49 44 31 923 797 818 693 9 7 4 2 13 10 12 8 0 0 0 0 12 10 7 3 294 222 2,199 1,832 08J
78 % 70 % 86 % 85 % 78 % 50 % 77 % 67 % 0 % 0 % 83 % 43 % 76 % 83 %
08K 8 6 7 7 229 188 206 163 1 1 0 0 3 3 8 6 0 0 0 0 3 2 5 5 64 47 534 428 08K
75 % 100 % 82 % 79 % 100 % 0 % 100 % 75 % 0 % 0 % 67 % 100 % 73 % 80 %
08L 292 206 216 140 1,167 825 971 674 24 13 13 7 19 12 14 7 0 0 0 0 24 17 21 16 569 353 3,330 2,270 08L
71 % 65 % 71 % 69 % 54 % 54 % 63 % 50 % 0 % 0 % 71 % 76 % 62 % 68 %
08M 18 10 11 5 630 503 578 442 5 2 5 2 4 3 4 1 0 0 0 0 6 4 2 1 129 90 1,392 1,063 08M
56 % 45 % 80 % 76 % 40 % 40 % 75 % 25 % 0 % 0 % 67 % 50 % 70 % 76 %
08N1 11 9 9 8 329 264 278 216 1 0 3 2 1 1 2 1 0 0 0 0 6 4 4 3 87 65 731 573 08N1
82 % 89 % 80 % 78 % 0 % 67 % 100 % 50 % 0 % 0 % 67 % 75 % 75 % 78 %
08N2 22 20 15 11 501 349 290 214 7 7 8 5 7 4 1 1 0 0 0 0 6 4 3 1 119 79 979 695 08N2
91 % 73 % 70 % 74 % 100 % 63 % 57 % 100 % 0 % 0 % 67 % 33 % 66 % 71 %
08P 286 172 293 155 377 262 509 336 14 5 11 7 17 10 16 8 0 0 1 0 16 8 14 7 356 199 1,910 1,169 08P
60 % 53 % 69 % 66 % 36 % 64 % 59 % 50 % 0 % 0 % 50 % 50 % 56 % 61 %
080 0 0 0 0 0 0 0 1 0 0 0 0 0 0 0 0 0 0 0 0 0 0 0 0 0 0 0 1 080
0 % 0 % 0 % 0 % 0 % 0 % 0 % 0 % 0 % 0 % 0 % 0 % 0 % 0 %
081 0 0 0 0 0 0 0 0 0 0 0 0 0 0 0 0 0 0 0 0 0 0 0 0 0 1 0 1 081
0 % 0 % 0 % 0 % 0 % 0 % 0 % 0 % 0 % 0 % 0 % 0 % 0 % 0 %
083 0 1 0 0 0 0 0 0 0 0 0 0 0 1 0 0 0 0 0 0 0 0 0 0 0 0 0 2 083
0 % 0 % 0 % 0 % 0 % 0 % 0 % 0 % 0 % 0 % 0 % 0 % 0 % 0 %
084 0 0 0 0 0 0 0 1 0 0 0 0 0 0 0 0 0 0 0 0 0 0 0 0 0 0 0 1 084
0 % 0 % 0 % 0 % 0 % 0 % 0 % 0 % 0 % 0 % 0 % 0 % 0 % 0 %
086 0 1 0 0 0 0 0 0 0 0 0 0 0 0 0 0 0 0 0 0 0 0 0 0 0 0 0 1 086
0 % 0 % 0 % 0 % 0 % 0 % 0 % 0 % 0 % 0 % 0 % 0 % 0 % 0 %
088 0 0 0 1 0 0 0 0 0 0 0 0 0 0 0 0 0 0 0 0 0 0 0 0 0 0 0 1 088
0 % 0 % 0 % 0 % 0 % 0 % 0 % 0 % 0 % 0 % 0 % 0 % 0 % 0 %
09A 380 290 273 161 611 466 610 478 21 13 10 7 23 14 30 14 1 1 1 0 15 15 12 6 353 236 2,340 1,701 09A
76 % 59 % 76 % 78 % 62 % 70 % 61 % 47 % 100 % 0 % 100 % 50 % 67 % 73 %
09B 224 164 120 52 2 0 0 0 0 0 0 0 0 0 0 0 0 0 0 0 0 0 2 0 68 26 416 242 09B
73 % 43 % 0 % 0 % 0 % 0 % 0 % 0 % 0 % 0 % 0 % 0 % 38 % 58 %
09C 1,275 975 862 555 15 9 11 7 0 0 0 0 5 1 3 1 0 0 0 0 8 7 9 7 336 210 2,524 1,772 09C
76 % 64 % 60 % 64 % 0 % 0 % 20 % 33 % 0 % 0 % 88 % 78 % 63 % 70 %
09D 762 559 611 347 11 7 5 0 0 0 0 0 3 1 1 1 0 0 0 0 2 1 2 2 225 116 1,622 1,034 09D
73 % 57 % 64 % 0 % 0 % 0 % 33 % 100 % 0 % 0 % 50 % 100 % 52 % 64 %
09E 903 626 529 293 64 40 70 32 1 0 4 1 4 2 2 1 0 0 0 0 16 9 13 4 265 161 1,871 1,169 09E
69 % 55 % 63 % 46 % 0 % 25 % 50 % 50 % 0 % 0 % 56 % 31 % 61 % 62 %
09F 210 154 130 72 1,161 927 891 669 23 12 12 7 21 9 15 5 0 0 0 0 20 15 17 14 416 292 2,916 2,176 09F
73 % 55 % 80 % 75 % 52 % 58 % 43 % 33 % 0 % 0 % 75 % 82 % 70 % 75 %
09G2 263 185 159 107 608 435 636 437 36 25 36 14 25 13 25 11 0 0 0 0 24 19 24 19 373 222 2,209 1,487 09G2
70 % 67 % 72 % 69 % 69 % 39 % 52 % 44 % 0 % 0 % 79 % 79 % 60 % 67 %
09K 1,117 752 620 308 17 6 12 6 0 0 1 1 2 0 1 1 0 0 0 0 4 2 8 2 321 155 2,103 1,233 09K
67 % 50 % 35 % 50 % 0 % 100 % 0 % 100 % 0 % 0 % 50 % 25 % 48 % 59 %
09L 819 581 508 294 34 23 26 18 2 1 0 0 0 0 0 0 0 0 0 0 6 2 9 4 217 119 1,621 1,042 09L
71 % 58 % 68 % 69 % 50 % 0 % 0 % 0 % 0 % 0 % 33 % 44 % 55 % 64 %
09M 243 187 161 108 417 310 421 318 8 6 10 6 10 8 11 9 0 0 0 0 9 8 11 10 256 161 1,557 1,131 09M
77 % 67 % 74 % 76 % 75 % 60 % 80 % 82 % 0 % 0 % 89 % 91 % 63 % 73 %
095 0 0 0 1 0 0 0 0 0 0 0 0 0 0 0 0 0 0 0 0 0 0 0 0 0 0 0 1 095
0 % 0 % 0 % 0 % 0 % 0 % 0 % 0 % 0 % 0 % 0 % 0 % 0 % 0 %
1-6_C 0 0 0 0 0 1 0 0 0 0 0 0 0 0 0 0 0 0 0 0 0 0 0 0 0 0 0 1 1-6_C
0 % 0 % 0 % 0 % 0 % 0 % 0 % 0 % 0 % 0 % 0 % 0 % 0 % 0 %
1B 0 0 0 0 0 0 0 1 0 0 0 0 0 0 0 0 0 0 0 0 0 0 0 0 0 0 0 1 1B
0 % 0 % 0 % 0 % 0 % 0 % 0 % 0 % 0 % 0 % 0 % 0 % 0 % 0 %
10 0 3 0 0 0 0 0 1 0 0 0 1 0 1 0 0 0 0 0 0 0 0 0 0 0 0 0 6 10
0 % 0 % 0 % 0 % 0 % 0 % 0 % 0 % 0 % 0 % 0 % 0 % 0 % 0 %
10A 1,332 1,119 912 603 6 4 5 4 1 0 1 1 0 1 2 0 0 0 0 0 6 5 5 3 292 182 2,562 1,922 10A
84 % 66 % 67 % 80 % 0 % 100 % 0 % 0 % 0 % 0 % 83 % 60 % 62 % 75 %
10B 0 1 0 0 0 0 0 0 0 0 0 0 0 0 0 0 0 0 0 0 0 0 0 0 0 0 0 1 10B
0 % 0 % 0 % 0 % 0 % 0 % 0 % 0 % 0 % 0 % 0 % 0 % 0 % 0 %
10C 1,254 954 566 313 12 7 2 1 0 0 1 1 0 0 0 0 0 0 0 0 4 3 5 2 263 151 2,107 1,432 10C
76 % 55 % 58 % 50 % 0 % 100 % 0 % 0 % 0 % 0 % 75 % 40 % 57 % 68 %
10D 1,857 1,367 1,110 646 18 9 7 3 0 0 0 0 1 1 4 3 0 0 1 1 19 9 9 4 481 281 3,507 2,324 10D
74 % 58 % 50 % 43 % 0 % 0 % 100 % 75 % 0 % 100 % 47 % 44 % 58 % 66 %
10E 439 349 262 183 7 3 2 2 0 0 0 0 2 1 2 1 0 0 0 0 2 2 1 1 112 74 829 616 10E
79 % 70 % 43 % 100 % 0 % 0 % 50 % 50 % 0 % 0 % 100 % 100 % 66 % 74 %
10F 515 380 343 234 5 3 3 1 0 0 0 0 1 0 0 0 0 0 0 0 4 5 4 0 119 67 994 690 10F
74 % 68 % 60 % 33 % 0 % 0 % 0 % 0 % 0 % 0 % 125 % 0 % 56 % 69 %
10G 574 487 408 302 6 4 5 4 0 0 0 0 2 0 0 0 0 0 0 0 8 6 4 2 112 89 1,119 894 10G
85 % 74 % 67 % 80 % 0 % 0 % 0 % 0 % 0 % 0 % 75 % 50 % 79 % 80 %
10H 1,149 828 684 408 7 5 15 6 1 1 4 0 3 3 1 1 1 0 0 0 3 1 2 2 258 148 2,128 1,403 10H
72 % 60 % 71 % 40 % 100 % 0 % 100 % 100 % 0 % 0 % 33 % 100 % 57 % 66 %
10J 326 211 258 136 5 2 4 2 1 1 0 0 2 1 2 0 0 0 0 0 6 2 5 2 111 59 720 416 10J
65 % 53 % 40 % 50 % 100 % 0 % 50 % 0 % 0 % 0 % 33 % 40 % 53 % 58 %
10L 1,405 1,148 906 671 16 11 10 8 1 1 0 0 3 1 2 2 0 0 0 0 10 5 10 7 284 217 2,647 2,071 10L
82 % 74 % 69 % 80 % 100 % 0 % 33 % 100 % 0 % 0 % 50 % 70 % 76 % 78 %
10M 944 697 753 459 30 22 40 23 1 0 0 0 7 0 2 2 0 0 0 0 5 3 10 5 273 152 2,065 1,363 10M
74 % 61 % 73 % 58 % 0 % 0 % 0 % 100 % 0 % 0 % 60 % 50 % 56 % 66 %
10P 589 449 402 258 6 2 3 2 0 0 0 0 2 1 1 0 0 0 0 0 8 6 2 1 117 71 1,130 790 10P
76 % 64 % 33 % 67 % 0 % 0 % 50 % 0 % 0 % 0 % 75 % 50 % 61 % 70 %
10R 398 278 189 103 3 3 0 0 0 0 0 0 0 0 2 0 0 0 0 0 3 1 2 1 78 44 675 430 10R
70 % 54 % 100 % 0 % 0 % 0 % 0 % 0 % 0 % 0 % 33 % 50 % 56 % 64 %
102 0 0 0 1 0 0 0 0 0 0 0 0 0 0 0 0 0 0 0 0 0 0 0 0 0 0 0 1 102
0 % 0 % 0 % 0 % 0 % 0 % 0 % 0 % 0 % 0 % 0 % 0 % 0 % 0 %
103 0 1 0 0 0 0 0 0 0 0 0 0 0 0 0 0 0 0 0 0 0 0 0 0 0 0 0 1 103
0 % 0 % 0 % 0 % 0 % 0 % 0 % 0 % 0 % 0 % 0 % 0 % 0 % 0 %
106 0 0 0 0 0 1 0 0 0 0 0 0 0 0 0 0 0 0 0 0 0 0 0 0 0 0 0 1 106
0 % 0 % 0 % 0 % 0 % 0 % 0 % 0 % 0 % 0 % 0 % 0 % 0 % 0 %
11 0 0 0 0 0 1 0 0 0 0 0 0 0 0 0 0 0 0 0 0 0 0 0 0 0 0 0 1 11
0 % 0 % 0 % 0 % 0 % 0 % 0 % 0 % 0 % 0 % 0 % 0 % 0 % 0 %
11A1 286 239 204 159 3 3 4 3 0 0 0 0 0 0 0 0 0 0 0 0 0 0 4 2 54 44 555 450 11A1
84 % 78 % 100 % 75 % 0 % 0 % 0 % 0 % 0 % 0 % 0 % 50 % 81 % 81 %
11A2 161 132 116 95 1 1 1 1 0 0 0 0 0 0 0 0 0 0 0 0 1 0 5 2 29 21 314 252 11A2
82 % 82 % 100 % 100 % 0 % 0 % 0 % 0 % 0 % 0 % 0 % 40 % 72 % 80 %
11B 2,032 1,695 1,473 1,104 29 17 25 15 4 1 3 1 5 2 5 3 0 0 0 0 20 13 14 11 375 259 3,985 3,121 11B
83 % 75 % 59 % 60 % 25 % 33 % 40 % 60 % 0 % 0 % 65 % 79 % 69 % 78 %
11C 1,212 969 798 531 17 11 11 9 0 0 3 1 2 1 2 0 0 0 0 0 13 8 5 4 249 168 2,312 1,702 11C
80 % 67 % 65 % 82 % 0 % 33 % 50 % 0 % 0 % 0 % 62 % 80 % 67 % 74 %
11E1 461 351 332 227 17 9 7 5 0 0 2 0 5 3 0 0 0 0 1 1 3 1 3 3 100 59 931 659 11E1
76 % 68 % 53 % 71 % 0 % 0 % 60 % 0 % 0 % 100 % 33 % 100 % 59 % 71 %
11E2 665 548 432 301 14 10 15 3 2 1 1 1 7 6 5 3 0 0 0 0 7 3 6 6 160 119 1,314 1,001 11E2
82 % 70 % 71 % 20 % 50 % 100 % 86 % 60 % 0 % 0 % 43 % 100 % 74 % 76 %
11E3 905 667 561 360 11 5 24 16 3 1 1 0 9 3 4 1 1 1 0 0 15 12 10 5 246 163 1,790 1,234 11E3
74 % 64 % 45 % 67 % 33 % 0 % 33 % 25 % 100 % 0 % 80 % 50 % 66 % 69 %
11G 1,318 815 836 387 44 14 20 12 1 0 0 0 1 2 3 1 0 0 0 0 11 6 7 1 357 166 2,598 1,404 11G
62 % 46 % 32 % 60 % 0 % 0 % 200 % 33 % 0 % 0 % 55 % 14 % 46 % 54 %
11H 944 748 706 479 11 7 15 11 0 0 1 0 2 2 0 0 0 0 0 0 7 3 3 2 244 152 1,933 1,404 11H
79 % 68 % 64 % 73 % 0 % 0 % 100 % 0 % 0 % 0 % 43 % 67 % 62 % 73 %
11J 766 638 496 358 8 5 4 2 0 0 1 0 1 0 1 0 0 0 0 0 2 2 4 4 136 100 1,419 1,109 11J
83 % 72 % 63 % 50 % 0 % 0 % 0 % 0 % 0 % 0 % 100 % 100 % 74 % 78 %
11K 791 607 613 437 23 16 22 13 1 1 0 0 0 0 1 0 0 0 0 0 6 5 5 2 193 127 1,655 1,208 11K
77 % 71 % 70 % 59 % 100 % 0 % 0 % 0 % 0 % 0 % 83 % 40 % 66 % 73 %
11M 1,285 961 850 524 25 13 19 10 2 1 0 0 2 2 2 2 0 0 0 0 20 9 10 5 308 198 2,523 1,725 11M
75 % 62 % 52 % 53 % 50 % 0 % 100 % 100 % 0 % 0 % 45 % 50 % 64 % 68 %
11N 1,005 856 703 513 17 12 6 2 2 1 1 1 1 1 2 0 0 0 1 1 9 7 7 3 193 126 1,947 1,523 11N
85 % 73 % 71 % 33 % 50 % 100 % 100 % 0 % 0 % 100 % 78 % 43 % 65 % 78 %
11P 847 646 458 283 13 8 5 3 2 1 0 0 1 1 2 2 0 0 0 0 7 4 3 0 170 110 1,508 1,058 11P
76 % 62 % 62 % 60 % 50 % 0 % 100 % 100 % 0 % 0 % 57 % 0 % 65 % 70 %
11R 788 536 479 245 5 1 8 7 0 0 0 0 3 1 4 0 0 0 0 0 4 2 6 3 214 113 1,511 908 11R
68 % 51 % 20 % 88 % 0 % 0 % 33 % 0 % 0 % 0 % 50 % 50 % 53 % 60 %
111 0 3 0 0 0 0 0 0 0 0 0 0 0 0 0 0 0 0 0 0 0 0 0 0 0 0 0 3 111
0 % 0 % 0 % 0 % 0 % 0 % 0 % 0 % 0 % 0 % 0 % 0 % 0 % 0 %
112 0 0 0 0 0 0 0 0 0 1 0 0 0 0 0 0 0 0 0 0 0 0 0 0 0 0 0 1 112
0 % 0 % 0 % 0 % 0 % 0 % 0 % 0 % 0 % 0 % 0 % 0 % 0 % 0 %
115 0 1 0 0 0 1 0 0 0 0 0 0 0 0 0 0 0 0 0 0 0 0 0 0 0 0 0 2 115
0 % 0 % 0 % 0 % 0 % 0 % 0 % 0 % 0 % 0 % 0 % 0 % 0 % 0 %
116 0 0 0 0 0 0 0 0 0 0 0 0 0 0 0 1 0 0 0 0 0 0 0 0 0 0 0 1 116
0 % 0 % 0 % 0 % 0 % 0 % 0 % 0 % 0 % 0 % 0 % 0 % 0 % 0 %
12A 268 211 214 131 38 29 41 28 1 1 0 0 1 1 1 1 1 1 0 0 6 4 2 0 89 53 662 460 12A
79 % 61 % 76 % 68 % 100 % 0 % 100 % 100 % 100 % 0 % 67 % 0 % 60 % 69 %
12B 788 582 617 370 119 78 118 84 7 5 1 0 3 1 5 3 0 0 0 0 18 13 10 7 280 168 1,966 1,311 12B
74 % 60 % 66 % 71 % 71 % 0 % 33 % 60 % 0 % 0 % 72 % 70 % 60 % 67 %
12C 531 395 379 223 61 46 81 44 2 1 1 1 5 3 4 4 0 0 0 0 6 6 9 6 165 91 1,244 820 12C
74 % 59 % 75 % 54 % 50 % 100 % 60 % 100 % 0 % 0 % 100 % 67 % 55 % 66 %
12D 484 325 361 180 24 7 17 7 2 2 3 1 0 0 3 1 0 0 0 0 7 4 2 0 148 88 1,051 615 12D
67 % 50 % 29 % 41 % 100 % 33 % 0 % 33 % 0 % 0 % 57 % 0 % 59 % 59 %
12E1 518 320 388 197 40 14 36 17 4 1 3 2 8 3 12 1 0 0 0 0 7 1 4 2 151 74 1,171 632 12E1
62 % 51 % 35 % 47 % 25 % 67 % 38 % 8 % 0 % 0 % 14 % 50 % 49 % 54 %
12F 343 237 240 132 17 6 19 7 0 0 0 0 4 2 2 0 0 0 0 0 2 0 8 5 96 53 731 442 12F
69 % 55 % 35 % 37 % 0 % 0 % 50 % 0 % 0 % 0 % 0 % 63 % 55 % 60 %
12G 303 230 259 155 19 11 26 12 1 0 2 1 2 0 5 2 0 0 0 0 1 0 3 2 72 44 693 457 12G
76 % 60 % 58 % 46 % 0 % 50 % 0 % 40 % 0 % 0 % 0 % 67 % 61 % 66 %
12H 1,384 955 958 541 45 21 30 15 7 3 10 3 7 3 4 2 0 0 0 0 6 3 10 4 394 206 2,855 1,756 12H
69 % 56 % 47 % 50 % 43 % 30 % 43 % 50 % 0 % 0 % 50 % 40 % 52 % 62 %
12J 1,110 802 643 340 19 10 13 4 1 1 0 0 6 0 6 1 0 0 0 0 7 4 7 4 298 168 2,110 1,334 12J
72 % 53 % 53 % 31 % 100 % 0 % 0 % 17 % 0 % 0 % 57 % 57 % 56 % 63 %
12L 247 168 168 84 18 1 11 2 1 0 0 0 1 0 2 1 0 0 0 0 3 1 3 1 73 33 527 291 12L
68 % 50 % 6 % 18 % 0 % 0 % 0 % 50 % 0 % 0 % 33 % 33 % 45 % 55 %
12M 115 91 92 56 2 1 2 1 0 0 0 0 0 0 1 0 0 0 0 0 4 3 0 0 30 20 246 172 12M
79 % 61 % 50 % 50 % 0 % 0 % 0 % 0 % 0 % 0 % 75 % 0 % 67 % 70 %
12S 711 516 480 282 17 10 27 12 3 2 1 1 1 0 4 2 0 0 1 0 7 4 7 3 199 124 1,458 956 12S
73 % 59 % 59 % 44 % 67 % 100 % 0 % 50 % 0 % 0 % 57 % 43 % 62 % 66 %
12T 935 684 559 355 17 11 16 11 0 0 2 1 6 3 3 0 0 0 0 0 4 2 3 1 215 131 1,760 1,199 12T
73 % 64 % 65 % 69 % 0 % 50 % 50 % 0 % 0 % 0 % 50 % 33 % 61 % 68 %
124 0 0 0 0 0 0 0 0 0 0 0 0 0 0 0 0 0 0 0 0 0 0 0 0 0 1 0 1 124
0 % 0 % 0 % 0 % 0 % 0 % 0 % 0 % 0 % 0 % 0 % 0 % 0 % 0 %
1258 0 1 0 0 0 0 0 0 0 0 0 0 0 0 0 0 0 0 0 0 0 0 0 0 0 0 0 1 1258
0 % 0 % 0 % 0 % 0 % 0 % 0 % 0 % 0 % 0 % 0 % 0 % 0 % 0 %
1270 0 0 0 1 0 0 0 0 0 0 0 0 0 0 0 0 0 0 0 0 0 0 0 0 0 0 0 1 1270
0 % 0 % 0 % 0 % 0 % 0 % 0 % 0 % 0 % 0 % 0 % 0 % 0 % 0 %
1272 0 1 0 0 0 0 0 0 0 0 0 0 0 0 0 0 0 0 0 0 0 0 0 0 0 0 0 1 1272
0 % 0 % 0 % 0 % 0 % 0 % 0 % 0 % 0 % 0 % 0 % 0 % 0 % 0 %
1273 0 0 0 1 0 0 0 0 0 0 0 0 0 0 0 0 0 0 0 0 0 0 0 0 0 0 0 1 1273
0 % 0 % 0 % 0 % 0 % 0 % 0 % 0 % 0 % 0 % 0 % 0 % 0 % 0 %
129 0 0 0 0 0 0 0 1 0 0 0 0 0 0 0 0 0 0 0 0 0 0 0 0 0 0 0 1 129
0 % 0 % 0 % 0 % 0 % 0 % 0 % 0 % 0 % 0 % 0 % 0 % 0 % 0 %
13 0 0 0 1 0 0 0 1 0 0 0 0 0 0 0 0 0 0 0 0 0 0 0 0 0 0 0 2 13
0 % 0 % 0 % 0 % 0 % 0 % 0 % 0 % 0 % 0 % 0 % 0 % 0 % 0 %
13B 0 1 0 0 0 1 0 0 0 0 0 0 0 0 0 0 0 0 0 0 0 0 0 0 0 0 0 2 13B
0 % 0 % 0 % 0 % 0 % 0 % 0 % 0 % 0 % 0 % 0 % 0 % 0 % 0 %
135 0 0 0 0 0 1 0 1 0 0 0 1 0 0 0 0 0 0 0 0 0 0 0 0 0 0 0 3 135
0 % 0 % 0 % 0 % 0 % 0 % 0 % 0 % 0 % 0 % 0 % 0 % 0 % 0 %
138 0 0 0 0 0 0 0 1 0 0 0 0 0 0 0 0 0 0 0 0 0 0 0 0 0 0 0 1 138
0 % 0 % 0 % 0 % 0 % 0 % 0 % 0 % 0 % 0 % 0 % 0 % 0 % 0 %
14 0 0 0 0 0 0 0 0 0 0 0 0 0 0 0 0 0 0 0 0 0 0 0 0 0 1 0 1 14
0 % 0 % 0 % 0 % 0 % 0 % 0 % 0 % 0 % 0 % 0 % 0 % 0 % 0 %
140 0 0 0 0 0 0 0 0 0 0 0 0 0 0 0 0 0 0 0 0 0 0 0 0 0 1 0 1 140
0 % 0 % 0 % 0 % 0 % 0 % 0 % 0 % 0 % 0 % 0 % 0 % 0 % 0 %
143 0 0 0 0 0 0 0 0 0 0 0 0 0 0 0 0 0 0 0 0 0 0 0 0 0 1 0 1 143
0 % 0 % 0 % 0 % 0 % 0 % 0 % 0 % 0 % 0 % 0 % 0 % 0 % 0 %
15 0 1 0 1 0 0 0 0 0 0 0 0 0 0 0 0 0 0 0 0 0 0 0 0 0 0 0 2 15
0 % 0 % 0 % 0 % 0 % 0 % 0 % 0 % 0 % 0 % 0 % 0 % 0 % 0 %
17 0 0 0 0 0 1 0 0 0 0 0 0 0 0 0 0 0 0 0 0 0 0 0 0 0 0 0 1 17
0 % 0 % 0 % 0 % 0 % 0 % 0 % 0 % 0 % 0 % 0 % 0 % 0 % 0 %
1771 0 1 0 0 0 0 0 0 0 0 0 0 0 0 0 0 0 0 0 0 0 0 0 0 0 0 0 1 1771
0 % 0 % 0 % 0 % 0 % 0 % 0 % 0 % 0 % 0 % 0 % 0 % 0 % 0 %
18 0 0 0 0 0 0 0 1 0 0 0 0 0 0 0 0 0 0 0 0 0 0 0 0 0 0 0 1 18
0 % 0 % 0 % 0 % 0 % 0 % 0 % 0 % 0 % 0 % 0 % 0 % 0 % 0 %
1895 0 0 0 0 0 0 0 1 0 0 0 0 0 0 0 0 0 0 0 0 0 0 0 0 0 0 0 1 1895
0 % 0 % 0 % 0 % 0 % 0 % 0 % 0 % 0 % 0 % 0 % 0 % 0 % 0 %
2 0 0 0 1 0 0 0 0 0 0 0 0 0 0 0 0 0 0 0 0 0 0 0 0 0 0 0 1 2
0 % 0 % 0 % 0 % 0 % 0 % 0 % 0 % 0 % 0 % 0 % 0 % 0 % 0 %
2B 0 0 0 0 0 2 0 1 0 0 0 0 0 0 0 0 0 0 0 0 0 0 0 0 0 0 0 3 2B
0 % 0 % 0 % 0 % 0 % 0 % 0 % 0 % 0 % 0 % 0 % 0 % 0 % 0 %
28 0 4 0 1 0 2 0 0 0 0 0 0 0 0 0 0 0 0 0 0 0 0 0 0 0 2 0 9 28
0 % 0 % 0 % 0 % 0 % 0 % 0 % 0 % 0 % 0 % 0 % 0 % 0 % 0 %
29 0 1 0 1 0 0 0 0 0 0 0 0 0 0 0 0 0 0 0 0 0 0 0 0 0 0 0 2 29
0 % 0 % 0 % 0 % 0 % 0 % 0 % 0 % 0 % 0 % 0 % 0 % 0 % 0 %
2933 0 0 0 0 0 0 0 1 0 0 0 0 0 0 0 0 0 0 0 0 0 0 0 0 0 0 0 1 2933
0 % 0 % 0 % 0 % 0 % 0 % 0 % 0 % 0 % 0 % 0 % 0 % 0 % 0 %
3 0 0 0 0 0 1 0 0 0 0 0 0 0 0 0 0 0 0 0 0 0 0 0 0 0 1 0 2 3
0 % 0 % 0 % 0 % 0 % 0 % 0 % 0 % 0 % 0 % 0 % 0 % 0 % 0 %
3-13C 0 1 0 0 0 0 0 0 0 0 0 0 0 0 0 0 0 0 0 0 0 0 0 0 0 0 0 1 3-13C
0 % 0 % 0 % 0 % 0 % 0 % 0 % 0 % 0 % 0 % 0 % 0 % 0 % 0 %
3B 0 0 0 0 0 1 0 1 0 0 0 0 0 0 0 0 0 0 0 0 0 0 0 0 0 1 0 3 3B
0 % 0 % 0 % 0 % 0 % 0 % 0 % 0 % 0 % 0 % 0 % 0 % 0 % 0 %
302 0 0 0 0 0 0 0 0 0 1 0 0 0 0 0 0 0 0 0 0 0 0 0 0 0 0 0 1 302
0 % 0 % 0 % 0 % 0 % 0 % 0 % 0 % 0 % 0 % 0 % 0 % 0 % 0 %
31 0 1 0 0 0 0 0 0 0 0 0 0 0 0 0 0 0 0 0 0 0 0 0 0 0 0 0 1 31
0 % 0 % 0 % 0 % 0 % 0 % 0 % 0 % 0 % 0 % 0 % 0 % 0 % 0 %
33 0 0 0 1 0 0 0 0 0 0 0 0 0 0 0 0 0 0 0 0 0 0 0 0 0 0 0 1 33
0 % 0 % 0 % 0 % 0 % 0 % 0 % 0 % 0 % 0 % 0 % 0 % 0 % 0 %
34 0 1 0 0 0 0 0 0 0 0 0 0 0 0 0 0 0 0 0 0 0 0 0 0 0 0 0 1 34
0 % 0 % 0 % 0 % 0 % 0 % 0 % 0 % 0 % 0 % 0 % 0 % 0 % 0 %
36 0 0 0 0 0 1 0 0 0 0 0 0 0 0 0 0 0 0 0 0 0 0 0 0 0 0 0 1 36
0 % 0 % 0 % 0 % 0 % 0 % 0 % 0 % 0 % 0 % 0 % 0 % 0 % 0 %
4A 0 0 0 0 0 1 0 0 0 0 0 0 0 0 0 0 0 0 0 0 0 0 0 0 0 0 0 1 4A
0 % 0 % 0 % 0 % 0 % 0 % 0 % 0 % 0 % 0 % 0 % 0 % 0 % 0 %
4B 0 0 0 0 0 1 0 3 0 0 0 0 0 0 0 0 0 0 0 0 0 0 0 0 0 0 0 4 4B
0 % 0 % 0 % 0 % 0 % 0 % 0 % 0 % 0 % 0 % 0 % 0 % 0 % 0 %
4C 0 0 0 0 0 0 0 1 0 0 0 0 0 0 0 0 0 0 0 0 0 0 0 0 0 0 0 1 4C
0 % 0 % 0 % 0 % 0 % 0 % 0 % 0 % 0 % 0 % 0 % 0 % 0 % 0 %
400 0 0 0 0 0 0 0 1 0 0 0 0 0 0 0 0 0 0 0 0 0 0 0 0 0 0 0 1 400
0 % 0 % 0 % 0 % 0 % 0 % 0 % 0 % 0 % 0 % 0 % 0 % 0 % 0 %
404 0 0 0 1 0 0 0 0 0 0 0 0 0 0 0 0 0 0 0 0 0 0 0 0 0 0 0 1 404
0 % 0 % 0 % 0 % 0 % 0 % 0 % 0 % 0 % 0 % 0 % 0 % 0 % 0 %
406 0 0 0 1 0 0 0 0 0 0 0 0 0 0 0 0 0 0 0 0 0 0 0 0 0 0 0 1 406
0 % 0 % 0 % 0 % 0 % 0 % 0 % 0 % 0 % 0 % 0 % 0 % 0 % 0 %
4193 0 1 0 0 0 0 0 0 0 0 0 0 0 0 0 0 0 0 0 0 0 0 0 0 0 0 0 1 4193
0 % 0 % 0 % 0 % 0 % 0 % 0 % 0 % 0 % 0 % 0 % 0 % 0 % 0 %
427 0 0 0 0 0 0 0 1 0 0 0 0 0 0 0 0 0 0 0 0 0 0 0 0 0 0 0 1 427
0 % 0 % 0 % 0 % 0 % 0 % 0 % 0 % 0 % 0 % 0 % 0 % 0 % 0 %
44 0 0 0 1 0 0 0 0 0 0 0 0 0 0 0 0 0 0 0 0 0 0 0 0 0 0 0 1 44
0 % 0 % 0 % 0 % 0 % 0 % 0 % 0 % 0 % 0 % 0 % 0 % 0 % 0 %
46 0 0 0 1 0 0 0 0 0 0 0 0 0 0 0 0 0 0 0 0 0 0 0 0 0 0 0 1 46
0 % 0 % 0 % 0 % 0 % 0 % 0 % 0 % 0 % 0 % 0 % 0 % 0 % 0 %
49 0 0 0 0 0 0 0 0 0 0 0 0 0 0 0 0 0 0 0 0 0 0 0 1 0 0 0 1 49
0 % 0 % 0 % 0 % 0 % 0 % 0 % 0 % 0 % 0 % 0 % 0 % 0 % 0 %
5 0 1 0 0 0 0 0 1 0 0 0 0 0 0 0 0 0 0 0 0 0 0 0 0 0 1 0 3 5
0 % 0 % 0 % 0 % 0 % 0 % 0 % 0 % 0 % 0 % 0 % 0 % 0 % 0 %
5C 0 0 0 0 0 0 0 1 0 0 0 0 0 0 0 0 0 0 0 0 0 0 0 0 0 0 0 1 5C
0 % 0 % 0 % 0 % 0 % 0 % 0 % 0 % 0 % 0 % 0 % 0 % 0 % 0 %
503 0 1 0 0 0 0 0 0 0 0 0 0 0 0 0 0 0 0 0 0 0 0 0 0 0 0 0 1 503
0 % 0 % 0 % 0 % 0 % 0 % 0 % 0 % 0 % 0 % 0 % 0 % 0 % 0 %
52 0 1 0 0 0 0 0 0 0 0 0 0 0 0 0 0 0 0 0 0 0 0 0 0 0 0 0 1 52
0 % 0 % 0 % 0 % 0 % 0 % 0 % 0 % 0 % 0 % 0 % 0 % 0 % 0 %
53 0 0 0 0 0 0 0 1 0 0 0 0 0 0 0 0 0 0 0 0 0 0 0 0 0 0 0 1 53
0 % 0 % 0 % 0 % 0 % 0 % 0 % 0 % 0 % 0 % 0 % 0 % 0 % 0 %
54 0 0 0 1 0 0 0 0 0 0 0 0 0 0 0 0 0 0 0 0 0 0 0 0 0 0 0 1 54
0 % 0 % 0 % 0 % 0 % 0 % 0 % 0 % 0 % 0 % 0 % 0 % 0 % 0 %
56 0 0 0 2 0 0 0 0 0 0 0 0 0 0 0 0 0 0 0 0 0 0 0 0 0 0 0 2 56
0 % 0 % 0 % 0 % 0 % 0 % 0 % 0 % 0 % 0 % 0 % 0 % 0 % 0 %
5610 0 0 0 1 0 1 0 0 0 0 0 0 0 0 0 0 0 0 0 0 0 0 0 0 0 0 0 2 5610
0 % 0 % 0 % 0 % 0 % 0 % 0 % 0 % 0 % 0 % 0 % 0 % 0 % 0 %
6 0 0 0 0 0 2 0 2 0 0 0 0 0 0 0 0 0 0 0 0 0 0 0 0 0 0 0 4 6
0 % 0 % 0 % 0 % 0 % 0 % 0 % 0 % 0 % 0 % 0 % 0 % 0 % 0 %
6-11C 0 0 0 0 0 0 0 0 0 0 0 0 0 0 0 0 0 0 0 0 0 0 0 0 0 1 0 1 6-11C
0 % 0 % 0 % 0 % 0 % 0 % 0 % 0 % 0 % 0 % 0 % 0 % 0 % 0 %
6-8_C 0 0 0 1 0 1 0 0 0 0 0 0 0 0 0 0 0 0 0 0 0 0 0 0 0 0 0 2 6-8_C
0 % 0 % 0 % 0 % 0 % 0 % 0 % 0 % 0 % 0 % 0 % 0 % 0 % 0 %
6C 0 0 0 0 0 0 0 0 0 0 0 0 0 0 0 0 0 0 0 0 0 0 0 0 0 2 0 2 6C
0 % 0 % 0 % 0 % 0 % 0 % 0 % 0 % 0 % 0 % 0 % 0 % 0 % 0 %
6D 0 1 0 0 0 0 0 0 0 0 0 0 0 0 0 0 0 0 0 0 0 0 0 0 0 0 0 1 6D
0 % 0 % 0 % 0 % 0 % 0 % 0 % 0 % 0 % 0 % 0 % 0 % 0 % 0 %
61 0 0 0 1 0 0 0 1 0 0 0 0 0 0 0 0 0 0 0 0 0 0 0 0 0 0 0 2 61
0 % 0 % 0 % 0 % 0 % 0 % 0 % 0 % 0 % 0 % 0 % 0 % 0 % 0 %
7 0 1 0 0 0 0 0 0 0 0 0 0 0 0 0 0 0 0 0 0 0 0 0 0 0 0 0 1 7
0 % 0 % 0 % 0 % 0 % 0 % 0 % 0 % 0 % 0 % 0 % 0 % 0 % 0 %
7-7_C 0 0 0 0 0 0 0 0 0 0 0 0 0 1 0 0 0 0 0 0 0 0 0 0 0 0 0 1 7-7_C
0 % 0 % 0 % 0 % 0 % 0 % 0 % 0 % 0 % 0 % 0 % 0 % 0 % 0 %
7A 0 0 0 0 0 0 0 1 0 0 0 0 0 0 0 0 0 0 0 0 0 0 0 0 0 0 0 1 7A
0 % 0 % 0 % 0 % 0 % 0 % 0 % 0 % 0 % 0 % 0 % 0 % 0 % 0 %
7B 0 0 0 0 0 0 0 0 0 0 0 0 0 0 0 0 0 0 0 0 0 0 0 0 0 1 0 1 7B
0 % 0 % 0 % 0 % 0 % 0 % 0 % 0 % 0 % 0 % 0 % 0 % 0 % 0 %
7C 0 0 0 0 0 0 0 0 0 0 0 0 0 0 0 0 0 0 0 0 0 0 0 0 0 1 0 1 7C
0 % 0 % 0 % 0 % 0 % 0 % 0 % 0 % 0 % 0 % 0 % 0 % 0 % 0 %
703 0 0 0 1 0 0 0 0 0 0 0 0 0 0 0 0 0 0 0 0 0 0 0 0 0 0 0 1 703
0 % 0 % 0 % 0 % 0 % 0 % 0 % 0 % 0 % 0 % 0 % 0 % 0 % 0 %
707 0 1 0 0 0 0 0 0 0 0 0 0 0 0 0 0 0 0 0 0 0 0 0 0 0 0 0 1 707
0 % 0 % 0 % 0 % 0 % 0 % 0 % 0 % 0 % 0 % 0 % 0 % 0 % 0 %
714A4 0 1 0 0 0 0 0 0 0 0 0 0 0 0 0 0 0 0 0 0 0 0 0 0 0 0 0 1 714A4
0 % 0 % 0 % 0 % 0 % 0 % 0 % 0 % 0 % 0 % 0 % 0 % 0 % 0 %
729 0 1 0 0 0 0 0 0 0 0 0 0 0 0 0 0 0 0 0 0 0 0 0 0 0 0 0 1 729
0 % 0 % 0 % 0 % 0 % 0 % 0 % 0 % 0 % 0 % 0 % 0 % 0 % 0 %
730 0 1 0 0 0 1 0 0 0 0 0 0 0 0 0 0 0 0 0 0 0 0 0 0 0 0 0 2 730
0 % 0 % 0 % 0 % 0 % 0 % 0 % 0 % 0 % 0 % 0 % 0 % 0 % 0 %
734 0 1 0 0 0 0 0 0 0 0 0 0 0 0 0 0 0 0 0 0 0 0 0 0 0 0 0 1 734
0 % 0 % 0 % 0 % 0 % 0 % 0 % 0 % 0 % 0 % 0 % 0 % 0 % 0 %
737 0 0 0 0 0 0 0 0 0 0 0 0 0 0 0 0 0 0 0 0 0 0 0 0 0 1 0 1 737
0 % 0 % 0 % 0 % 0 % 0 % 0 % 0 % 0 % 0 % 0 % 0 % 0 % 0 %
738 0 0 0 0 0 0 0 0 0 0 0 0 0 0 0 0 0 0 0 0 0 0 0 0 0 1 0 1 738
0 % 0 % 0 % 0 % 0 % 0 % 0 % 0 % 0 % 0 % 0 % 0 % 0 % 0 %
739 0 1 0 0 0 0 0 0 0 0 0 0 0 0 0 0 0 0 0 0 0 0 0 0 0 0 0 1 739
0 % 0 % 0 % 0 % 0 % 0 % 0 % 0 % 0 % 0 % 0 % 0 % 0 % 0 %
784 0 1 0 0 0 0 0 0 0 0 0 0 0 0 0 0 0 0 0 0 0 0 0 0 0 0 0 1 784
0 % 0 % 0 % 0 % 0 % 0 % 0 % 0 % 0 % 0 % 0 % 0 % 0 % 0 %
8-13C 0 0 0 1 0 0 0 0 0 0 0 0 0 0 0 0 0 0 0 0 0 0 0 0 0 0 0 1 8-13C
0 % 0 % 0 % 0 % 0 % 0 % 0 % 0 % 0 % 0 % 0 % 0 % 0 % 0 %
8-5_C 0 0 0 1 0 0 0 0 0 0 0 0 0 0 0 0 0 0 0 0 0 0 0 0 0 0 0 1 8-5_C
0 % 0 % 0 % 0 % 0 % 0 % 0 % 0 % 0 % 0 % 0 % 0 % 0 % 0 %
8A 0 0 0 0 0 0 0 0 0 0 0 0 0 0 0 0 0 0 0 0 0 0 0 0 0 1 0 1 8A
0 % 0 % 0 % 0 % 0 % 0 % 0 % 0 % 0 % 0 % 0 % 0 % 0 % 0 %
9 0 0 0 1 0 0 0 0 0 0 0 0 0 0 0 0 0 0 0 0 0 0 0 0 0 0 0 1 9
0 % 0 % 0 % 0 % 0 % 0 % 0 % 0 % 0 % 0 % 0 % 0 % 0 % 0 %
TOTALS 134,058 98,776 97,318 59,787 123,565 92,486 114,656 84,133 5,056 2,944 4,919 2,776 3,791 2,322 3,312 1,810 52 37 29 15 4,539 2,824 3,885 2,330 73,115 45,375 568,295 395,615 9
74 % 61 % 75 % 73 % 58 % 56 % 61 % 55 % 71 % 52 % 62 % 60 % 62 % 70 %