BF03 0 0 0 0 0 1 0 0 0 0 0 0 0 0 0 0 0 0 0 0 0 0 0 0 0 0 0 1 BF03
0 % 0 % 0 % 0 % 0 % 0 % 0 % 0 % 0 % 0 % 0 % 0 % 0 % 0 %
ELLIJAY_SO 2 1 3 3 983 743 843 629 0 0 0 0 17 5 19 6 0 0 0 0 2 1 4 3 88 52 1,961 1,443 01
50 % 100 % 76 % 75 % 0 % 0 % 29 % 32 % 0 % 0 % 50 % 75 % 59 % 74 %
CARTECAY 0 0 0 0 573 457 544 429 0 0 0 0 4 2 2 0 0 0 0 0 8 1 1 0 36 28 1,168 917 02
0 % 0 % 80 % 79 % 0 % 0 % 50 % 0 % 0 % 0 % 13 % 0 % 78 % 79 %
TAILS_CREE 1 1 3 2 550 355 502 342 0 0 1 1 3 2 1 1 0 0 0 0 3 1 2 0 61 21 1,127 726 03
100 % 67 % 65 % 68 % 0 % 100 % 67 % 100 % 0 % 0 % 33 % 0 % 34 % 64 %
039 0 0 0 0 0 0 0 1 0 0 0 0 0 0 0 0 0 0 0 0 0 0 0 0 0 0 0 1 039
0 % 0 % 0 % 0 % 0 % 0 % 0 % 0 % 0 % 0 % 0 % 0 % 0 % 0 %
TOWN_CREEK 0 0 2 1 377 282 324 242 0 0 1 1 6 2 3 3 0 0 0 0 1 1 0 0 32 19 746 551 04
0 % 50 % 75 % 75 % 0 % 100 % 33 % 100 % 0 % 0 % 100 % 0 % 59 % 74 %
LEACHES 3 3 3 2 835 611 781 543 3 3 1 0 7 2 6 1 0 0 0 0 3 2 5 3 75 46 1,722 1,216 05
100 % 67 % 73 % 70 % 100 % 0 % 29 % 17 % 0 % 0 % 67 % 60 % 61 % 71 %
CHERRY_LOG 0 0 1 1 315 253 338 262 1 1 1 1 2 1 0 0 1 1 0 0 0 0 0 0 16 11 675 531 06
0 % 100 % 80 % 78 % 100 % 100 % 50 % 0 % 100 % 0 % 0 % 0 % 69 % 79 %
BOARDTOWN 1 1 1 1 462 374 444 363 1 1 0 0 0 0 1 0 0 0 0 0 0 0 4 2 35 23 949 765 07
100 % 100 % 81 % 82 % 100 % 0 % 0 % 0 % 0 % 0 % 0 % 50 % 66 % 81 %
MOUNTAINTO 1 2 0 0 400 304 385 290 2 2 1 0 0 0 0 0 0 0 0 0 2 2 0 0 30 17 821 617 08
200 % 0 % 76 % 75 % 100 % 0 % 0 % 0 % 0 % 0 % 100 % 0 % 57 % 75 %
EAST_ELLIJ 1 0 0 0 581 453 533 416 3 2 4 3 7 5 12 10 0 0 0 0 1 1 3 0 41 22 1,186 912 09
0 % 0 % 78 % 78 % 67 % 75 % 71 % 83 % 0 % 0 % 100 % 0 % 54 % 77 %
ELLIJAY_NO 1 0 2 1 616 468 543 416 2 0 0 0 11 5 11 4 0 0 0 0 4 1 1 1 43 22 1,234 918 10
0 % 50 % 76 % 77 % 0 % 0 % 45 % 36 % 0 % 0 % 25 % 100 % 51 % 74 %
YUKON 0 0 1 0 418 337 427 302 0 0 1 1 4 4 9 5 0 0 0 0 2 2 0 0 22 12 884 663 11
0 % 0 % 81 % 71 % 0 % 100 % 100 % 56 % 0 % 0 % 100 % 0 % 55 % 75 %
BIG_CREEK 1 1 1 1 496 389 495 381 0 0 0 0 3 1 6 0 0 0 0 0 1 1 2 1 38 25 1,043 800 12
100 % 100 % 78 % 77 % 0 % 0 % 33 % 0 % 0 % 0 % 100 % 50 % 66 % 77 %
ELLIJAY_NO 0 0 2 2 633 507 585 468 1 0 0 0 3 2 8 3 0 0 0 0 0 0 3 1 45 39 1,280 1,022 13
0 % 100 % 80 % 80 % 0 % 0 % 67 % 38 % 0 % 0 % 0 % 33 % 87 % 80 %
849-A 0 0 0 0 0 1 0 0 0 0 0 0 0 0 0 0 0 0 0 0 0 0 0 0 0 0 0 1 849-A
0 % 0 % 0 % 0 % 0 % 0 % 0 % 0 % 0 % 0 % 0 % 0 % 0 % 0 %
TOTALS 11 9 19 14 7,239 5,535 6,744 5,084 13 9 10 7 67 31 78 33 1 1 0 0 27 13 25 11 562 337 14,796 11,084 849-A
82 % 74 % 76 % 75 % 69 % 70 % 46 % 42 % 100 % 0 % 48 % 44 % 60 % 75 %