EDGEHILL 0 0 0 0 53 48 50 44 0 0 0 0 0 0 0 0 0 0 0 0 0 0 0 0 1 0 104 92 EDGH
0 % 0 % 91 % 88 % 0 % 0 % 0 % 0 % 0 % 0 % 0 % 0 % 0 % 88 %
GIBSON 20 16 17 11 294 231 230 181 0 0 0 0 0 0 1 0 0 0 0 0 0 0 0 0 15 8 577 447 GIBS
80 % 65 % 79 % 79 % 0 % 0 % 0 % 0 % 0 % 0 % 0 % 0 % 53 % 77 %
MILL 14 12 9 6 303 244 276 215 0 0 0 0 1 1 0 0 0 0 0 0 0 0 1 1 19 14 623 493 MILL
86 % 67 % 81 % 78 % 0 % 0 % 100 % 0 % 0 % 0 % 0 % 100 % 74 % 79 %
MITCHELL 27 25 21 13 187 145 155 121 0 0 0 0 1 0 2 1 0 0 0 0 0 0 0 0 11 7 404 312 MITC
93 % 62 % 78 % 78 % 0 % 0 % 0 % 50 % 0 % 0 % 0 % 0 % 64 % 77 %
5 0 0 0 0 0 0 0 1 0 0 0 0 0 0 0 0 0 0 0 0 0 0 0 0 0 0 0 1 5
0 % 0 % 0 % 0 % 0 % 0 % 0 % 0 % 0 % 0 % 0 % 0 % 0 % 0 %
TOTALS 61 53 47 30 837 668 711 562 0 0 0 0 2 1 3 1 0 0 0 0 0 0 1 1 46 29 1,708 1,345 5
87 % 64 % 80 % 79 % 0 % 0 % 50 % 33 % 0 % 0 % 0 % 100 % 63 % 79 %