STERLING_E 161 136 134 91 1,407 1,049 1,235 917 10 10 4 2 17 11 11 1 1 0 0 0 12 10 7 3 253 134 3,252 2,364 1713
84 % 68 % 75 % 74 % 100 % 50 % 65 % 9 % 0 % 0 % 83 % 43 % 53 % 73 %
MARSHES_OF 223 182 191 136 895 672 735 538 3 1 2 1 8 6 2 2 1 0 0 0 5 3 10 5 179 106 2,254 1,652 1923
82 % 71 % 75 % 73 % 33 % 50 % 75 % 100 % 0 % 0 % 60 % 50 % 59 % 73 %
SATILLA_MA 102 81 74 52 798 602 751 582 8 4 8 6 9 7 9 6 1 0 0 0 4 3 9 7 175 111 1,948 1,461 1933
79 % 70 % 75 % 77 % 50 % 75 % 78 % 67 % 0 % 0 % 75 % 78 % 63 % 75 %
GLYNDALE_S 48 37 34 26 869 668 749 567 4 3 4 4 5 2 8 4 0 0 0 0 6 2 3 2 126 73 1,856 1,388 1943
77 % 76 % 77 % 76 % 75 % 100 % 40 % 50 % 0 % 0 % 33 % 67 % 58 % 75 %
CHRISTIAN 11 6 12 10 1,399 1,097 1,153 902 10 6 2 1 12 8 4 3 0 0 0 0 4 3 3 2 219 163 2,829 2,201 2713
55 % 83 % 78 % 78 % 60 % 50 % 67 % 75 % 0 % 0 % 75 % 67 % 74 % 78 %
OGLETHORPE 35 28 25 18 900 762 796 645 3 3 2 2 5 2 7 6 0 0 0 0 7 5 5 2 125 97 1,910 1,570 2923
80 % 72 % 85 % 81 % 100 % 100 % 40 % 86 % 0 % 0 % 71 % 40 % 78 % 82 %
ST_WILLIAM 30 22 25 15 1,844 1,479 1,452 1,132 10 4 8 6 10 3 6 5 0 0 0 0 9 6 4 2 281 191 3,679 2,865 2933
73 % 60 % 80 % 78 % 40 % 75 % 30 % 83 % 0 % 0 % 67 % 50 % 68 % 78 %
FIRST_BAPT 58 48 44 23 1,671 1,326 1,321 1,029 9 5 8 5 8 5 10 6 0 0 1 1 5 3 7 3 264 175 3,406 2,629 2943
83 % 52 % 79 % 78 % 56 % 63 % 63 % 60 % 0 % 100 % 60 % 43 % 66 % 77 %
JEKYLL_ISL 1 0 2 1 293 236 255 197 2 1 1 0 3 3 1 1 0 0 0 0 0 0 0 0 45 29 603 468 2953
0 % 50 % 81 % 77 % 50 % 0 % 100 % 100 % 0 % 0 % 0 % 0 % 64 % 78 %
3 0 0 0 0 0 1 0 0 0 0 0 0 0 0 0 0 0 0 0 0 0 0 0 0 0 0 0 1 3
0 % 0 % 0 % 0 % 0 % 0 % 0 % 0 % 0 % 0 % 0 % 0 % 0 % 0 %
STERLING_C 232 169 190 124 1,098 704 877 583 15 11 7 3 23 12 22 10 0 0 0 0 13 11 12 9 258 123 2,747 1,759 3713
73 % 65 % 64 % 66 % 73 % 43 % 52 % 45 % 0 % 0 % 85 % 75 % 48 % 64 %
SE_BAPTIST 129 99 100 54 659 501 515 388 5 1 4 2 10 7 8 3 0 0 0 0 4 2 2 1 122 63 1,558 1,121 3723
77 % 54 % 76 % 75 % 20 % 50 % 70 % 38 % 0 % 0 % 50 % 50 % 52 % 72 %
CAREER_ACA 151 113 98 61 1,007 752 905 688 5 5 2 1 17 10 12 7 1 1 1 0 10 9 3 2 175 91 2,387 1,740 3733
75 % 62 % 75 % 76 % 100 % 50 % 59 % 58 % 100 % 0 % 90 % 67 % 52 % 73 %
C_B_GREER 210 134 235 115 930 667 810 592 12 9 8 3 29 16 32 16 0 0 0 0 18 12 12 5 242 144 2,538 1,713 3743
64 % 49 % 72 % 73 % 75 % 38 % 55 % 50 % 0 % 0 % 67 % 42 % 60 % 67 %
4193 0 0 0 0 0 1 0 0 0 0 0 0 0 0 0 0 0 0 0 0 0 0 0 0 0 0 0 1 4193
0 % 0 % 0 % 0 % 0 % 0 % 0 % 0 % 0 % 0 % 0 % 0 % 0 % 0 %
4393 0 0 0 0 0 1 0 0 0 0 0 0 0 0 0 0 0 0 0 0 0 0 0 0 0 0 0 1 4393
0 % 0 % 0 % 0 % 0 % 0 % 0 % 0 % 0 % 0 % 0 % 0 % 0 % 0 %
BALLARD_CO 294 201 166 97 1,000 678 752 520 9 6 8 4 11 7 16 7 0 0 0 0 18 10 9 5 242 116 2,525 1,651 4913
68 % 58 % 68 % 69 % 67 % 50 % 64 % 44 % 0 % 0 % 56 % 56 % 48 % 65 %
NORTHSIDE 687 555 438 290 611 410 529 367 5 3 13 6 20 10 15 11 0 0 0 0 16 9 9 6 234 121 2,577 1,788 4923
81 % 66 % 67 % 69 % 60 % 46 % 50 % 73 % 0 % 0 % 56 % 67 % 52 % 69 %
ABUNDANT_L 575 420 352 213 597 381 430 295 9 4 4 1 22 12 21 10 1 0 0 0 10 8 3 0 205 93 2,229 1,437 4933
73 % 61 % 64 % 69 % 44 % 25 % 55 % 48 % 0 % 0 % 80 % 0 % 45 % 64 %
COLLEGE_PL 298 243 189 117 448 316 324 226 3 2 5 1 8 4 7 3 0 0 0 0 4 3 3 2 101 54 1,390 971 4943
82 % 62 % 71 % 70 % 67 % 20 % 50 % 43 % 0 % 0 % 75 % 67 % 53 % 70 %
5 0 0 0 0 0 1 0 0 0 0 0 0 0 0 0 0 0 0 0 0 0 0 0 0 0 0 0 1 5
0 % 0 % 0 % 0 % 0 % 0 % 0 % 0 % 0 % 0 % 0 % 0 % 0 % 0 %
COLLEGE_PL 227 160 155 91 38 21 28 16 0 0 1 1 1 0 0 0 0 0 0 0 1 0 1 0 36 23 488 312 5913
70 % 59 % 55 % 57 % 0 % 100 % 0 % 0 % 0 % 0 % 0 % 0 % 64 % 64 %
CITY_REC_B 749 490 516 250 591 421 542 379 6 4 2 1 16 6 20 4 0 0 0 0 15 9 11 4 202 114 2,670 1,682 5923
65 % 48 % 71 % 70 % 67 % 50 % 38 % 20 % 0 % 0 % 60 % 36 % 56 % 63 %
BURROUGHS 1,547 1,076 917 478 185 93 115 61 5 2 3 0 8 2 6 1 0 0 0 0 17 7 8 2 231 100 3,042 1,822 5933
70 % 52 % 50 % 53 % 40 % 0 % 25 % 17 % 0 % 0 % 41 % 25 % 43 % 60 %
SELDEN_PAR 413 278 231 124 176 102 145 94 1 1 1 1 4 2 3 1 0 0 0 0 4 1 4 1 96 50 1,078 655 5943
67 % 54 % 58 % 65 % 100 % 100 % 50 % 33 % 0 % 0 % 25 % 25 % 52 % 61 %
TOTALS 6,181 4,478 4,128 2,386 17,416 12,941 14,419 10,718 134 85 97 51 246 135 220 107 5 1 2 1 182 116 125 63 3,811 2,171 46,966 33,253 5943
72 % 58 % 74 % 74 % 63 % 53 % 55 % 49 % 20 % 50 % 64 % 50 % 57 % 71 %