C-968 0 0 0 0 0 0 0 1 0 0 0 0 0 0 0 0 0 0 0 0 0 0 0 0 0 0 0 1 C-968
0 % 0 % 0 % 0 % 0 % 0 % 0 % 0 % 0 % 0 % 0 % 0 % 0 % 0 %
DG 0 0 0 0 0 1 0 0 0 0 0 0 0 0 0 0 0 0 0 0 0 0 0 0 0 0 0 1 DG
0 % 0 % 0 % 0 % 0 % 0 % 0 % 0 % 0 % 0 % 0 % 0 % 0 % 0 %
MR6A 0 0 0 0 0 1 0 0 0 0 0 0 0 0 0 0 0 0 0 0 0 0 0 0 0 0 0 1 MR6A
0 % 0 % 0 % 0 % 0 % 0 % 0 % 0 % 0 % 0 % 0 % 0 % 0 % 0 %
SN6A 0 0 0 0 0 0 0 1 0 0 0 0 0 0 0 0 0 0 0 0 0 0 0 0 0 0 0 1 SN6A
0 % 0 % 0 % 0 % 0 % 0 % 0 % 0 % 0 % 0 % 0 % 0 % 0 % 0 %
01 0 0 0 0 0 4 0 1 0 0 0 0 0 0 0 0 0 0 0 0 0 0 0 0 0 0 0 5 01
0 % 0 % 0 % 0 % 0 % 0 % 0 % 0 % 0 % 0 % 0 % 0 % 0 % 0 %
021 0 0 0 0 0 0 0 1 0 0 0 0 0 0 0 0 0 0 0 0 0 0 0 0 0 0 0 1 021
0 % 0 % 0 % 0 % 0 % 0 % 0 % 0 % 0 % 0 % 0 % 0 % 0 % 0 %
10 0 0 0 0 0 0 0 1 0 0 0 0 0 0 0 0 0 0 0 0 0 0 0 0 0 0 0 1 10
0 % 0 % 0 % 0 % 0 % 0 % 0 % 0 % 0 % 0 % 0 % 0 % 0 % 0 %
SUGAR_VALL 2 2 4 2 537 371 517 359 2 1 0 0 2 2 6 1 0 0 0 0 0 0 1 0 5 4 1,076 742 1054
100 % 50 % 69 % 69 % 50 % 0 % 100 % 17 % 0 % 0 % 0 % 0 % 80 % 69 %
PLAINVILLE 10 6 14 8 707 488 622 429 3 1 4 1 10 6 8 6 0 0 0 0 0 0 3 2 6 2 1,387 949 1055
60 % 57 % 69 % 69 % 33 % 25 % 60 % 75 % 0 % 0 % 0 % 67 % 33 % 68 %
SONORAVILL 65 50 80 50 1,959 1,340 1,804 1,279 6 2 8 2 49 27 44 23 0 0 0 0 6 3 3 2 24 10 4,048 2,788 1056
77 % 63 % 68 % 71 % 33 % 25 % 55 % 52 % 0 % 0 % 50 % 67 % 42 % 69 %
RANGER 0 0 2 1 296 204 265 180 0 0 0 0 0 0 1 0 0 0 0 0 0 0 0 0 3 2 567 387 1057
0 % 50 % 69 % 68 % 0 % 0 % 0 % 0 % 0 % 0 % 0 % 0 % 67 % 68 %
PINE_CHAPE 0 0 4 4 372 260 359 235 0 0 0 0 1 1 2 0 0 0 0 0 2 1 0 0 2 1 742 502 1063
0 % 100 % 70 % 65 % 0 % 0 % 100 % 0 % 0 % 0 % 50 % 0 % 50 % 68 %
OOSTANAULA 35 30 33 29 243 174 223 151 1 1 1 1 2 1 0 0 0 0 0 0 0 0 0 0 4 1 542 388 1064
86 % 88 % 72 % 68 % 100 % 100 % 50 % 0 % 0 % 0 % 0 % 0 % 25 % 72 %
12 0 0 0 0 0 1 0 0 0 0 0 0 0 0 0 0 0 0 0 0 0 0 0 0 0 0 0 1 12
0 % 0 % 0 % 0 % 0 % 0 % 0 % 0 % 0 % 0 % 0 % 0 % 0 % 0 %
OAKMAN 1 1 4 4 361 220 336 213 0 0 2 0 0 0 0 0 0 0 0 0 3 1 0 0 3 2 710 441 1235
100 % 100 % 61 % 63 % 0 % 0 % 0 % 0 % 0 % 0 % 33 % 0 % 67 % 62 %
1291 0 0 0 0 0 1 0 1 0 0 0 0 0 0 0 0 0 0 0 0 0 0 0 0 0 0 0 2 1291
0 % 0 % 0 % 0 % 0 % 0 % 0 % 0 % 0 % 0 % 0 % 0 % 0 % 0 %
130 0 0 0 0 0 1 0 1 0 0 0 0 0 0 0 0 0 0 0 0 0 0 0 0 0 0 0 2 130
0 % 0 % 0 % 0 % 0 % 0 % 0 % 0 % 0 % 0 % 0 % 0 % 0 % 0 %
8 0 0 0 0 0 1 0 0 0 0 0 0 0 0 0 0 0 0 0 0 0 0 0 0 0 0 0 1 8
0 % 0 % 0 % 0 % 0 % 0 % 0 % 0 % 0 % 0 % 0 % 0 % 0 % 0 %
GORDON_COU 77 51 72 41 2,252 1,445 1,972 1,289 17 9 13 6 100 45 109 52 0 0 1 1 8 6 13 7 22 10 4,656 2,962 849-A
66 % 57 % 64 % 65 % 53 % 46 % 45 % 48 % 0 % 100 % 75 % 54 % 45 % 64 %
CALHOUN_CI 290 203 181 100 2,836 1,923 2,299 1,572 24 10 18 6 214 93 153 63 3 0 3 2 13 3 13 6 37 15 6,084 3,996 849-B
70 % 55 % 68 % 68 % 42 % 33 % 43 % 41 % 0 % 67 % 23 % 46 % 41 % 66 %
LILY_POND 33 24 29 13 698 479 625 447 3 2 3 0 6 3 10 2 0 0 0 0 2 1 5 2 5 2 1,419 975 856
73 % 45 % 69 % 72 % 67 % 0 % 50 % 20 % 0 % 0 % 50 % 40 % 40 % 69 %
FAIRMOUNT 9 5 8 7 556 378 516 358 0 0 2 1 3 2 0 0 0 0 0 0 0 0 0 0 3 2 1,097 753 874
56 % 88 % 68 % 69 % 0 % 50 % 67 % 0 % 0 % 0 % 0 % 0 % 67 % 69 %
RED_BUD 25 16 24 12 956 681 877 630 5 3 6 6 26 15 24 9 0 0 0 0 6 4 3 2 8 7 1,960 1,385 973
64 % 50 % 71 % 72 % 60 % 100 % 58 % 38 % 0 % 0 % 67 % 67 % 88 % 71 %
RESACA 7 5 6 4 506 337 459 326 0 0 1 0 30 14 24 12 0 0 0 0 1 0 2 1 8 4 1,044 703 980
71 % 67 % 67 % 71 % 0 % 0 % 47 % 50 % 0 % 0 % 0 % 50 % 50 % 67 %
TOTALS 554 393 461 275 12,279 8,310 10,874 7,475 61 29 58 23 443 209 381 168 3 0 4 3 41 19 43 22 130 62 25,332 16,988 980
71 % 60 % 68 % 69 % 48 % 40 % 47 % 44 % 0 % 75 % 46 % 51 % 48 % 67 %