BLOWING_CA 38 25 28 11 297 222 259 191 0 0 1 0 9 6 2 1 0 0 0 0 0 0 2 1 20 11 656 468 B
66 % 39 % 75 % 74 % 0 % 0 % 67 % 50 % 0 % 0 % 0 % 50 % 55 % 71 %
BV 0 0 0 0 0 1 0 0 0 0 0 0 0 0 0 0 0 0 0 0 0 0 0 0 0 0 0 1 BV
0 % 0 % 0 % 0 % 0 % 0 % 0 % 0 % 0 % 0 % 0 % 0 % 0 % 0 %
CAIRO_4TH 1,045 782 695 438 238 186 201 144 0 0 2 1 10 6 5 2 0 0 0 0 3 3 5 1 63 32 2,267 1,595 C04
75 % 63 % 78 % 72 % 0 % 50 % 60 % 40 % 0 % 0 % 100 % 20 % 51 % 70 %
CAIRO_5TH 482 352 253 143 749 559 569 439 2 2 10 6 16 8 15 6 0 0 0 0 10 6 6 3 68 36 2,180 1,560 C05
73 % 57 % 75 % 77 % 100 % 60 % 50 % 40 % 0 % 0 % 60 % 50 % 53 % 72 %
DUNCANVILL 65 55 41 35 134 107 141 121 0 0 0 0 0 0 0 0 0 0 0 0 2 0 0 0 16 13 399 331 D
85 % 85 % 80 % 86 % 0 % 0 % 0 % 0 % 0 % 0 % 0 % 0 % 81 % 83 %
HIGDON 112 89 66 48 298 227 244 180 1 1 0 0 0 0 1 1 0 0 0 0 4 2 0 0 22 16 748 564 H
79 % 73 % 76 % 74 % 100 % 0 % 0 % 100 % 0 % 0 % 50 % 0 % 73 % 75 %
LIMESINK 26 17 22 9 121 95 105 81 1 0 0 0 0 0 0 0 0 0 0 0 0 0 0 0 11 4 286 206 L
65 % 41 % 79 % 77 % 0 % 0 % 0 % 0 % 0 % 0 % 0 % 0 % 36 % 72 %
MIDWAY 84 60 64 39 516 383 485 343 1 1 1 0 5 1 6 1 0 0 0 0 1 0 1 0 43 19 1,207 847 M
71 % 61 % 74 % 71 % 100 % 0 % 20 % 17 % 0 % 0 % 0 % 0 % 44 % 70 %
PINE_PARK 105 80 59 36 279 200 244 178 1 0 2 0 5 3 2 2 1 1 0 0 1 0 1 1 36 11 736 512 P
76 % 61 % 72 % 73 % 0 % 0 % 60 % 100 % 100 % 0 % 0 % 100 % 31 % 70 %
RAGAN 70 57 48 30 185 152 159 127 2 1 2 1 1 0 0 0 0 0 0 0 1 1 3 2 12 7 483 378 R
81 % 63 % 82 % 80 % 50 % 50 % 0 % 0 % 0 % 0 % 100 % 67 % 58 % 78 %
SPENCE 9 5 7 5 316 232 285 207 0 0 0 0 1 0 2 1 0 0 0 0 3 1 1 0 8 3 632 454 S
56 % 71 % 73 % 73 % 0 % 0 % 0 % 50 % 0 % 0 % 33 % 0 % 38 % 72 %
SPRING_HIL 13 10 18 13 228 185 208 167 1 0 0 0 1 0 0 0 0 0 0 0 0 0 1 1 12 5 482 381 SH
77 % 72 % 81 % 80 % 0 % 0 % 0 % 0 % 0 % 0 % 0 % 100 % 42 % 79 %
WHIGHAM 132 83 99 46 417 306 368 260 6 2 5 2 2 1 3 1 0 0 0 0 6 3 7 3 37 21 1,082 728 W
63 % 46 % 73 % 71 % 33 % 40 % 50 % 33 % 0 % 0 % 50 % 43 % 57 % 67 %
WOODLAND 66 46 50 35 899 698 797 612 1 1 3 1 6 3 5 3 0 0 0 0 2 1 2 1 49 25 1,880 1,426 WL
70 % 70 % 78 % 77 % 100 % 33 % 50 % 60 % 0 % 0 % 50 % 50 % 51 % 76 %
105 0 1 0 1 0 0 0 0 0 0 0 0 0 0 0 0 0 0 0 0 0 0 0 0 0 0 0 2 105
0 % 0 % 0 % 0 % 0 % 0 % 0 % 0 % 0 % 0 % 0 % 0 % 0 % 0 %
1361 0 1 0 0 0 0 0 0 0 0 0 0 0 0 0 0 0 0 0 0 0 0 0 0 0 0 0 1 1361
0 % 0 % 0 % 0 % 0 % 0 % 0 % 0 % 0 % 0 % 0 % 0 % 0 % 0 %
514 0 0 0 0 0 1 0 0 0 0 0 0 0 0 0 0 0 0 0 0 0 0 0 0 0 0 0 1 514
0 % 0 % 0 % 0 % 0 % 0 % 0 % 0 % 0 % 0 % 0 % 0 % 0 % 0 %
694 0 1 0 0 0 0 0 0 0 0 0 0 0 0 0 0 0 0 0 0 0 0 0 0 0 0 0 1 694
0 % 0 % 0 % 0 % 0 % 0 % 0 % 0 % 0 % 0 % 0 % 0 % 0 % 0 %
TOTALS 2,247 1,664 1,450 889 4,677 3,554 4,065 3,050 16 8 26 11 56 28 41 18 1 1 0 0 33 17 29 13 397 203 13,038 9,456 694
74 % 61 % 76 % 75 % 50 % 42 % 50 % 44 % 100 % 0 % 52 % 45 % 51 % 73 %