SS06 0 0 0 0 0 0 0 1 0 0 0 0 0 0 0 0 0 0 0 0 0 0 0 0 0 0 0 1 SS06
0 % 0 % 0 % 0 % 0 % 0 % 0 % 0 % 0 % 0 % 0 % 0 % 0 % 0 %
GREENSBORO 973 779 635 410 548 409 467 349 5 3 6 1 16 7 9 2 0 0 0 0 3 0 4 1 76 55 2,742 2,016 001
80 % 65 % 75 % 75 % 60 % 17 % 44 % 22 % 0 % 0 % 0 % 25 % 72 % 74 %
GRESHAMVIL 64 56 50 35 250 196 219 176 0 0 1 1 0 0 1 0 0 0 0 0 3 1 3 2 33 27 624 494 002
88 % 70 % 78 % 80 % 0 % 100 % 0 % 0 % 0 % 0 % 33 % 67 % 82 % 79 %
WOODVILLE 134 112 118 79 136 105 130 95 0 0 4 4 1 0 1 0 0 0 0 0 0 0 1 1 17 8 542 404 003
84 % 67 % 77 % 73 % 0 % 100 % 0 % 0 % 0 % 0 % 0 % 100 % 47 % 75 %
UNION_POIN 331 251 202 125 271 206 248 184 2 2 2 1 2 1 4 1 0 0 0 0 1 1 1 0 34 14 1,098 786 004
76 % 62 % 76 % 74 % 100 % 50 % 50 % 25 % 0 % 0 % 100 % 0 % 41 % 72 %
SILOAM 300 243 209 145 216 179 199 163 1 1 0 0 2 0 4 2 0 0 0 0 1 1 1 0 25 15 958 749 005
81 % 69 % 83 % 82 % 100 % 0 % 0 % 50 % 0 % 0 % 100 % 0 % 60 % 78 %
WHITE_PLAI 105 86 85 46 87 72 81 71 0 0 0 0 1 1 0 0 0 0 0 0 2 1 0 0 8 6 369 283 006
82 % 54 % 83 % 88 % 0 % 0 % 100 % 0 % 0 % 0 % 50 % 0 % 75 % 77 %
LIBERTY 51 39 39 26 162 136 140 118 2 2 0 0 2 2 1 1 0 0 0 0 0 0 0 0 19 16 416 340 007
76 % 67 % 84 % 84 % 100 % 0 % 100 % 100 % 0 % 0 % 0 % 0 % 84 % 82 %
OLD_SALEM 76 59 55 37 1,718 1,518 1,647 1,438 7 5 5 5 5 5 11 7 0 0 0 0 2 1 3 2 232 195 3,761 3,272 008
78 % 67 % 88 % 87 % 71 % 100 % 100 % 64 % 0 % 0 % 50 % 67 % 84 % 87 %
105 0 0 0 0 0 1 0 0 0 0 0 0 0 0 0 0 0 0 0 0 0 0 0 0 0 0 0 1 105
0 % 0 % 0 % 0 % 0 % 0 % 0 % 0 % 0 % 0 % 0 % 0 % 0 % 0 %
TOTALS 2,034 1,625 1,393 903 3,388 2,822 3,131 2,595 17 13 18 12 29 16 31 13 0 0 0 0 12 5 13 6 444 336 10,510 8,346 105
80 % 65 % 83 % 83 % 76 % 67 % 55 % 42 % 0 % 0 % 42 % 46 % 76 % 79 %