AB 0 0 0 0 0 1 0 0 0 0 0 0 0 0 0 0 0 0 0 0 0 0 0 0 0 0 0 1 AB
0 % 0 % 0 % 0 % 0 % 0 % 0 % 0 % 0 % 0 % 0 % 0 % 0 % 0 %
AH 0 0 0 0 0 1 0 0 0 0 0 0 0 0 0 0 0 0 0 0 0 0 0 0 0 0 0 1 AH
0 % 0 % 0 % 0 % 0 % 0 % 0 % 0 % 0 % 0 % 0 % 0 % 0 % 0 %
AP01C 0 0 0 0 0 0 0 0 0 0 0 0 0 0 0 0 0 0 0 0 0 0 0 0 0 1 0 1 AP01C
0 % 0 % 0 % 0 % 0 % 0 % 0 % 0 % 0 % 0 % 0 % 0 % 0 % 0 %
AP03 0 2 0 1 0 0 0 0 0 0 0 0 0 0 0 0 0 0 0 0 0 0 0 0 0 0 0 3 AP03
0 % 0 % 0 % 0 % 0 % 0 % 0 % 0 % 0 % 0 % 0 % 0 % 0 % 0 %
AP09A 0 0 0 0 0 0 0 1 0 0 0 0 0 0 0 0 0 0 0 0 0 0 0 0 0 0 0 1 AP09A
0 % 0 % 0 % 0 % 0 % 0 % 0 % 0 % 0 % 0 % 0 % 0 % 0 % 0 %
BC 0 0 0 0 0 1 0 0 0 0 0 0 0 0 0 0 0 0 0 0 0 0 0 0 0 0 0 1 BC
0 % 0 % 0 % 0 % 0 % 0 % 0 % 0 % 0 % 0 % 0 % 0 % 0 % 0 %
BH 0 1 0 0 0 1 0 0 0 0 0 0 0 0 0 0 0 0 0 0 0 0 0 0 0 0 0 2 BH
0 % 0 % 0 % 0 % 0 % 0 % 0 % 0 % 0 % 0 % 0 % 0 % 0 % 0 %
BL 0 1 0 0 0 0 0 0 0 0 0 0 0 0 0 0 0 0 0 0 0 0 0 0 0 0 0 1 BL
0 % 0 % 0 % 0 % 0 % 0 % 0 % 0 % 0 % 0 % 0 % 0 % 0 % 0 %
BT01 0 1 0 0 0 0 0 0 0 0 0 0 0 0 0 0 0 0 0 0 0 0 0 0 0 0 0 1 BT01
0 % 0 % 0 % 0 % 0 % 0 % 0 % 0 % 0 % 0 % 0 % 0 % 0 % 0 %
BT02 0 1 0 2 0 0 0 0 0 0 0 0 0 0 0 0 0 0 0 0 0 0 0 0 0 0 0 3 BT02
0 % 0 % 0 % 0 % 0 % 0 % 0 % 0 % 0 % 0 % 0 % 0 % 0 % 0 %
CE 0 0 0 0 0 1 0 1 0 0 0 0 0 0 0 0 0 0 0 0 0 0 0 0 0 0 0 2 CE
0 % 0 % 0 % 0 % 0 % 0 % 0 % 0 % 0 % 0 % 0 % 0 % 0 % 0 %
CJ 0 0 0 0 0 0 0 1 0 0 0 0 0 0 0 0 0 0 0 0 0 0 0 0 0 0 0 1 CJ
0 % 0 % 0 % 0 % 0 % 0 % 0 % 0 % 0 % 0 % 0 % 0 % 0 % 0 %
CP012 0 0 0 0 0 1 0 0 0 0 0 0 0 0 0 0 0 0 0 0 0 0 0 0 0 0 0 1 CP012
0 % 0 % 0 % 0 % 0 % 0 % 0 % 0 % 0 % 0 % 0 % 0 % 0 % 0 %
CP083 0 0 0 0 0 0 0 0 0 0 0 0 0 0 0 0 0 0 0 0 0 0 0 0 0 1 0 1 CP083
0 % 0 % 0 % 0 % 0 % 0 % 0 % 0 % 0 % 0 % 0 % 0 % 0 % 0 %
CQ 0 0 0 0 0 0 0 0 0 0 0 0 0 0 0 0 0 0 0 0 0 0 0 0 0 1 0 1 CQ
0 % 0 % 0 % 0 % 0 % 0 % 0 % 0 % 0 % 0 % 0 % 0 % 0 % 0 %
DE 0 0 0 1 0 0 0 0 0 0 0 0 0 0 0 0 0 0 0 0 0 0 0 0 0 0 0 1 DE
0 % 0 % 0 % 0 % 0 % 0 % 0 % 0 % 0 % 0 % 0 % 0 % 0 % 0 %
DI01 0 1 0 0 0 0 0 0 0 0 0 0 0 0 0 0 0 0 0 0 0 0 0 0 0 0 0 1 DI01
0 % 0 % 0 % 0 % 0 % 0 % 0 % 0 % 0 % 0 % 0 % 0 % 0 % 0 %
EA02 0 0 0 0 0 0 0 1 0 0 0 0 0 0 0 0 0 0 0 0 0 0 0 0 0 0 0 1 EA02
0 % 0 % 0 % 0 % 0 % 0 % 0 % 0 % 0 % 0 % 0 % 0 % 0 % 0 %
EL01 0 0 0 0 0 0 0 1 0 0 0 0 0 0 0 0 0 0 0 0 0 0 0 0 0 0 0 1 EL01
0 % 0 % 0 % 0 % 0 % 0 % 0 % 0 % 0 % 0 % 0 % 0 % 0 % 0 %
EP08D 0 1 0 0 0 0 0 0 0 0 0 0 0 0 0 0 0 0 0 0 0 0 0 0 0 0 0 1 EP08D
0 % 0 % 0 % 0 % 0 % 0 % 0 % 0 % 0 % 0 % 0 % 0 % 0 % 0 %
FA 0 1 0 0 0 0 0 0 0 0 0 0 0 0 0 0 0 0 0 0 0 0 0 0 0 0 0 1 FA
0 % 0 % 0 % 0 % 0 % 0 % 0 % 0 % 0 % 0 % 0 % 0 % 0 % 0 %
FM 0 1 0 0 0 0 0 0 0 0 0 0 0 0 0 0 0 0 0 0 0 0 0 0 0 0 0 1 FM
0 % 0 % 0 % 0 % 0 % 0 % 0 % 0 % 0 % 0 % 0 % 0 % 0 % 0 %
FO02 0 1 0 0 0 0 0 0 0 0 0 0 0 0 0 0 0 0 0 0 0 0 0 0 0 0 0 1 FO02
0 % 0 % 0 % 0 % 0 % 0 % 0 % 0 % 0 % 0 % 0 % 0 % 0 % 0 %
FO04 0 1 0 0 0 0 0 0 0 0 0 0 0 0 0 0 0 0 0 0 0 0 0 0 0 0 0 1 FO04
0 % 0 % 0 % 0 % 0 % 0 % 0 % 0 % 0 % 0 % 0 % 0 % 0 % 0 %
FP5 0 1 0 0 0 0 0 0 0 0 0 0 0 0 0 0 0 0 0 0 0 0 0 0 0 0 0 1 FP5
0 % 0 % 0 % 0 % 0 % 0 % 0 % 0 % 0 % 0 % 0 % 0 % 0 % 0 %
F2 0 1 0 0 0 0 0 0 0 0 0 0 0 0 0 0 0 0 0 0 0 0 0 0 0 0 0 1 F2
0 % 0 % 0 % 0 % 0 % 0 % 0 % 0 % 0 % 0 % 0 % 0 % 0 % 0 %
F3 0 0 0 0 0 0 0 1 0 0 0 0 0 0 0 0 0 0 0 0 0 0 0 0 0 0 0 1 F3
0 % 0 % 0 % 0 % 0 % 0 % 0 % 0 % 0 % 0 % 0 % 0 % 0 % 0 %
HB 0 0 0 0 0 0 0 0 0 0 0 0 0 1 0 0 0 0 0 0 0 0 0 0 0 0 0 1 HB
0 % 0 % 0 % 0 % 0 % 0 % 0 % 0 % 0 % 0 % 0 % 0 % 0 % 0 %
IA 0 0 0 1 0 0 0 0 0 0 0 0 0 0 0 0 0 0 0 0 0 0 0 0 0 0 0 1 IA
0 % 0 % 0 % 0 % 0 % 0 % 0 % 0 % 0 % 0 % 0 % 0 % 0 % 0 %
JC01 0 0 0 0 0 0 0 0 0 1 0 0 0 0 0 0 0 0 0 0 0 0 0 0 0 0 0 1 JC01
0 % 0 % 0 % 0 % 0 % 0 % 0 % 0 % 0 % 0 % 0 % 0 % 0 % 0 %
JC07 0 0 0 0 0 0 0 0 0 0 0 0 0 1 0 0 0 0 0 0 0 0 0 0 0 0 0 1 JC07
0 % 0 % 0 % 0 % 0 % 0 % 0 % 0 % 0 % 0 % 0 % 0 % 0 % 0 %
JC13A 0 0 0 0 0 0 0 0 0 0 0 0 0 0 0 0 0 0 0 0 0 0 0 0 0 1 0 1 JC13A
0 % 0 % 0 % 0 % 0 % 0 % 0 % 0 % 0 % 0 % 0 % 0 % 0 % 0 %
JC14 0 0 0 0 0 0 0 1 0 0 0 0 0 0 0 0 0 0 0 0 0 0 0 0 0 0 0 1 JC14
0 % 0 % 0 % 0 % 0 % 0 % 0 % 0 % 0 % 0 % 0 % 0 % 0 % 0 %
KE4A 0 0 0 0 0 0 0 1 0 0 0 0 0 0 0 0 0 0 0 0 0 0 0 0 0 0 0 1 KE4A
0 % 0 % 0 % 0 % 0 % 0 % 0 % 0 % 0 % 0 % 0 % 0 % 0 % 0 %
LA 0 0 0 1 0 0 0 0 0 0 0 0 0 0 0 0 0 0 0 0 0 0 0 0 0 0 0 1 LA
0 % 0 % 0 % 0 % 0 % 0 % 0 % 0 % 0 % 0 % 0 % 0 % 0 % 0 %
LC 0 1 0 0 0 0 0 0 0 0 0 0 0 0 0 0 0 0 0 0 0 0 0 0 0 0 0 1 LC
0 % 0 % 0 % 0 % 0 % 0 % 0 % 0 % 0 % 0 % 0 % 0 % 0 % 0 %
LJ3 0 1 0 0 0 0 0 0 0 0 0 0 0 0 0 0 0 0 0 0 0 0 0 0 0 0 0 1 LJ3
0 % 0 % 0 % 0 % 0 % 0 % 0 % 0 % 0 % 0 % 0 % 0 % 0 % 0 %
MC01 0 0 0 1 0 0 0 0 0 0 0 0 0 0 0 0 0 0 0 0 0 0 0 0 0 0 0 1 MC01
0 % 0 % 0 % 0 % 0 % 0 % 0 % 0 % 0 % 0 % 0 % 0 % 0 % 0 %
MJ 0 0 0 1 0 0 0 0 0 0 0 0 0 0 0 0 0 0 0 0 0 0 0 0 0 0 0 1 MJ
0 % 0 % 0 % 0 % 0 % 0 % 0 % 0 % 0 % 0 % 0 % 0 % 0 % 0 %
MK 0 0 0 0 0 0 0 0 0 0 0 0 0 1 0 0 0 0 0 0 0 0 0 0 0 0 0 1 MK
0 % 0 % 0 % 0 % 0 % 0 % 0 % 0 % 0 % 0 % 0 % 0 % 0 % 0 %
MN 0 1 0 0 0 0 0 0 0 0 0 0 0 0 0 0 0 0 0 0 0 0 0 0 0 0 0 1 MN
0 % 0 % 0 % 0 % 0 % 0 % 0 % 0 % 0 % 0 % 0 % 0 % 0 % 0 %
MR1A 0 0 0 0 0 0 0 0 0 0 0 0 0 0 0 0 0 0 0 0 0 0 0 0 0 1 0 1 MR1A
0 % 0 % 0 % 0 % 0 % 0 % 0 % 0 % 0 % 0 % 0 % 0 % 0 % 0 %
MS02 0 1 0 0 0 0 0 0 0 0 0 0 0 0 0 0 0 0 0 0 0 0 0 0 0 0 0 1 MS02
0 % 0 % 0 % 0 % 0 % 0 % 0 % 0 % 0 % 0 % 0 % 0 % 0 % 0 %
MT 0 0 0 0 0 1 0 0 0 0 0 0 0 0 0 0 0 0 0 0 0 0 0 0 0 0 0 1 MT
0 % 0 % 0 % 0 % 0 % 0 % 0 % 0 % 0 % 0 % 0 % 0 % 0 % 0 %
MW 0 0 0 0 0 0 0 0 0 0 0 0 0 0 0 0 0 0 0 0 0 1 0 0 0 0 0 1 MW
0 % 0 % 0 % 0 % 0 % 0 % 0 % 0 % 0 % 0 % 0 % 0 % 0 % 0 %
NB 0 1 0 0 0 0 0 0 0 0 0 0 0 0 0 0 0 0 0 0 0 0 0 0 0 0 0 1 NB
0 % 0 % 0 % 0 % 0 % 0 % 0 % 0 % 0 % 0 % 0 % 0 % 0 % 0 %
NJ01 0 1 0 0 0 0 0 0 0 0 0 0 0 0 0 0 0 0 0 0 0 0 0 0 0 0 0 1 NJ01
0 % 0 % 0 % 0 % 0 % 0 % 0 % 0 % 0 % 0 % 0 % 0 % 0 % 0 %
OB 0 0 0 0 0 0 0 0 0 0 0 0 0 0 0 0 0 0 0 0 0 0 0 0 0 1 0 1 OB
0 % 0 % 0 % 0 % 0 % 0 % 0 % 0 % 0 % 0 % 0 % 0 % 0 % 0 %
OR02 0 0 0 0 0 1 0 0 0 0 0 0 0 0 0 0 0 0 0 0 0 0 0 0 0 0 0 1 OR02
0 % 0 % 0 % 0 % 0 % 0 % 0 % 0 % 0 % 0 % 0 % 0 % 0 % 0 %
OT 0 1 0 0 0 0 0 0 0 0 0 0 0 0 0 0 0 0 0 0 0 0 0 0 0 1 0 2 OT
0 % 0 % 0 % 0 % 0 % 0 % 0 % 0 % 0 % 0 % 0 % 0 % 0 % 0 %
PB 0 1 0 0 0 0 0 0 0 0 0 0 0 0 0 0 0 0 0 0 0 0 0 0 0 0 0 1 PB
0 % 0 % 0 % 0 % 0 % 0 % 0 % 0 % 0 % 0 % 0 % 0 % 0 % 0 %
PE01 0 0 0 1 0 0 0 0 0 0 0 0 0 0 0 0 0 0 0 0 0 0 0 0 0 0 0 1 PE01
0 % 0 % 0 % 0 % 0 % 0 % 0 % 0 % 0 % 0 % 0 % 0 % 0 % 0 %
PF 0 1 0 1 0 0 0 0 0 0 0 0 0 0 0 0 0 0 0 0 0 0 0 0 0 0 0 2 PF
0 % 0 % 0 % 0 % 0 % 0 % 0 % 0 % 0 % 0 % 0 % 0 % 0 % 0 %
PS1A 0 0 0 1 0 0 0 0 0 0 0 0 0 0 0 0 0 0 0 0 0 0 0 0 0 0 0 1 PS1A
0 % 0 % 0 % 0 % 0 % 0 % 0 % 0 % 0 % 0 % 0 % 0 % 0 % 0 %
RD 0 0 0 0 0 0 0 0 0 0 0 1 0 0 0 0 0 0 0 0 0 0 0 0 0 0 0 1 RD
0 % 0 % 0 % 0 % 0 % 0 % 0 % 0 % 0 % 0 % 0 % 0 % 0 % 0 %
RD07 0 1 0 1 0 0 0 0 0 0 0 0 0 0 0 0 0 0 0 0 0 0 0 0 0 0 0 2 RD07
0 % 0 % 0 % 0 % 0 % 0 % 0 % 0 % 0 % 0 % 0 % 0 % 0 % 0 %
RD10 0 0 0 1 0 0 0 0 0 0 0 0 0 0 0 0 0 0 0 0 0 0 0 0 0 1 0 2 RD10
0 % 0 % 0 % 0 % 0 % 0 % 0 % 0 % 0 % 0 % 0 % 0 % 0 % 0 %
RE 0 0 0 0 0 0 0 1 0 0 0 0 0 0 0 0 0 0 0 0 0 0 0 0 0 0 0 1 RE
0 % 0 % 0 % 0 % 0 % 0 % 0 % 0 % 0 % 0 % 0 % 0 % 0 % 0 %
RJ 0 0 0 0 0 0 0 1 0 0 0 0 0 0 0 0 0 0 0 0 0 0 0 0 0 0 0 1 RJ
0 % 0 % 0 % 0 % 0 % 0 % 0 % 0 % 0 % 0 % 0 % 0 % 0 % 0 %
RK 0 0 0 0 0 1 0 0 0 0 0 0 0 0 0 0 0 0 0 0 0 0 0 0 0 0 0 1 RK
0 % 0 % 0 % 0 % 0 % 0 % 0 % 0 % 0 % 0 % 0 % 0 % 0 % 0 %
RW04 0 0 0 0 0 1 0 0 0 0 0 0 0 0 0 0 0 0 0 0 0 0 0 0 0 0 0 1 RW04
0 % 0 % 0 % 0 % 0 % 0 % 0 % 0 % 0 % 0 % 0 % 0 % 0 % 0 %
SA 0 0 0 1 0 0 0 0 0 0 0 0 0 0 0 0 0 0 0 0 0 0 0 0 0 0 0 1 SA
0 % 0 % 0 % 0 % 0 % 0 % 0 % 0 % 0 % 0 % 0 % 0 % 0 % 0 %
SC04 0 0 0 1 0 0 0 0 0 0 0 0 0 0 0 0 0 0 0 0 0 0 0 0 0 0 0 1 SC04
0 % 0 % 0 % 0 % 0 % 0 % 0 % 0 % 0 % 0 % 0 % 0 % 0 % 0 %
SC18B 0 0 0 1 0 0 0 0 0 0 0 0 0 0 0 0 0 0 0 0 0 0 0 0 0 0 0 1 SC18B
0 % 0 % 0 % 0 % 0 % 0 % 0 % 0 % 0 % 0 % 0 % 0 % 0 % 0 %
SC23A 0 1 0 0 0 0 0 0 0 0 0 0 0 0 0 0 0 0 0 0 0 0 0 0 0 0 0 1 SC23A
0 % 0 % 0 % 0 % 0 % 0 % 0 % 0 % 0 % 0 % 0 % 0 % 0 % 0 %
SI 0 0 0 1 0 1 0 0 0 0 0 0 0 0 0 0 0 0 0 0 0 0 0 0 0 0 0 2 SI
0 % 0 % 0 % 0 % 0 % 0 % 0 % 0 % 0 % 0 % 0 % 0 % 0 % 0 %
SJ 0 2 0 0 0 0 0 0 0 0 0 0 0 0 0 0 0 0 0 0 0 0 0 0 0 0 0 2 SJ
0 % 0 % 0 % 0 % 0 % 0 % 0 % 0 % 0 % 0 % 0 % 0 % 0 % 0 %
SM 0 1 0 0 0 0 0 0 0 0 0 0 0 0 0 0 0 0 0 0 0 0 0 0 0 0 0 1 SM
0 % 0 % 0 % 0 % 0 % 0 % 0 % 0 % 0 % 0 % 0 % 0 % 0 % 0 %
SP 0 1 0 1 0 0 0 0 0 0 0 0 0 0 0 0 0 0 0 0 0 0 0 0 0 0 0 2 SP
0 % 0 % 0 % 0 % 0 % 0 % 0 % 0 % 0 % 0 % 0 % 0 % 0 % 0 %
SS15A 0 0 0 0 0 0 0 0 0 0 0 0 0 0 0 0 0 0 0 0 0 1 0 0 0 0 0 1 SS15A
0 % 0 % 0 % 0 % 0 % 0 % 0 % 0 % 0 % 0 % 0 % 0 % 0 % 0 %
SS25 0 0 0 0 0 1 0 0 0 0 0 0 0 0 0 0 0 0 0 0 0 0 0 0 0 0 0 1 SS25
0 % 0 % 0 % 0 % 0 % 0 % 0 % 0 % 0 % 0 % 0 % 0 % 0 % 0 %
SS29A 0 0 0 0 0 1 0 0 0 0 0 0 0 0 0 0 0 0 0 0 0 0 0 0 0 0 0 1 SS29A
0 % 0 % 0 % 0 % 0 % 0 % 0 % 0 % 0 % 0 % 0 % 0 % 0 % 0 %
ST 0 1 0 0 0 0 0 0 0 0 0 0 0 0 0 0 0 0 0 0 0 0 0 0 0 0 0 1 ST
0 % 0 % 0 % 0 % 0 % 0 % 0 % 0 % 0 % 0 % 0 % 0 % 0 % 0 %
S0245 0 1 0 0 0 1 0 0 0 0 0 0 0 0 0 0 0 0 0 0 0 0 0 0 0 0 0 2 S0245
0 % 0 % 0 % 0 % 0 % 0 % 0 % 0 % 0 % 0 % 0 % 0 % 0 % 0 %
VG01 0 0 0 0 0 0 0 0 0 0 0 0 0 0 0 0 0 0 0 0 0 0 0 0 0 1 0 1 VG01
0 % 0 % 0 % 0 % 0 % 0 % 0 % 0 % 0 % 0 % 0 % 0 % 0 % 0 %
WD 0 1 0 1 0 0 0 0 0 0 0 0 0 0 0 0 0 0 0 0 0 0 0 0 0 0 0 2 WD
0 % 0 % 0 % 0 % 0 % 0 % 0 % 0 % 0 % 0 % 0 % 0 % 0 % 0 %
WN 0 0 0 0 0 0 0 0 0 0 0 0 0 1 0 0 0 0 0 0 0 0 0 0 0 0 0 1 WN
0 % 0 % 0 % 0 % 0 % 0 % 0 % 0 % 0 % 0 % 0 % 0 % 0 % 0 %
HARBINS_A 483 398 427 310 1,263 1,030 1,119 875 35 21 26 9 90 61 87 53 5 3 2 2 32 24 42 25 333 220 3,944 3,031 001
82 % 73 % 82 % 78 % 60 % 35 % 68 % 61 % 60 % 100 % 75 % 60 % 66 % 77 %
ROCKBRIDGE 848 719 591 427 453 353 421 321 7 6 11 5 34 17 33 20 2 0 2 1 37 24 23 13 185 98 2,647 2,004 002
85 % 72 % 78 % 76 % 86 % 45 % 50 % 61 % 0 % 50 % 65 % 57 % 53 % 76 %
DACULA 551 448 372 278 935 727 830 642 38 21 37 20 97 65 80 49 2 2 1 0 41 38 31 20 318 202 3,333 2,512 003
81 % 75 % 78 % 77 % 55 % 54 % 67 % 61 % 100 % 0 % 93 % 65 % 64 % 75 %
SUWANEE_A 107 92 67 51 417 339 329 274 30 10 23 10 21 17 14 12 0 0 1 0 13 10 8 4 138 81 1,168 900 004
86 % 76 % 81 % 83 % 33 % 43 % 81 % 86 % 0 % 0 % 77 % 50 % 59 % 77 %
BAYCREEK_A 254 202 217 163 829 704 718 606 21 9 35 22 21 17 22 11 2 2 3 2 21 19 23 17 166 110 2,332 1,884 005
80 % 75 % 85 % 84 % 43 % 63 % 81 % 50 % 100 % 67 % 90 % 74 % 66 % 81 %
GOODWINS_A 318 268 254 197 883 701 782 597 83 41 96 49 122 90 102 59 1 1 1 0 50 33 27 17 254 135 2,973 2,188 006
84 % 78 % 79 % 76 % 49 % 51 % 74 % 58 % 100 % 0 % 66 % 63 % 53 % 74 %
DULUTH_A 263 229 226 187 1,153 919 1,048 832 175 86 165 86 59 39 42 32 4 3 5 2 60 41 80 53 319 184 3,599 2,693 007
87 % 83 % 80 % 79 % 49 % 52 % 66 % 76 % 75 % 40 % 68 % 66 % 58 % 75 %
DUNCANS_A 142 118 115 87 1,369 1,134 1,249 1,040 34 17 31 14 44 33 49 37 2 2 0 0 30 22 28 21 279 187 3,372 2,712 008
83 % 76 % 83 % 83 % 50 % 45 % 75 % 76 % 100 % 0 % 73 % 75 % 67 % 80 %
PUCKETTS_A 170 141 141 112 1,370 1,103 1,246 997 38 22 34 18 54 43 59 42 2 2 0 0 19 11 26 12 273 182 3,432 2,685 009
83 % 79 % 81 % 80 % 58 % 53 % 80 % 71 % 100 % 0 % 58 % 46 % 67 % 78 %
01 0 0 0 0 0 0 0 1 0 0 0 0 0 0 0 0 0 0 0 0 0 0 0 0 0 0 0 1 01
0 % 0 % 0 % 0 % 0 % 0 % 0 % 0 % 0 % 0 % 0 % 0 % 0 % 0 %
01G 0 1 0 0 0 0 0 0 0 0 0 0 0 0 0 0 0 0 0 0 0 0 0 0 0 0 0 1 01G
0 % 0 % 0 % 0 % 0 % 0 % 0 % 0 % 0 % 0 % 0 % 0 % 0 % 0 %
CATES_A 161 132 121 84 827 670 633 485 22 11 15 9 26 11 15 7 2 1 4 2 29 21 17 11 140 85 2,012 1,529 010
82 % 69 % 81 % 77 % 50 % 60 % 42 % 47 % 50 % 50 % 72 % 65 % 61 % 76 %
BERKSHIRE 295 238 218 135 340 251 288 209 86 30 95 48 88 46 70 30 2 0 3 1 30 21 30 20 190 79 1,735 1,108 011
81 % 62 % 74 % 73 % 35 % 51 % 52 % 43 % 0 % 33 % 70 % 67 % 42 % 64 %
BERKSHIRE 770 630 487 341 629 466 565 416 218 103 228 131 86 51 66 34 4 2 5 3 50 35 55 39 368 173 3,531 2,424 012
82 % 70 % 74 % 74 % 47 % 57 % 59 % 52 % 50 % 60 % 70 % 71 % 47 % 69 %
DUNCANS_C 106 89 74 60 927 803 919 751 27 14 34 17 32 23 25 17 1 0 2 1 15 12 31 19 196 144 2,389 1,950 013
84 % 81 % 87 % 82 % 52 % 50 % 72 % 68 % 0 % 50 % 80 % 61 % 73 % 82 %
GARNERS_A 160 134 110 85 1,222 1,018 1,072 850 50 32 64 35 29 23 34 25 0 0 1 0 24 22 24 13 184 122 2,974 2,359 014
84 % 77 % 83 % 79 % 64 % 55 % 79 % 74 % 0 % 0 % 92 % 54 % 66 % 79 %
LAWRENCEVI 406 302 259 161 924 647 691 482 35 14 29 10 74 48 55 30 2 1 0 0 33 21 20 10 218 127 2,746 1,853 015
74 % 62 % 70 % 70 % 40 % 34 % 65 % 55 % 50 % 0 % 64 % 50 % 58 % 67 %
LAWRENCEVI 691 594 533 410 790 606 637 476 73 32 72 40 94 59 66 42 2 1 2 2 46 31 36 16 331 189 3,373 2,498 016
86 % 77 % 77 % 75 % 44 % 56 % 63 % 64 % 50 % 100 % 67 % 44 % 57 % 74 %
MARTINS_A 529 438 338 224 298 221 231 167 57 24 78 32 153 106 108 60 2 0 1 0 42 32 29 18 219 121 2,085 1,443 017
83 % 66 % 74 % 72 % 42 % 41 % 69 % 56 % 0 % 0 % 76 % 62 % 55 % 69 %
MARTINS_B 468 389 294 222 475 359 393 307 60 23 63 22 99 61 83 47 3 1 1 1 33 22 27 12 215 115 2,214 1,581 018
83 % 76 % 76 % 78 % 38 % 35 % 62 % 57 % 33 % 100 % 67 % 44 % 53 % 71 %
MARTINS_C 232 203 145 105 548 437 500 379 32 14 22 9 88 59 70 40 1 0 0 0 31 23 18 15 150 88 1,837 1,372 019
88 % 72 % 80 % 76 % 44 % 41 % 67 % 57 % 0 % 0 % 74 % 83 % 59 % 75 %
02E 0 0 0 0 0 1 0 0 0 0 0 0 0 0 0 0 0 0 0 0 0 0 0 0 0 0 0 1 02E
0 % 0 % 0 % 0 % 0 % 0 % 0 % 0 % 0 % 0 % 0 % 0 % 0 % 0 %
02G 0 1 0 0 0 0 0 0 0 0 0 0 0 0 0 0 0 0 0 0 0 0 0 0 0 0 0 1 02G
0 % 0 % 0 % 0 % 0 % 0 % 0 % 0 % 0 % 0 % 0 % 0 % 0 % 0 %
02S 0 1 0 0 0 0 0 0 0 0 0 0 0 0 0 0 0 0 0 0 0 0 0 0 0 0 0 1 02S
0 % 0 % 0 % 0 % 0 % 0 % 0 % 0 % 0 % 0 % 0 % 0 % 0 % 0 %
PINCKNEYVI 459 376 267 185 205 154 193 126 35 15 53 21 105 62 103 56 1 0 1 1 37 21 22 14 220 111 1,701 1,142 020
82 % 69 % 75 % 65 % 43 % 40 % 59 % 54 % 0 % 100 % 57 % 64 % 50 % 67 %
PINCKNEYVI 478 340 294 193 316 227 280 204 130 56 146 74 110 55 85 31 1 0 0 0 49 32 25 14 259 83 2,173 1,309 021
71 % 66 % 72 % 73 % 43 % 51 % 50 % 36 % 0 % 0 % 65 % 56 % 32 % 60 %
PINCKNEYVI 97 83 62 54 581 492 469 414 37 25 26 11 19 12 16 11 4 1 1 1 9 6 17 15 104 67 1,442 1,192 022
86 % 87 % 85 % 88 % 68 % 42 % 63 % 69 % 25 % 100 % 67 % 88 % 64 % 83 %
PINCKNEYVI 358 290 207 151 140 97 141 98 58 32 69 47 110 67 82 41 2 1 1 0 18 11 18 7 148 77 1,352 919 023
81 % 73 % 69 % 70 % 55 % 68 % 61 % 50 % 50 % 0 % 61 % 39 % 52 % 68 %
SUGAR_HILL 237 180 150 92 981 732 772 528 23 11 18 12 79 41 51 27 0 0 0 0 22 14 17 12 230 110 2,580 1,759 024
76 % 61 % 75 % 68 % 48 % 67 % 52 % 53 % 0 % 0 % 64 % 71 % 48 % 68 %
SUGAR_HILL 241 203 168 134 1,289 974 1,110 830 31 17 41 26 118 84 70 37 0 0 0 0 50 36 42 28 260 154 3,420 2,523 025
84 % 80 % 76 % 75 % 55 % 63 % 71 % 53 % 0 % 0 % 72 % 67 % 59 % 74 %
HOG_MOUNTA 417 328 304 218 895 678 731 531 67 26 67 29 132 89 103 67 3 0 2 1 51 37 25 18 269 144 3,066 2,166 026
79 % 72 % 76 % 73 % 39 % 43 % 67 % 65 % 0 % 50 % 73 % 72 % 54 % 71 %
HOG_MOUNTA 281 233 214 168 1,198 979 1,101 886 63 34 67 36 87 62 68 48 1 1 1 1 32 26 22 15 290 192 3,425 2,681 027
83 % 79 % 82 % 80 % 54 % 54 % 71 % 71 % 100 % 100 % 81 % 68 % 66 % 78 %
ROCKYCREEK 452 358 331 243 1,229 1,027 1,164 938 27 13 31 18 101 71 71 44 1 0 3 2 33 28 33 22 367 247 3,843 3,011 028
79 % 73 % 84 % 81 % 48 % 58 % 70 % 62 % 0 % 67 % 85 % 67 % 67 % 78 %
CATES_B 46 42 40 30 627 514 540 446 12 8 11 7 15 12 17 12 0 0 0 0 15 9 9 8 99 68 1,431 1,156 029
91 % 75 % 82 % 83 % 67 % 64 % 80 % 71 % 0 % 0 % 60 % 89 % 69 % 81 %
CATES_C 453 385 343 264 579 440 459 357 9 8 10 6 28 17 24 17 1 1 0 0 25 21 18 12 130 81 2,079 1,609 030
85 % 77 % 76 % 78 % 89 % 60 % 61 % 71 % 100 % 0 % 84 % 67 % 62 % 77 %
HOG_MOUNTA 164 131 109 87 732 593 674 516 29 21 28 15 52 22 36 15 1 0 0 0 22 15 22 14 187 124 2,056 1,553 031
80 % 80 % 81 % 77 % 72 % 54 % 42 % 42 % 0 % 0 % 68 % 64 % 66 % 76 %
BERKSHIRE 121 108 103 75 814 682 754 612 83 48 83 48 43 26 38 26 4 1 0 0 28 22 41 25 173 97 2,285 1,770 032
89 % 73 % 84 % 81 % 58 % 58 % 60 % 68 % 25 % 0 % 79 % 61 % 56 % 77 %
BERKSHIRE 86 74 67 53 623 536 560 475 65 31 68 36 14 10 14 10 1 1 1 0 20 17 22 16 133 89 1,674 1,348 033
86 % 79 % 86 % 85 % 48 % 53 % 71 % 71 % 100 % 0 % 85 % 73 % 67 % 81 %
BERKSHIRE 185 140 146 100 364 274 261 188 109 45 101 51 75 41 65 38 0 0 1 1 29 20 13 9 171 78 1,520 985 034
76 % 68 % 75 % 72 % 41 % 50 % 55 % 58 % 0 % 100 % 69 % 69 % 46 % 65 %
CATES_D 206 180 177 137 902 715 821 638 70 36 58 32 33 23 37 28 3 1 1 1 30 22 40 26 168 101 2,546 1,940 035
87 % 77 % 79 % 78 % 51 % 55 % 70 % 76 % 33 % 100 % 73 % 65 % 60 % 76 %
CATES_E 112 96 102 78 933 785 850 698 25 16 34 22 24 18 19 11 2 2 0 0 27 21 21 15 103 64 2,252 1,826 036
86 % 76 % 84 % 82 % 64 % 65 % 75 % 58 % 100 % 0 % 78 % 71 % 62 % 81 %
PINCKNEYVI 371 320 240 185 179 133 161 128 11 7 10 6 57 35 33 14 1 1 0 0 28 16 12 11 150 86 1,253 942 037
86 % 77 % 74 % 80 % 64 % 60 % 61 % 42 % 100 % 0 % 57 % 92 % 57 % 75 %
PINCKNEYVI 211 158 156 92 228 150 231 166 73 37 84 40 73 45 76 32 2 1 1 1 24 17 19 10 166 71 1,344 820 038
75 % 59 % 66 % 72 % 51 % 48 % 62 % 42 % 50 % 100 % 71 % 53 % 43 % 61 %
DUNCANS_D 189 164 146 99 1,700 1,392 1,499 1,172 36 18 16 5 72 46 54 40 2 1 0 0 30 19 31 20 280 172 4,055 3,148 039
87 % 68 % 82 % 78 % 50 % 31 % 64 % 74 % 50 % 0 % 63 % 65 % 61 % 78 %
PINCKNEYVI 295 250 227 172 964 796 858 718 123 75 104 56 33 17 31 20 0 0 2 2 49 32 46 35 274 174 3,006 2,347 040
85 % 76 % 83 % 84 % 61 % 54 % 52 % 65 % 0 % 100 % 65 % 76 % 64 % 78 %
BAYCREEK_B 998 826 705 512 903 688 779 574 18 12 13 8 57 42 42 22 1 1 0 0 52 35 28 19 294 186 3,890 2,925 041
83 % 73 % 76 % 74 % 67 % 62 % 74 % 52 % 100 % 0 % 67 % 68 % 63 % 75 %
LAWRENCEVI 159 133 127 95 818 625 707 574 28 17 27 15 48 30 50 32 0 0 0 0 21 16 22 15 181 110 2,188 1,662 042
84 % 75 % 76 % 81 % 61 % 56 % 63 % 64 % 0 % 0 % 76 % 68 % 61 % 76 %
MARTINS_D 451 355 254 167 195 134 151 104 43 23 30 21 49 28 49 28 1 1 1 0 24 20 21 10 176 97 1,445 988 043
79 % 66 % 69 % 69 % 53 % 70 % 57 % 57 % 100 % 0 % 83 % 48 % 55 % 68 %
ROCKBRIDGE 824 702 582 415 584 454 480 368 30 17 16 10 45 25 43 22 2 1 3 2 44 35 27 15 215 135 2,895 2,201 044
85 % 71 % 78 % 77 % 57 % 63 % 56 % 51 % 50 % 67 % 80 % 56 % 63 % 76 %
GARNERS_B 521 454 434 333 639 518 549 434 46 21 34 19 14 7 20 11 1 0 0 0 26 20 35 27 173 109 2,492 1,953 045
87 % 77 % 81 % 79 % 46 % 56 % 50 % 55 % 0 % 0 % 77 % 77 % 63 % 78 %
CATES_F 88 73 69 51 656 555 521 431 21 12 19 12 14 10 9 6 0 0 2 2 21 14 12 9 98 72 1,530 1,247 046
83 % 74 % 85 % 83 % 57 % 63 % 71 % 67 % 0 % 100 % 67 % 75 % 73 % 82 %
CATES_G 84 78 74 62 1,025 837 905 731 43 26 46 29 8 7 17 7 2 1 2 2 21 19 18 13 149 102 2,394 1,914 047
93 % 84 % 82 % 81 % 60 % 63 % 88 % 41 % 50 % 100 % 90 % 72 % 68 % 80 %
DULUTH_B 191 158 134 105 877 696 777 608 134 46 126 48 57 36 41 22 3 0 2 1 30 20 25 15 255 122 2,652 1,877 048
83 % 78 % 79 % 78 % 34 % 38 % 63 % 54 % 0 % 50 % 67 % 60 % 48 % 71 %
GARNERS_C 202 160 151 100 459 360 421 340 43 21 43 26 24 15 14 8 5 2 3 0 39 27 14 14 124 62 1,542 1,135 049
79 % 66 % 78 % 81 % 49 % 60 % 63 % 57 % 40 % 0 % 69 % 100 % 50 % 74 %
PINCKNEYVI 485 415 285 215 248 183 243 184 46 21 69 20 81 60 48 30 2 1 0 0 29 26 23 14 226 119 1,785 1,288 050
86 % 75 % 74 % 76 % 46 % 29 % 74 % 63 % 50 % 0 % 90 % 61 % 53 % 72 %
PINCKNEYVI 430 318 269 169 185 135 167 103 32 16 41 20 96 52 72 33 0 0 1 1 27 13 28 18 184 73 1,532 951 051
74 % 63 % 73 % 62 % 50 % 49 % 54 % 46 % 0 % 100 % 48 % 64 % 40 % 62 %
BERKSHIRE 104 87 86 67 684 566 599 513 36 24 34 16 21 16 22 15 2 3 1 0 30 25 18 11 92 61 1,729 1,404 052
84 % 78 % 83 % 86 % 67 % 47 % 76 % 68 % 150 % 0 % 83 % 61 % 66 % 81 %
CATES_H 767 620 409 275 584 468 478 358 14 5 19 9 35 24 28 13 2 1 1 1 48 31 30 18 157 88 2,572 1,911 053
81 % 67 % 80 % 75 % 36 % 47 % 69 % 46 % 50 % 100 % 65 % 60 % 56 % 74 %
SUGAR_HILL 179 151 148 104 1,255 1,018 1,112 862 52 27 43 23 62 49 47 31 3 2 2 2 27 18 30 19 224 120 3,184 2,426 054
84 % 70 % 81 % 78 % 52 % 53 % 79 % 66 % 67 % 100 % 67 % 63 % 54 % 76 %
SUGAR_HILL 318 246 221 156 926 710 782 600 15 9 16 7 78 42 57 23 1 1 0 0 18 10 22 15 196 119 2,650 1,938 055
77 % 71 % 77 % 77 % 60 % 44 % 54 % 40 % 100 % 0 % 56 % 68 % 61 % 73 %
DULUTH_C 220 185 114 85 630 507 504 417 47 23 38 14 45 36 27 18 5 3 0 0 17 13 18 10 163 99 1,828 1,410 056
84 % 75 % 80 % 83 % 49 % 37 % 80 % 67 % 60 % 0 % 76 % 56 % 61 % 77 %
DULUTH_D 453 372 296 204 855 626 766 575 154 81 172 77 107 61 96 49 1 1 3 2 72 48 44 23 349 162 3,368 2,281 057
82 % 69 % 73 % 75 % 53 % 45 % 57 % 51 % 100 % 67 % 67 % 52 % 46 % 68 %
PINCKNEYVI 620 511 393 274 322 225 276 193 69 34 83 42 144 90 123 54 1 1 0 0 49 30 34 17 271 128 2,385 1,599 058
82 % 70 % 70 % 70 % 49 % 51 % 63 % 44 % 100 % 0 % 61 % 50 % 47 % 67 %
PINCKNEYVI 726 637 463 365 310 238 273 195 30 17 27 21 67 44 51 27 1 0 2 0 43 29 18 15 268 155 2,279 1,743 059
88 % 79 % 77 % 71 % 57 % 78 % 66 % 53 % 0 % 0 % 67 % 83 % 58 % 76 %
06 0 0 0 0 0 0 0 1 0 0 0 0 0 0 0 0 0 0 0 0 0 0 0 0 0 0 0 1 06
0 % 0 % 0 % 0 % 0 % 0 % 0 % 0 % 0 % 0 % 0 % 0 % 0 % 0 %
LAWRENCEVI 1,061 833 578 378 543 334 449 290 14 7 16 7 121 65 85 51 1 1 1 1 40 25 19 10 311 169 3,239 2,171 060
79 % 65 % 62 % 65 % 50 % 44 % 54 % 60 % 100 % 100 % 63 % 53 % 54 % 67 %
LAWRENCEVI 176 145 118 87 666 535 595 474 29 12 22 10 40 32 45 25 2 1 0 0 9 8 15 11 132 86 1,849 1,426 061
82 % 74 % 80 % 80 % 41 % 45 % 80 % 56 % 50 % 0 % 89 % 73 % 65 % 77 %
PINCKNEYVI 30 30 24 18 841 758 848 712 44 26 47 34 13 8 10 8 1 1 3 2 22 18 25 20 112 88 2,020 1,723 062
100 % 75 % 90 % 84 % 59 % 72 % 62 % 80 % 100 % 67 % 82 % 80 % 79 % 85 %
PINCKNEYVI 33 27 28 22 911 788 858 711 55 35 56 36 14 12 15 7 0 0 0 0 22 14 22 21 160 118 2,174 1,791 063
82 % 79 % 86 % 83 % 64 % 64 % 86 % 47 % 0 % 0 % 64 % 95 % 74 % 82 %
GARNERS_D 735 620 572 400 514 389 432 346 12 8 6 3 24 15 30 15 2 2 0 0 28 25 19 8 148 96 2,522 1,927 064
84 % 70 % 76 % 80 % 67 % 50 % 63 % 50 % 100 % 0 % 89 % 42 % 65 % 76 %
BERKSHIRE 164 125 129 87 255 208 231 188 69 40 71 38 70 39 89 52 1 0 3 2 29 18 28 20 136 60 1,275 877 065
76 % 67 % 82 % 81 % 58 % 54 % 56 % 58 % 0 % 67 % 62 % 71 % 44 % 69 %
PINCKNEYVI 573 432 398 248 322 248 309 234 87 53 86 52 135 64 86 45 2 2 2 1 40 27 38 22 263 106 2,341 1,534 066
75 % 62 % 77 % 76 % 61 % 60 % 47 % 52 % 100 % 50 % 68 % 58 % 40 % 66 %
PUCKETTS_E 444 356 262 198 953 745 847 660 91 47 87 36 74 49 68 41 1 0 1 1 48 32 44 32 321 208 3,241 2,405 067
80 % 76 % 78 % 78 % 52 % 41 % 66 % 60 % 0 % 100 % 67 % 73 % 65 % 74 %
CATES_I 237 202 183 150 954 766 906 706 102 60 113 60 38 26 31 20 4 1 1 1 44 27 33 19 203 121 2,849 2,159 068
85 % 82 % 80 % 78 % 59 % 53 % 68 % 65 % 25 % 100 % 61 % 58 % 60 % 76 %
CATES_J 315 261 226 183 800 671 698 538 60 43 64 45 36 25 24 16 2 1 0 0 39 27 43 32 194 115 2,501 1,957 069
83 % 81 % 84 % 77 % 72 % 70 % 69 % 67 % 50 % 0 % 69 % 74 % 59 % 78 %
07C 0 0 0 0 0 1 0 0 0 0 0 0 0 0 0 0 0 0 0 0 0 0 0 0 0 0 0 1 07C
0 % 0 % 0 % 0 % 0 % 0 % 0 % 0 % 0 % 0 % 0 % 0 % 0 % 0 %
07E 0 0 0 1 0 0 0 0 0 0 0 0 0 0 0 0 0 0 0 0 0 0 0 0 0 0 0 1 07E
0 % 0 % 0 % 0 % 0 % 0 % 0 % 0 % 0 % 0 % 0 % 0 % 0 % 0 %
GOODWINS_B 202 170 157 115 1,220 956 1,147 848 61 27 70 38 49 31 47 29 2 1 1 1 45 30 37 25 218 125 3,256 2,396 070
84 % 73 % 78 % 74 % 44 % 54 % 63 % 62 % 50 % 100 % 67 % 68 % 57 % 74 %
LAWRENCEVI 778 633 596 446 487 371 408 315 60 35 44 28 84 52 71 31 0 0 3 1 57 39 32 23 299 175 2,919 2,149 071
81 % 75 % 76 % 77 % 58 % 64 % 62 % 44 % 0 % 33 % 68 % 72 % 59 % 74 %
MARTINS_E 1,308 1,125 721 540 307 191 249 157 74 36 86 33 147 89 97 40 0 0 2 0 59 39 30 16 411 239 3,491 2,505 072
86 % 75 % 62 % 63 % 49 % 38 % 61 % 41 % 0 % 0 % 66 % 53 % 58 % 72 %
PINCKNEYVI 207 185 125 98 552 481 440 376 19 9 19 10 21 15 13 10 0 0 1 1 26 22 14 10 130 92 1,567 1,309 073
89 % 78 % 87 % 85 % 47 % 53 % 71 % 77 % 0 % 100 % 85 % 71 % 71 % 84 %
PINCKNEYVI 394 322 218 164 103 74 75 51 15 6 24 9 104 61 68 38 1 1 0 0 29 26 14 8 140 61 1,185 821 074
82 % 75 % 72 % 68 % 40 % 38 % 59 % 56 % 100 % 0 % 90 % 57 % 44 % 69 %
ROCKBRIDGE 1,099 952 865 678 553 427 496 366 34 22 37 21 37 27 30 18 2 1 2 1 62 46 46 26 279 170 3,542 2,755 075
87 % 78 % 77 % 74 % 65 % 57 % 73 % 60 % 50 % 50 % 74 % 57 % 61 % 78 %
ROCKBRIDGE 878 729 581 446 533 424 440 348 19 8 13 7 48 38 39 24 1 0 0 0 28 22 27 18 192 116 2,799 2,180 076
83 % 77 % 80 % 79 % 42 % 54 % 79 % 62 % 0 % 0 % 79 % 67 % 60 % 78 %
GOODWINS_C 537 460 362 277 880 654 776 568 151 74 159 79 115 72 92 51 2 2 6 5 61 40 48 28 377 213 3,566 2,523 077
86 % 77 % 74 % 73 % 49 % 50 % 63 % 55 % 100 % 83 % 66 % 58 % 56 % 71 %
BAYCREEK_K 337 285 246 198 827 670 722 584 43 30 51 29 36 24 27 13 1 1 0 0 37 30 22 11 184 129 2,533 2,004 078
85 % 80 % 81 % 81 % 70 % 57 % 67 % 48 % 100 % 0 % 81 % 50 % 70 % 79 %
CATES_K 152 117 105 70 833 660 764 632 33 20 24 12 28 24 31 14 0 0 1 0 28 20 16 13 143 76 2,158 1,658 079
77 % 67 % 79 % 83 % 61 % 50 % 86 % 45 % 0 % 0 % 71 % 81 % 53 % 77 %
08 0 1 0 0 0 0 0 0 0 0 0 0 0 0 0 0 0 0 0 0 0 0 0 0 0 0 0 1 08
0 % 0 % 0 % 0 % 0 % 0 % 0 % 0 % 0 % 0 % 0 % 0 % 0 % 0 %
08D 0 0 0 0 0 1 0 0 0 0 0 0 0 1 0 0 0 0 0 0 0 0 0 0 0 1 0 3 08D
0 % 0 % 0 % 0 % 0 % 0 % 0 % 0 % 0 % 0 % 0 % 0 % 0 % 0 %
BAYCREEK_C 843 679 614 464 1,099 868 1,043 822 48 31 35 23 77 58 63 44 1 1 0 0 56 45 39 28 369 253 4,287 3,316 080
81 % 76 % 79 % 79 % 65 % 66 % 75 % 70 % 100 % 0 % 80 % 72 % 69 % 77 %
CATES_L 557 465 416 303 903 722 779 609 36 19 44 26 51 33 35 18 5 3 2 0 50 32 35 25 235 147 3,148 2,402 081
83 % 73 % 80 % 78 % 53 % 59 % 65 % 51 % 60 % 0 % 64 % 71 % 63 % 76 %
DULUTH_E 711 567 398 269 821 590 581 381 133 57 137 61 77 45 51 31 3 2 6 3 69 47 38 20 425 222 3,450 2,295 082
80 % 68 % 72 % 66 % 43 % 45 % 58 % 61 % 67 % 50 % 68 % 53 % 52 % 67 %
GOODWINS_D 307 248 253 184 1,016 789 938 690 93 54 93 49 115 74 107 67 3 1 1 0 52 37 49 29 308 179 3,335 2,401 083
81 % 73 % 78 % 74 % 58 % 53 % 64 % 63 % 33 % 0 % 71 % 59 % 58 % 72 %
LAWRENCEVI 452 370 352 270 304 246 284 222 104 52 90 55 89 57 64 40 2 0 3 2 43 33 39 22 213 130 2,039 1,499 084
82 % 77 % 81 % 78 % 50 % 61 % 64 % 63 % 0 % 67 % 77 % 56 % 61 % 74 %
LAWRENCEVI 246 204 211 160 1,050 849 1,053 803 71 40 70 43 67 53 49 37 2 2 0 0 49 41 38 21 254 149 3,160 2,402 085
83 % 76 % 81 % 76 % 56 % 61 % 79 % 76 % 100 % 0 % 84 % 55 % 59 % 76 %
MARTINS_F 442 371 270 200 292 215 233 162 49 17 48 20 108 69 78 46 0 0 0 0 41 29 16 12 211 102 1,788 1,243 086
84 % 74 % 74 % 70 % 35 % 42 % 64 % 59 % 0 % 0 % 71 % 75 % 48 % 70 %
PINCKNEYVI 336 269 193 130 478 381 474 384 83 45 95 58 99 67 95 53 1 0 2 1 26 18 34 22 216 112 2,132 1,540 087
80 % 67 % 80 % 81 % 54 % 61 % 68 % 56 % 0 % 50 % 69 % 65 % 52 % 72 %
ROCKBRIDGE 916 751 655 452 575 434 534 396 37 21 38 19 55 36 46 24 5 0 0 0 67 40 32 22 242 146 3,202 2,341 088
82 % 69 % 75 % 74 % 57 % 50 % 65 % 52 % 0 % 0 % 60 % 69 % 60 % 73 %
SUGAR_HILL 146 121 109 86 889 671 720 563 53 27 34 16 55 34 38 18 1 1 0 0 26 16 14 6 148 84 2,233 1,643 089
83 % 79 % 75 % 78 % 51 % 47 % 62 % 47 % 100 % 0 % 62 % 43 % 57 % 74 %
09F 0 1 0 0 0 0 0 0 0 0 0 0 0 0 0 0 0 0 0 0 0 0 0 0 0 0 0 1 09F
0 % 0 % 0 % 0 % 0 % 0 % 0 % 0 % 0 % 0 % 0 % 0 % 0 % 0 %
LAWRENCEVI 388 320 266 188 766 583 635 460 36 18 34 17 75 58 61 31 2 0 0 0 39 20 37 22 253 153 2,592 1,870 090
82 % 71 % 76 % 72 % 50 % 50 % 77 % 51 % 0 % 0 % 51 % 59 % 60 % 72 %
BAYCREEK_D 406 350 306 235 1,164 989 1,005 822 25 13 27 17 49 35 35 22 2 2 0 0 45 30 31 24 268 171 3,363 2,710 091
86 % 77 % 85 % 82 % 52 % 63 % 71 % 63 % 100 % 0 % 67 % 77 % 64 % 81 %
BERKSHIRE 129 109 126 101 846 723 796 668 78 51 68 36 19 16 16 10 4 1 2 1 26 18 23 12 154 101 2,287 1,847 092
84 % 80 % 85 % 84 % 65 % 53 % 84 % 63 % 25 % 50 % 69 % 52 % 66 % 81 %
CATES_M 158 141 136 104 1,346 1,110 1,282 1,017 69 37 76 38 43 31 27 17 3 2 2 0 40 34 44 28 237 163 3,463 2,722 093
89 % 76 % 82 % 79 % 54 % 50 % 72 % 63 % 67 % 0 % 85 % 64 % 69 % 79 %
CATES_N 123 104 100 76 905 751 793 635 23 15 22 18 23 14 16 8 0 0 0 0 18 13 18 12 116 75 2,157 1,721 094
85 % 76 % 83 % 80 % 65 % 82 % 61 % 50 % 0 % 0 % 72 % 67 % 65 % 80 %
DULUTH_F 821 691 482 356 422 285 365 246 189 71 187 62 115 62 95 47 3 2 1 0 61 43 31 15 405 193 3,177 2,073 095
84 % 74 % 68 % 67 % 38 % 33 % 54 % 49 % 67 % 0 % 70 % 48 % 48 % 65 %
DULUTH_G 146 127 97 70 774 640 698 577 118 51 121 50 29 20 29 20 4 2 1 1 27 19 20 12 183 109 2,247 1,698 096
87 % 72 % 83 % 83 % 43 % 41 % 69 % 69 % 50 % 100 % 70 % 60 % 60 % 76 %
GOODWINS_E 367 317 248 183 1,256 977 1,156 889 144 65 147 66 92 66 62 42 3 2 2 1 49 34 52 30 362 206 3,940 2,878 097
86 % 74 % 78 % 77 % 45 % 45 % 72 % 68 % 67 % 50 % 69 % 58 % 57 % 73 %
GOODWINS_F 256 212 156 119 723 545 678 517 98 42 76 35 72 48 59 32 1 0 1 0 37 24 34 24 211 125 2,402 1,723 098
83 % 76 % 75 % 76 % 43 % 46 % 67 % 54 % 0 % 0 % 65 % 71 % 59 % 72 %
PINCKNEYVI 208 189 129 95 598 479 497 382 104 53 95 43 99 68 88 46 0 0 1 1 34 17 42 22 241 118 2,136 1,513 099
91 % 74 % 80 % 77 % 51 % 45 % 69 % 52 % 0 % 100 % 50 % 52 % 49 % 71 %
10C 0 0 0 0 0 0 0 0 0 0 0 0 0 0 0 0 0 0 0 0 0 0 0 0 0 1 0 1 10C
0 % 0 % 0 % 0 % 0 % 0 % 0 % 0 % 0 % 0 % 0 % 0 % 0 % 0 %
SUWANEE_B 228 201 195 152 1,008 804 957 776 140 59 127 52 49 34 29 19 2 1 2 2 48 28 52 30 286 175 3,123 2,333 100
88 % 78 % 80 % 81 % 42 % 41 % 69 % 66 % 50 % 100 % 58 % 58 % 61 % 75 %
PINCKNEYVI 274 249 129 109 444 372 408 353 18 13 11 8 20 12 15 12 2 2 1 0 22 17 22 11 135 94 1,501 1,252 101
91 % 84 % 84 % 87 % 72 % 73 % 60 % 80 % 100 % 0 % 77 % 50 % 70 % 83 %
PUCKETTS_B 155 130 120 98 817 680 781 654 48 23 60 28 57 40 43 27 0 0 2 1 22 17 15 7 191 124 2,311 1,829 102
84 % 82 % 83 % 84 % 48 % 47 % 70 % 63 % 0 % 50 % 77 % 47 % 65 % 79 %
BERKSHIRE 471 404 288 216 334 269 340 260 90 53 101 44 123 65 82 40 2 1 1 1 26 16 21 15 226 117 2,105 1,501 103
86 % 75 % 81 % 76 % 59 % 44 % 53 % 49 % 50 % 100 % 62 % 71 % 52 % 71 %
ROCKBRIDGE 1,494 1,252 980 748 626 494 533 436 22 12 28 13 33 20 22 11 2 1 0 0 58 45 25 16 321 228 4,144 3,276 104
84 % 76 % 79 % 82 % 55 % 46 % 61 % 50 % 50 % 0 % 78 % 64 % 71 % 79 %
SUGAR_HILL 198 167 121 96 1,095 828 945 715 98 48 96 47 90 57 67 32 0 0 5 2 42 30 29 20 236 145 3,022 2,187 105
84 % 79 % 76 % 76 % 49 % 49 % 63 % 48 % 0 % 40 % 71 % 69 % 61 % 72 %
SUWANEE_C 195 166 168 133 1,162 954 1,001 813 174 77 162 73 49 42 47 32 4 3 0 0 37 27 39 26 284 142 3,322 2,488 106
85 % 79 % 82 % 81 % 44 % 45 % 86 % 68 % 75 % 0 % 73 % 67 % 50 % 75 %
CATES_O 75 64 54 48 372 313 383 295 38 17 46 24 18 11 11 7 1 1 1 1 13 10 16 10 94 57 1,122 858 107
85 % 89 % 84 % 77 % 45 % 52 % 61 % 64 % 100 % 100 % 77 % 63 % 61 % 76 %
BAYCREEK_E 350 304 259 196 773 587 601 445 16 12 16 10 47 33 32 20 1 0 0 0 30 16 30 18 176 102 2,331 1,743 108
87 % 76 % 76 % 74 % 75 % 63 % 70 % 63 % 0 % 0 % 53 % 60 % 58 % 75 %
BERKSHIRE 84 71 68 56 484 419 446 377 35 19 50 23 16 16 18 11 1 1 0 0 17 15 20 15 105 66 1,344 1,089 109
85 % 82 % 87 % 85 % 54 % 46 % 100 % 61 % 100 % 0 % 88 % 75 % 63 % 81 %
MARTINS_G 326 270 221 154 327 244 272 191 56 30 48 19 95 59 87 54 0 0 1 1 28 20 28 19 161 76 1,650 1,137 110
83 % 70 % 75 % 70 % 54 % 40 % 62 % 62 % 0 % 100 % 71 % 68 % 47 % 69 %
DULUTH_H 200 174 98 68 752 591 516 407 55 22 50 25 43 32 21 14 2 0 1 1 24 16 20 14 184 113 1,966 1,477 111
87 % 69 % 79 % 79 % 40 % 50 % 74 % 67 % 0 % 100 % 67 % 70 % 61 % 75 %
BERKSHIRE 121 104 99 82 1,047 864 922 777 70 43 61 39 17 12 14 9 1 1 2 1 24 16 32 21 155 100 2,565 2,069 112
86 % 83 % 83 % 84 % 61 % 64 % 71 % 64 % 100 % 50 % 67 % 66 % 65 % 81 %
PINCKNEYVI 173 152 126 87 229 190 210 167 91 40 93 45 56 36 59 34 0 0 1 0 30 18 22 13 142 74 1,232 856 113
88 % 69 % 83 % 80 % 44 % 48 % 64 % 58 % 0 % 0 % 60 % 59 % 52 % 69 %
PINCKNEYVI 361 292 251 179 679 568 643 527 100 47 127 61 91 57 77 40 2 1 1 1 41 26 21 15 280 146 2,674 1,960 114
81 % 71 % 84 % 82 % 47 % 48 % 63 % 52 % 50 % 100 % 63 % 71 % 52 % 73 %
MARTINS_H 582 500 399 310 663 525 598 464 131 54 154 87 179 109 143 84 0 1 4 1 61 39 38 22 310 162 3,262 2,358 115
86 % 78 % 79 % 78 % 41 % 56 % 61 % 59 % 0 % 25 % 64 % 58 % 52 % 72 %
1152 0 0 0 0 0 1 0 0 0 0 0 0 0 0 0 0 0 0 0 0 0 0 0 0 0 0 0 1 1152
0 % 0 % 0 % 0 % 0 % 0 % 0 % 0 % 0 % 0 % 0 % 0 % 0 % 0 %
MARTINS_I 497 416 336 235 366 267 242 180 164 77 171 89 173 113 147 80 4 2 1 0 49 36 36 25 314 164 2,500 1,684 116
84 % 70 % 73 % 74 % 47 % 52 % 65 % 54 % 50 % 0 % 73 % 69 % 52 % 67 %
MARTINS_J 791 640 464 338 307 211 242 169 77 36 69 24 160 98 123 71 2 1 0 0 59 37 23 12 338 184 2,655 1,821 117
81 % 73 % 69 % 70 % 47 % 35 % 61 % 58 % 50 % 0 % 63 % 52 % 54 % 69 %
GARNERS_F 81 72 61 46 535 435 451 372 29 21 26 13 8 3 7 5 2 2 1 0 12 4 17 9 81 46 1,311 1,028 118
89 % 75 % 81 % 82 % 72 % 50 % 38 % 71 % 100 % 0 % 33 % 53 % 57 % 78 %
BERKSHIRE 141 111 105 72 845 707 748 597 57 39 72 45 28 14 15 10 2 2 1 1 23 17 18 14 139 96 2,194 1,725 119
79 % 69 % 84 % 80 % 68 % 63 % 50 % 67 % 100 % 100 % 74 % 78 % 69 % 79 %
BERKSHIRE 162 125 101 65 265 216 224 184 22 15 24 17 53 33 53 35 0 0 0 0 11 6 24 18 92 49 1,031 763 120
77 % 64 % 82 % 82 % 68 % 71 % 62 % 66 % 0 % 0 % 55 % 75 % 53 % 74 %
PINCKNEYVI 158 140 130 105 792 687 778 646 137 78 138 74 35 25 22 18 2 2 0 0 45 30 41 30 237 155 2,515 1,990 121
89 % 81 % 87 % 83 % 57 % 54 % 71 % 82 % 100 % 0 % 67 % 73 % 65 % 79 %
ROCKBRIDGE 1,320 1,085 936 670 622 462 568 413 11 7 12 9 48 23 32 16 1 1 1 0 49 35 44 33 258 169 3,902 2,923 122
82 % 72 % 74 % 73 % 64 % 75 % 48 % 50 % 100 % 0 % 71 % 75 % 66 % 75 %
PINCKNEYVI 518 433 321 228 212 147 207 139 83 43 102 61 166 106 119 66 4 3 3 2 47 31 34 24 261 130 2,077 1,413 123
84 % 71 % 69 % 67 % 52 % 60 % 64 % 55 % 75 % 67 % 66 % 71 % 50 % 68 %
GOODWINS_G 331 291 236 186 380 294 314 239 47 18 47 15 83 57 76 42 2 1 0 0 24 19 14 9 179 118 1,733 1,289 124
88 % 79 % 77 % 76 % 38 % 32 % 69 % 55 % 50 % 0 % 79 % 64 % 66 % 74 %
PINCKNEYVI 18 14 18 13 737 627 675 582 19 13 21 16 15 12 19 16 1 1 0 0 10 9 19 15 97 73 1,649 1,391 125
78 % 72 % 85 % 86 % 68 % 76 % 80 % 84 % 100 % 0 % 90 % 79 % 75 % 84 %
PINCKNEYVI 38 32 30 24 1,039 863 979 815 50 31 50 32 14 10 6 3 0 0 0 0 26 22 24 17 159 106 2,415 1,955 126
84 % 80 % 83 % 83 % 62 % 64 % 71 % 50 % 0 % 0 % 85 % 71 % 67 % 81 %
LAWRENCEVI 305 257 217 156 357 272 339 265 23 13 22 11 42 28 36 18 1 0 1 1 22 15 23 15 133 79 1,521 1,130 127
84 % 72 % 76 % 78 % 57 % 50 % 67 % 50 % 0 % 100 % 68 % 65 % 59 % 74 %
1273 0 0 0 0 0 1 0 0 0 0 0 0 0 0 0 0 0 0 0 0 0 0 0 0 0 0 0 1 1273
0 % 0 % 0 % 0 % 0 % 0 % 0 % 0 % 0 % 0 % 0 % 0 % 0 % 0 %
GOODWINS_H 223 166 170 123 644 506 627 459 56 31 59 32 81 55 66 43 0 0 1 1 26 14 29 15 170 92 2,152 1,537 128
74 % 72 % 79 % 73 % 55 % 54 % 68 % 65 % 0 % 100 % 54 % 52 % 54 % 71 %
DUNCANS_B 159 129 140 106 1,276 1,039 1,172 944 28 19 24 12 41 21 39 22 1 0 0 0 21 16 25 19 259 176 3,185 2,503 129
81 % 76 % 81 % 81 % 68 % 50 % 51 % 56 % 0 % 0 % 76 % 76 % 68 % 79 %
13 0 0 0 0 0 0 0 0 0 0 0 0 0 0 0 0 0 0 0 0 0 1 0 0 0 0 0 1 13
0 % 0 % 0 % 0 % 0 % 0 % 0 % 0 % 0 % 0 % 0 % 0 % 0 % 0 %
SUWANEE_D 136 121 129 107 1,280 1,081 1,177 975 98 66 98 55 45 32 31 24 2 2 0 0 30 24 37 23 267 172 3,330 2,682 130
89 % 83 % 84 % 83 % 67 % 56 % 71 % 77 % 100 % 0 % 80 % 62 % 64 % 81 %
SUWANEE_E 117 104 86 67 1,167 972 1,136 938 81 51 78 39 40 26 28 22 1 1 1 0 30 18 41 29 225 154 3,031 2,421 131
89 % 78 % 83 % 83 % 63 % 50 % 65 % 79 % 100 % 0 % 60 % 71 % 68 % 80 %
LAWRENCEVI 230 192 173 130 846 685 782 604 97 52 90 40 52 35 55 33 3 0 2 1 33 18 42 30 211 120 2,616 1,940 132
83 % 75 % 81 % 77 % 54 % 44 % 67 % 60 % 0 % 50 % 55 % 71 % 57 % 74 %
HARBINS_B 159 125 138 103 1,156 906 1,080 816 18 13 23 14 50 28 39 22 0 0 0 0 18 12 15 11 196 121 2,892 2,171 133
79 % 75 % 78 % 76 % 72 % 61 % 56 % 56 % 0 % 0 % 67 % 73 % 62 % 75 %
BAYCREEK_F 612 525 422 316 743 617 576 469 15 9 29 15 47 34 38 26 0 0 0 0 33 20 26 17 251 159 2,792 2,207 134
86 % 75 % 83 % 81 % 60 % 52 % 72 % 68 % 0 % 0 % 61 % 65 % 63 % 79 %
PUCKETTS_C 162 131 133 96 815 669 708 562 28 11 28 13 81 54 47 31 0 0 0 0 14 11 19 14 178 113 2,213 1,705 135
81 % 72 % 82 % 79 % 39 % 46 % 67 % 66 % 0 % 0 % 79 % 74 % 63 % 77 %
HOG_MOUNTA 227 196 164 118 1,102 850 973 735 50 29 64 34 99 54 79 49 3 3 0 0 35 18 24 13 268 156 3,088 2,255 136
86 % 72 % 77 % 76 % 58 % 53 % 55 % 62 % 100 % 0 % 51 % 54 % 58 % 73 %
ROCKYCREEK 336 276 279 208 1,305 1,051 1,084 884 62 29 68 36 96 58 98 52 0 0 0 0 37 28 42 29 329 200 3,736 2,851 137
82 % 75 % 81 % 82 % 47 % 53 % 60 % 53 % 0 % 0 % 76 % 69 % 61 % 76 %
DULUTH_I 144 111 132 98 934 780 906 724 322 159 314 146 32 25 23 14 9 8 15 9 42 29 62 45 337 185 3,272 2,333 138
77 % 74 % 84 % 80 % 49 % 46 % 78 % 61 % 89 % 60 % 69 % 73 % 55 % 71 %
MARTINS_K 866 747 596 423 485 354 429 308 132 67 146 67 181 125 113 65 1 0 2 0 61 40 53 33 405 204 3,470 2,433 139
86 % 71 % 73 % 72 % 51 % 46 % 69 % 58 % 0 % 0 % 66 % 62 % 50 % 70 %
14 0 0 0 0 0 1 0 0 0 0 0 0 0 0 0 0 0 0 0 0 0 0 0 0 0 0 0 1 14
0 % 0 % 0 % 0 % 0 % 0 % 0 % 0 % 0 % 0 % 0 % 0 % 0 % 0 %
SUWANEE_H 88 78 65 55 1,065 890 1,053 876 71 39 86 51 26 23 25 13 2 2 3 2 29 24 29 20 219 153 2,761 2,226 140
89 % 85 % 84 % 83 % 55 % 59 % 88 % 52 % 100 % 67 % 83 % 69 % 70 % 81 %
SUGAR_HILL 89 76 56 41 881 702 778 607 31 13 46 27 34 22 31 19 0 0 0 0 27 16 21 17 138 95 2,132 1,635 141
85 % 73 % 80 % 78 % 42 % 59 % 65 % 61 % 0 % 0 % 59 % 81 % 69 % 77 %
SUWANEE_F 228 191 200 172 793 674 756 635 165 80 156 80 48 39 48 35 2 1 0 0 38 26 45 32 296 175 2,775 2,140 142
84 % 86 % 85 % 84 % 48 % 51 % 81 % 73 % 50 % 0 % 68 % 71 % 59 % 77 %
LAWRENCEVI 464 383 325 263 1,022 835 880 688 166 101 148 83 65 44 56 31 9 3 2 2 58 43 60 35 342 214 3,597 2,725 143
83 % 81 % 82 % 78 % 61 % 56 % 68 % 55 % 33 % 100 % 74 % 58 % 63 % 76 %
LAWRENCEVI 1,023 844 712 516 621 425 468 319 65 33 41 25 140 84 137 77 0 0 2 0 47 35 37 22 364 205 3,657 2,585 144
83 % 72 % 68 % 68 % 51 % 61 % 60 % 56 % 0 % 0 % 74 % 59 % 56 % 71 %
BAYCREEK_G 536 444 353 256 1,011 813 812 624 21 13 13 8 46 34 25 15 2 2 1 1 30 22 26 18 244 151 3,120 2,401 145
83 % 73 % 80 % 77 % 62 % 62 % 74 % 60 % 100 % 100 % 73 % 69 % 62 % 77 %
BAYCREEK_H 386 326 278 211 1,497 1,239 1,356 1,096 32 13 27 11 45 35 42 25 1 1 2 0 33 26 22 11 307 200 4,028 3,194 146
84 % 76 % 83 % 81 % 41 % 41 % 78 % 60 % 100 % 0 % 79 % 50 % 65 % 79 %
BAYCREEK_I 744 597 538 376 938 752 880 686 36 14 37 15 110 77 82 47 1 1 2 2 43 23 34 20 371 231 3,816 2,841 147
80 % 70 % 80 % 78 % 39 % 41 % 70 % 57 % 100 % 100 % 53 % 59 % 62 % 74 %
BERKSHIRE 71 55 61 41 551 442 461 366 36 21 34 17 28 22 23 11 2 0 2 0 11 6 11 7 100 65 1,391 1,053 148
77 % 67 % 80 % 79 % 58 % 50 % 79 % 48 % 0 % 0 % 55 % 64 % 65 % 76 %
GOODWINS_I 137 115 111 93 725 610 685 550 62 38 56 36 41 31 29 22 1 0 0 0 31 16 15 10 143 102 2,036 1,623 149
84 % 84 % 84 % 80 % 61 % 64 % 76 % 76 % 0 % 0 % 52 % 67 % 71 % 80 %
DULUTH_K 406 327 276 182 186 127 189 109 96 43 94 45 79 47 50 19 2 1 2 1 28 20 21 15 203 82 1,632 1,018 150
81 % 66 % 68 % 58 % 45 % 48 % 59 % 38 % 50 % 50 % 71 % 71 % 40 % 62 %
HARBINS_C 110 88 92 66 672 567 602 484 7 4 7 3 19 16 17 14 1 1 1 1 11 9 8 4 140 93 1,687 1,350 151
80 % 72 % 84 % 80 % 57 % 43 % 84 % 82 % 100 % 100 % 82 % 50 % 66 % 80 %
ROCKYCREEK 323 280 236 183 1,167 978 1,019 841 30 15 29 15 73 57 63 42 0 0 1 1 32 21 27 16 278 193 3,278 2,642 152
87 % 78 % 84 % 83 % 50 % 52 % 78 % 67 % 0 % 100 % 66 % 59 % 69 % 81 %
LAWRENCEVI 237 201 179 119 468 378 456 344 30 14 29 17 70 40 56 31 0 0 1 0 31 14 21 13 142 83 1,720 1,254 153
85 % 66 % 81 % 75 % 47 % 59 % 57 % 55 % 0 % 0 % 45 % 62 % 58 % 73 %
PUCKETTS_D 103 91 94 75 904 748 794 640 40 16 35 15 57 43 45 27 1 0 1 1 18 11 22 11 199 137 2,313 1,815 154
88 % 80 % 83 % 81 % 40 % 43 % 75 % 60 % 0 % 100 % 61 % 50 % 69 % 78 %
SUWANEE_G 216 199 129 100 867 727 798 629 91 43 85 49 54 38 41 26 2 1 3 2 38 30 29 21 224 148 2,577 2,013 155
92 % 78 % 84 % 79 % 47 % 58 % 70 % 63 % 50 % 67 % 79 % 72 % 66 % 78 %
BAYCREEK_J 689 583 497 361 772 621 756 610 11 5 12 8 56 30 37 19 0 0 1 0 41 31 19 16 258 175 3,149 2,459 156
85 % 73 % 80 % 81 % 45 % 67 % 54 % 51 % 0 % 0 % 76 % 84 % 68 % 78 %
16 0 0 0 0 0 1 0 0 0 1 0 0 0 0 0 0 0 0 0 0 0 0 0 0 0 1 0 3 16
0 % 0 % 0 % 0 % 0 % 0 % 0 % 0 % 0 % 0 % 0 % 0 % 0 % 0 %
1663 0 0 0 0 0 1 0 0 0 0 0 0 0 0 0 0 0 0 0 0 0 0 0 0 0 1 0 2 1663
0 % 0 % 0 % 0 % 0 % 0 % 0 % 0 % 0 % 0 % 0 % 0 % 0 % 0 %
1704 0 0 0 0 0 0 0 1 0 0 0 0 0 0 0 0 0 0 0 0 0 0 0 0 0 0 0 1 1704
0 % 0 % 0 % 0 % 0 % 0 % 0 % 0 % 0 % 0 % 0 % 0 % 0 % 0 %
1765 0 0 0 0 0 0 0 1 0 0 0 0 0 0 0 0 0 0 0 0 0 0 0 0 0 0 0 1 1765
0 % 0 % 0 % 0 % 0 % 0 % 0 % 0 % 0 % 0 % 0 % 0 % 0 % 0 %
18 0 1 0 2 0 0 0 0 0 0 0 0 0 0 0 0 0 0 0 0 0 0 0 0 0 0 0 3 18
0 % 0 % 0 % 0 % 0 % 0 % 0 % 0 % 0 % 0 % 0 % 0 % 0 % 0 %
24 0 1 0 0 0 0 0 0 0 0 0 0 0 0 0 0 0 0 0 0 0 0 0 0 0 0 0 1 24
0 % 0 % 0 % 0 % 0 % 0 % 0 % 0 % 0 % 0 % 0 % 0 % 0 % 0 %
25 0 0 0 0 0 0 0 1 0 0 0 0 0 0 0 0 0 0 0 0 0 0 0 0 0 0 0 1 25
0 % 0 % 0 % 0 % 0 % 0 % 0 % 0 % 0 % 0 % 0 % 0 % 0 % 0 %
250 0 0 0 0 0 0 0 1 0 0 0 0 0 0 0 0 0 0 0 0 0 0 0 0 0 0 0 1 250
0 % 0 % 0 % 0 % 0 % 0 % 0 % 0 % 0 % 0 % 0 % 0 % 0 % 0 %
417 0 0 0 0 0 1 0 0 0 0 0 0 0 0 0 0 0 0 0 0 0 0 0 0 0 0 0 1 417
0 % 0 % 0 % 0 % 0 % 0 % 0 % 0 % 0 % 0 % 0 % 0 % 0 % 0 %
421 0 2 0 0 0 0 0 0 0 0 0 0 0 0 0 0 0 0 0 0 0 0 0 0 0 0 0 2 421
0 % 0 % 0 % 0 % 0 % 0 % 0 % 0 % 0 % 0 % 0 % 0 % 0 % 0 %
422 0 0 0 1 0 0 0 0 0 0 0 0 0 0 0 0 0 0 0 0 0 0 0 0 0 0 0 1 422
0 % 0 % 0 % 0 % 0 % 0 % 0 % 0 % 0 % 0 % 0 % 0 % 0 % 0 %
424 0 0 0 0 0 1 0 0 0 0 0 0 0 0 0 0 0 0 0 0 0 0 0 0 0 0 0 1 424
0 % 0 % 0 % 0 % 0 % 0 % 0 % 0 % 0 % 0 % 0 % 0 % 0 % 0 %
427 0 0 0 0 0 0 0 0 0 0 0 0 0 0 0 0 0 0 0 0 0 0 0 0 0 1 0 1 427
0 % 0 % 0 % 0 % 0 % 0 % 0 % 0 % 0 % 0 % 0 % 0 % 0 % 0 %
46 0 0 0 0 0 0 0 0 0 0 0 0 0 0 0 0 0 0 0 0 0 0 0 0 0 1 0 1 46
0 % 0 % 0 % 0 % 0 % 0 % 0 % 0 % 0 % 0 % 0 % 0 % 0 % 0 %
6D 0 1 0 0 0 0 0 0 0 0 0 0 0 0 0 0 0 0 0 0 0 0 0 0 0 0 0 1 6D
0 % 0 % 0 % 0 % 0 % 0 % 0 % 0 % 0 % 0 % 0 % 0 % 0 % 0 %
602 0 0 0 1 0 0 0 0 0 0 0 0 0 0 0 0 0 0 0 0 0 0 0 0 0 0 0 1 602
0 % 0 % 0 % 0 % 0 % 0 % 0 % 0 % 0 % 0 % 0 % 0 % 0 % 0 %
7B 0 0 0 0 0 0 0 0 0 1 0 0 0 0 0 0 0 0 0 0 0 0 0 0 0 0 0 1 7B
0 % 0 % 0 % 0 % 0 % 0 % 0 % 0 % 0 % 0 % 0 % 0 % 0 % 0 %
9 0 0 0 0 0 0 0 0 0 0 0 0 0 0 0 0 0 0 0 0 0 1 0 0 0 0 0 1 9
0 % 0 % 0 % 0 % 0 % 0 % 0 % 0 % 0 % 0 % 0 % 0 % 0 % 0 %
TOTALS 56,719 47,157 39,362 28,950 115,729 92,550 102,740 80,684 9,679 4,942 9,751 4,973 10,030 6,501 8,026 4,626 259 143 198 108 5,336 3,720 4,404 2,838 34,494 20,311 396,727 297,503 9
83 % 74 % 80 % 79 % 51 % 51 % 65 % 58 % 55 % 55 % 70 % 64 % 59 % 75 %