PIT 0 0 0 0 0 0 0 0 0 0 0 0 0 0 0 0 0 0 0 0 0 0 0 0 0 1 0 1 PIT
0 % 0 % 0 % 0 % 0 % 0 % 0 % 0 % 0 % 0 % 0 % 0 % 0 % 0 %
0002 0 0 0 0 0 1 0 0 0 0 0 0 0 0 0 0 0 0 0 0 0 0 0 0 0 0 0 1 0002
0 % 0 % 0 % 0 % 0 % 0 % 0 % 0 % 0 % 0 % 0 % 0 % 0 % 0 %
0007 0 0 0 0 0 1 0 0 0 0 0 0 0 0 0 0 0 0 0 0 0 0 0 0 0 0 0 1 0007
0 % 0 % 0 % 0 % 0 % 0 % 0 % 0 % 0 % 0 % 0 % 0 % 0 % 0 %
CLARKESVIL 24 15 22 8 1,541 1,178 1,281 960 11 6 4 3 12 6 13 8 2 1 1 1 4 4 6 5 133 83 3,054 2,278 01
63 % 36 % 76 % 75 % 55 % 75 % 50 % 62 % 50 % 100 % 100 % 83 % 62 % 75 %
011 0 0 0 0 0 0 0 2 0 0 0 0 0 0 0 0 0 0 0 0 0 0 0 0 0 0 0 2 011
0 % 0 % 0 % 0 % 0 % 0 % 0 % 0 % 0 % 0 % 0 % 0 % 0 % 0 %
012 0 0 0 0 0 1 0 0 0 0 0 0 0 0 0 0 0 0 0 0 0 0 0 0 0 0 0 1 012
0 % 0 % 0 % 0 % 0 % 0 % 0 % 0 % 0 % 0 % 0 % 0 % 0 % 0 %
014 0 0 0 0 0 1 0 0 0 0 0 0 0 0 0 0 0 0 0 0 0 0 0 0 0 0 0 1 014
0 % 0 % 0 % 0 % 0 % 0 % 0 % 0 % 0 % 0 % 0 % 0 % 0 % 0 %
CORNELIA 98 65 65 42 649 415 558 384 20 5 27 7 18 6 43 11 0 0 0 0 7 2 6 0 57 26 1,548 963 02
66 % 65 % 64 % 69 % 25 % 26 % 33 % 26 % 0 % 0 % 29 % 0 % 46 % 62 %
DEMOREST 7 6 4 3 776 559 661 470 5 2 3 2 8 6 10 3 0 0 0 0 2 2 1 1 52 32 1,529 1,086 03
86 % 75 % 72 % 71 % 40 % 67 % 75 % 30 % 0 % 0 % 100 % 100 % 62 % 71 %
CENTER_HIL 28 21 20 12 1,380 1,022 1,233 905 15 2 26 8 21 14 30 6 0 0 1 0 5 3 1 1 98 59 2,858 2,053 04
75 % 60 % 74 % 73 % 13 % 31 % 67 % 20 % 0 % 0 % 60 % 100 % 60 % 72 %
041 0 0 0 0 0 0 0 0 0 0 0 0 0 0 0 0 0 0 0 0 0 0 0 0 0 1 0 1 041
0 % 0 % 0 % 0 % 0 % 0 % 0 % 0 % 0 % 0 % 0 % 0 % 0 % 0 %
MUD_CREEK 21 16 23 15 858 599 709 514 19 5 14 4 28 11 26 12 0 0 0 0 1 0 3 2 80 41 1,782 1,219 05
76 % 65 % 70 % 72 % 26 % 29 % 39 % 46 % 0 % 0 % 0 % 67 % 51 % 68 %
051 0 0 0 0 0 2 0 0 0 0 0 0 0 0 0 0 0 0 0 0 0 0 0 0 0 0 0 2 051
0 % 0 % 0 % 0 % 0 % 0 % 0 % 0 % 0 % 0 % 0 % 0 % 0 % 0 %
GLADE_CREE 4 4 1 1 594 455 529 398 0 0 3 2 3 1 5 2 1 0 0 0 3 2 1 1 39 24 1,183 890 06
100 % 100 % 77 % 75 % 0 % 67 % 33 % 40 % 0 % 0 % 67 % 100 % 62 % 75 %
DEEP_CREEK 3 1 2 1 520 401 483 364 1 1 1 1 5 3 6 1 0 0 0 0 0 0 1 1 28 18 1,050 792 07
33 % 50 % 77 % 75 % 100 % 100 % 60 % 17 % 0 % 0 % 0 % 100 % 64 % 75 %
FORK 3 0 3 1 694 513 624 481 2 1 0 0 1 1 5 2 0 0 1 0 4 4 3 2 48 35 1,388 1,040 08
0 % 33 % 74 % 77 % 50 % 0 % 100 % 40 % 0 % 0 % 100 % 67 % 73 % 75 %
BALDWIN 16 10 22 4 438 294 336 224 13 6 5 3 20 6 31 9 1 1 0 0 2 1 2 0 52 22 938 580 09
63 % 18 % 67 % 67 % 46 % 60 % 30 % 29 % 100 % 0 % 50 % 0 % 42 % 62 %
VIEW 5 3 8 4 753 578 739 563 3 0 7 3 2 2 3 1 0 0 0 0 2 1 1 0 41 23 1,564 1,178 10
60 % 50 % 77 % 76 % 0 % 43 % 100 % 33 % 0 % 0 % 50 % 0 % 56 % 75 %
FALLING_WA 2 2 4 0 340 262 296 235 1 1 0 0 3 1 2 2 0 0 0 0 1 1 1 0 31 16 681 520 11
100 % 0 % 77 % 79 % 100 % 0 % 33 % 100 % 0 % 0 % 100 % 0 % 52 % 76 %
BATESVILLE 1 0 0 0 211 167 196 164 0 0 0 0 1 0 2 0 0 0 0 0 1 0 1 0 12 7 425 338 12
0 % 0 % 79 % 84 % 0 % 0 % 0 % 0 % 0 % 0 % 0 % 0 % 58 % 80 %
12A 0 0 0 0 0 0 0 1 0 0 0 0 0 0 0 0 0 0 0 0 0 0 0 0 0 0 0 1 12A
0 % 0 % 0 % 0 % 0 % 0 % 0 % 0 % 0 % 0 % 0 % 0 % 0 % 0 %
FAIR_PLAY 0 0 3 2 700 532 644 508 2 1 0 0 1 1 4 2 0 0 0 0 1 0 2 1 40 28 1,397 1,075 13
0 % 67 % 76 % 79 % 50 % 0 % 100 % 50 % 0 % 0 % 0 % 50 % 70 % 77 %
133 0 0 0 0 0 0 0 1 0 0 0 0 0 0 0 0 0 0 0 0 0 0 0 0 0 0 0 1 133
0 % 0 % 0 % 0 % 0 % 0 % 0 % 0 % 0 % 0 % 0 % 0 % 0 % 0 %
COOL_SPRIN 0 0 2 1 382 308 399 325 0 0 0 0 1 1 0 0 0 0 0 0 1 0 1 0 40 32 826 667 14
0 % 50 % 81 % 81 % 0 % 0 % 100 % 0 % 0 % 0 % 0 % 0 % 80 % 81 %
16 0 0 0 0 0 1 0 0 0 0 0 0 0 0 0 0 0 0 0 0 0 0 0 0 0 0 0 1 16
0 % 0 % 0 % 0 % 0 % 0 % 0 % 0 % 0 % 0 % 0 % 0 % 0 % 0 %
3 0 0 0 0 0 0 0 1 0 0 0 0 0 0 0 0 0 0 0 0 0 0 0 0 0 0 0 1 3
0 % 0 % 0 % 0 % 0 % 0 % 0 % 0 % 0 % 0 % 0 % 0 % 0 % 0 %
TOTALS 212 143 179 94 9,836 7,290 8,688 6,500 92 30 90 33 124 59 180 59 4 2 3 1 34 20 30 14 751 448 20,223 14,693 3
67 % 53 % 74 % 75 % 33 % 37 % 48 % 33 % 50 % 33 % 59 % 47 % 60 % 73 %