CR01 0 0 0 0 0 0 0 1 0 0 0 0 0 0 0 0 0 0 0 0 0 0 0 0 0 0 0 1 CR01
0 % 0 % 0 % 0 % 0 % 0 % 0 % 0 % 0 % 0 % 0 % 0 % 0 % 0 %
DA 0 0 0 0 0 1 0 0 0 0 0 0 0 0 0 0 0 0 0 0 0 0 0 0 0 0 0 1 DA
0 % 0 % 0 % 0 % 0 % 0 % 0 % 0 % 0 % 0 % 0 % 0 % 0 % 0 %
ET 0 0 0 0 0 1 0 0 0 0 0 0 0 0 0 0 0 0 0 0 0 0 0 0 0 0 0 1 ET
0 % 0 % 0 % 0 % 0 % 0 % 0 % 0 % 0 % 0 % 0 % 0 % 0 % 0 %
JB06 0 0 0 0 0 0 0 1 0 0 0 0 0 0 0 0 0 0 0 0 0 0 0 0 0 0 0 1 JB06
0 % 0 % 0 % 0 % 0 % 0 % 0 % 0 % 0 % 0 % 0 % 0 % 0 % 0 %
MG 0 0 0 0 0 1 0 0 0 0 0 0 0 0 0 0 0 0 0 0 0 0 0 0 0 0 0 1 MG
0 % 0 % 0 % 0 % 0 % 0 % 0 % 0 % 0 % 0 % 0 % 0 % 0 % 0 %
MINE 0 0 0 0 0 1 0 0 0 0 0 0 0 0 0 0 0 0 0 0 0 0 0 0 0 0 0 1 MINE
0 % 0 % 0 % 0 % 0 % 0 % 0 % 0 % 0 % 0 % 0 % 0 % 0 % 0 %
MZ 0 0 0 1 0 0 0 0 0 0 0 0 0 0 0 0 0 0 0 0 0 0 0 0 0 0 0 1 MZ
0 % 0 % 0 % 0 % 0 % 0 % 0 % 0 % 0 % 0 % 0 % 0 % 0 % 0 %
WILSON 90 70 60 31 1,276 982 1,103 841 24 14 28 15 117 62 139 54 0 0 0 0 16 8 10 4 253 145 3,116 2,226 001
78 % 52 % 77 % 76 % 58 % 54 % 53 % 39 % 0 % 0 % 50 % 40 % 57 % 71 %
CHICOPEE 70 51 46 27 362 245 289 191 26 3 28 6 113 59 134 45 0 0 0 0 7 1 6 3 138 52 1,219 683 002
73 % 59 % 68 % 66 % 12 % 21 % 52 % 34 % 0 % 0 % 14 % 50 % 38 % 56 %
OAKWOOD_I 101 68 85 46 720 482 580 380 13 7 9 3 54 25 37 16 0 0 0 0 9 4 8 2 175 98 1,791 1,131 003
67 % 54 % 67 % 66 % 54 % 33 % 46 % 43 % 0 % 0 % 44 % 25 % 56 % 63 %
OAKWOOD_II 25 15 18 14 527 405 498 378 7 6 4 4 13 8 11 4 0 0 0 0 5 4 2 2 83 47 1,193 887 004
60 % 78 % 77 % 76 % 86 % 100 % 62 % 36 % 0 % 0 % 80 % 100 % 57 % 74 %
OAKWOOD_II 39 26 27 13 879 702 786 605 11 6 8 1 56 26 52 20 0 0 0 0 7 4 7 5 152 96 2,024 1,504 005
67 % 48 % 80 % 77 % 55 % 13 % 46 % 38 % 0 % 0 % 57 % 71 % 63 % 74 %
FLOWERY_BR 49 32 44 28 1,382 1,057 1,202 929 8 3 6 4 30 9 45 25 1 0 0 0 10 5 11 8 244 164 3,032 2,264 006
65 % 64 % 76 % 77 % 38 % 67 % 30 % 56 % 0 % 0 % 50 % 73 % 67 % 75 %
FLOWERY_BR 105 73 88 52 1,074 809 896 651 11 5 9 6 55 28 32 16 0 0 0 0 9 8 8 4 243 140 2,530 1,792 007
70 % 59 % 75 % 73 % 45 % 67 % 51 % 50 % 0 % 0 % 89 % 50 % 58 % 71 %
ROBERTS 71 53 62 37 1,545 1,207 1,422 1,076 32 19 17 10 52 30 36 24 0 0 0 0 10 6 13 7 349 238 3,609 2,707 008
75 % 60 % 78 % 76 % 59 % 59 % 58 % 67 % 0 % 0 % 60 % 54 % 68 % 75 %
MORGAN_I 97 68 85 52 1,844 1,497 1,666 1,306 13 10 8 4 53 35 49 24 1 1 0 0 11 7 11 7 409 297 4,247 3,308 009
70 % 61 % 81 % 78 % 77 % 50 % 66 % 49 % 100 % 0 % 64 % 64 % 73 % 78 %
01 0 0 0 0 0 1 0 0 0 0 0 0 0 0 0 0 0 0 0 0 0 0 0 0 0 0 0 1 01
0 % 0 % 0 % 0 % 0 % 0 % 0 % 0 % 0 % 0 % 0 % 0 % 0 % 0 %
MORGAN_II 131 107 90 53 635 468 533 373 12 4 10 7 79 47 86 34 0 0 0 0 10 7 8 3 182 96 1,776 1,199 010
82 % 59 % 74 % 70 % 33 % 70 % 59 % 40 % 0 % 0 % 70 % 38 % 53 % 68 %
MORGAN_III 18 12 11 10 772 662 714 601 5 5 2 2 12 8 19 16 0 0 0 0 6 4 9 5 96 75 1,664 1,400 011
67 % 91 % 86 % 84 % 100 % 100 % 67 % 84 % 0 % 0 % 67 % 56 % 78 % 84 %
CANDLER 137 115 88 62 1,509 1,183 1,367 1,063 30 13 35 19 168 91 181 67 0 0 0 0 21 17 11 9 285 138 3,832 2,777 012
84 % 70 % 78 % 78 % 43 % 54 % 54 % 37 % 0 % 0 % 81 % 82 % 48 % 72 %
TADMORE 368 293 270 184 928 597 784 528 18 6 13 3 329 147 329 111 0 0 0 0 41 20 22 9 358 154 3,460 2,052 013
80 % 68 % 64 % 67 % 33 % 23 % 45 % 34 % 0 % 0 % 49 % 41 % 43 % 59 %
GLADE 18 9 15 6 488 360 466 318 1 0 0 0 16 6 9 3 0 0 0 0 3 2 4 1 68 40 1,088 745 014
50 % 40 % 74 % 68 % 0 % 0 % 38 % 33 % 0 % 0 % 67 % 25 % 59 % 68 %
LULA 69 53 47 26 1,099 800 961 685 11 7 6 3 13 8 18 10 0 0 0 0 3 3 7 3 150 96 2,384 1,694 015
77 % 55 % 73 % 71 % 64 % 50 % 62 % 56 % 0 % 0 % 100 % 43 % 64 % 71 %
CLERMONT 7 7 11 5 1,165 938 1,056 829 3 1 1 0 5 2 6 3 0 0 0 0 4 1 3 2 142 91 2,403 1,879 016
100 % 45 % 81 % 79 % 33 % 0 % 40 % 50 % 0 % 0 % 25 % 67 % 64 % 78 %
QUILLIANS 4 1 6 4 996 798 891 696 2 0 3 0 6 4 6 3 0 0 0 0 5 2 4 4 92 49 2,015 1,561 017
25 % 67 % 80 % 78 % 0 % 0 % 67 % 50 % 0 % 0 % 40 % 100 % 53 % 77 %
BARK_CAMP 18 12 20 15 1,020 795 885 673 6 3 3 1 26 15 25 15 0 0 0 0 6 4 3 2 156 90 2,168 1,625 018
67 % 75 % 78 % 76 % 50 % 33 % 58 % 60 % 0 % 0 % 67 % 67 % 58 % 75 %
MURRAYVILL 3 3 7 6 968 734 831 636 1 1 3 1 14 6 14 5 0 0 0 0 4 4 2 2 139 86 1,986 1,484 019
100 % 86 % 76 % 77 % 100 % 33 % 43 % 36 % 0 % 0 % 100 % 100 % 62 % 75 %
02 0 0 0 0 0 1 0 0 0 0 0 0 0 0 0 0 0 0 0 0 0 0 0 0 0 0 0 1 02
0 % 0 % 0 % 0 % 0 % 0 % 0 % 0 % 0 % 0 % 0 % 0 % 0 % 0 %
CHESTATEE 17 14 21 14 1,269 960 1,100 832 14 7 5 3 33 13 34 12 0 0 0 0 8 7 7 4 211 118 2,719 1,984 020
82 % 67 % 76 % 76 % 50 % 60 % 39 % 35 % 0 % 0 % 88 % 57 % 56 % 73 %
FORK 17 10 23 13 1,211 967 1,116 862 5 3 6 2 18 10 20 13 0 0 0 0 8 6 5 4 185 131 2,614 2,021 021
59 % 57 % 80 % 77 % 60 % 33 % 56 % 65 % 0 % 0 % 75 % 80 % 71 % 77 %
WHELCHEL 24 19 23 13 1,616 1,254 1,450 1,121 8 5 2 0 39 14 27 9 0 0 0 0 11 6 6 4 208 126 3,414 2,571 022
79 % 57 % 78 % 77 % 63 % 0 % 36 % 33 % 0 % 0 % 55 % 67 % 61 % 75 %
WEST_WHELC 16 8 17 13 1,645 1,381 1,422 1,175 7 3 6 4 12 7 17 14 0 0 0 0 2 2 10 7 165 126 3,319 2,740 023
50 % 76 % 84 % 83 % 43 % 67 % 58 % 82 % 0 % 0 % 100 % 70 % 76 % 83 %
GAINESVILL 71 54 50 28 734 587 590 452 3 0 2 0 23 15 22 9 0 0 0 0 3 2 5 3 107 65 1,610 1,215 024
76 % 56 % 80 % 77 % 0 % 0 % 65 % 41 % 0 % 0 % 67 % 60 % 61 % 75 %
0248 0 0 0 0 0 1 0 0 0 0 0 0 0 0 0 0 0 0 0 0 0 0 0 0 0 0 0 1 0248
0 % 0 % 0 % 0 % 0 % 0 % 0 % 0 % 0 % 0 % 0 % 0 % 0 % 0 %
GAINESVILL 934 734 604 403 79 39 45 21 5 4 5 1 87 31 67 24 0 0 0 0 6 1 4 0 163 88 1,999 1,346 025
79 % 67 % 49 % 47 % 80 % 20 % 36 % 36 % 0 % 0 % 17 % 0 % 54 % 67 %
GAINESVILL 309 191 172 81 990 536 791 432 43 15 47 19 248 91 258 80 0 0 0 0 35 19 32 16 451 185 3,376 1,665 026
62 % 47 % 54 % 55 % 35 % 40 % 37 % 31 % 0 % 0 % 54 % 50 % 41 % 49 %
GAINESVILL 152 77 104 35 823 611 657 486 11 3 7 7 77 25 98 27 0 0 0 0 9 8 4 3 176 90 2,118 1,372 027
51 % 34 % 74 % 74 % 27 % 100 % 32 % 28 % 0 % 0 % 89 % 75 % 51 % 65 %
GAINESVILL 113 73 63 32 477 337 381 258 5 2 7 4 26 16 14 4 0 0 0 0 6 2 4 2 112 60 1,208 790 028
65 % 51 % 71 % 68 % 40 % 57 % 62 % 29 % 0 % 0 % 33 % 50 % 54 % 65 %
RIVERBEND 96 63 34 18 490 354 304 220 2 1 4 1 27 15 27 11 0 0 0 0 5 0 3 0 74 39 1,066 722 029
66 % 53 % 72 % 72 % 50 % 25 % 56 % 41 % 0 % 0 % 0 % 0 % 53 % 68 %
NEW_HOLLAN 66 45 41 20 667 458 504 337 2 0 4 4 38 20 28 10 0 0 0 0 8 7 7 3 137 73 1,502 977 030
68 % 49 % 69 % 67 % 0 % 100 % 53 % 36 % 0 % 0 % 88 % 43 % 53 % 65 %
GILLSVILLE 18 17 14 9 364 288 340 272 2 1 2 0 11 4 9 4 0 0 0 0 1 1 2 1 52 37 815 634 031
94 % 64 % 79 % 80 % 50 % 0 % 36 % 44 % 0 % 0 % 100 % 50 % 71 % 78 %
BIG_HICKOR 5 2 9 6 1,403 1,150 1,281 1,026 3 2 0 0 11 6 10 5 1 1 0 0 4 0 8 4 154 100 2,889 2,302 032
40 % 67 % 82 % 80 % 67 % 0 % 55 % 50 % 100 % 0 % 0 % 50 % 65 % 80 %
FRIENDSHIP 93 84 78 58 2,276 1,814 2,042 1,598 33 19 18 8 77 45 55 36 0 0 0 0 20 12 25 18 509 362 5,226 4,054 033
90 % 74 % 80 % 78 % 58 % 44 % 58 % 65 % 0 % 0 % 60 % 72 % 71 % 78 %
FRIENDSHIP 53 44 55 40 1,119 915 1,058 838 15 9 21 5 43 26 38 28 0 0 0 0 15 9 8 4 246 175 2,671 2,093 034
83 % 73 % 82 % 79 % 60 % 24 % 60 % 74 % 0 % 0 % 60 % 50 % 71 % 78 %
FRIENDSHIP 92 69 80 48 1,187 912 1,125 852 8 3 12 8 78 55 67 34 0 0 0 0 21 7 11 7 285 176 2,966 2,171 035
75 % 60 % 77 % 76 % 38 % 67 % 71 % 51 % 0 % 0 % 33 % 64 % 62 % 73 %
FRIENDSHIP 0 0 0 0 0 0 0 1 0 0 0 0 0 0 0 0 0 0 0 0 0 0 0 0 0 0 0 1 036
0 % 0 % 0 % 0 % 0 % 0 % 0 % 0 % 0 % 0 % 0 % 0 % 0 % 0 %
WHELCHEL_I 0 0 0 0 0 2 0 0 0 0 0 0 0 0 0 0 0 0 0 0 0 0 0 0 0 0 0 2 039
0 % 0 % 0 % 0 % 0 % 0 % 0 % 0 % 0 % 0 % 0 % 0 % 0 % 0 %
041 0 0 0 0 0 1 0 1 0 0 0 0 0 0 0 0 0 0 0 0 0 0 0 0 0 0 0 2 041
0 % 0 % 0 % 0 % 0 % 0 % 0 % 0 % 0 % 0 % 0 % 0 % 0 % 0 %
0455 0 0 0 0 0 0 0 1 0 0 0 0 0 0 0 0 0 0 0 0 0 0 0 0 0 0 0 1 0455
0 % 0 % 0 % 0 % 0 % 0 % 0 % 0 % 0 % 0 % 0 % 0 % 0 % 0 %
05 0 0 0 0 0 1 0 0 0 0 0 0 0 0 0 0 0 0 0 0 0 0 0 0 0 0 0 1 05
0 % 0 % 0 % 0 % 0 % 0 % 0 % 0 % 0 % 0 % 0 % 0 % 0 % 0 %
051 0 0 0 0 0 1 0 0 0 0 0 0 0 0 0 0 0 0 0 0 0 0 0 0 0 0 0 1 051
0 % 0 % 0 % 0 % 0 % 0 % 0 % 0 % 0 % 0 % 0 % 0 % 0 % 0 %
055 0 0 0 1 0 0 0 0 0 0 0 0 0 0 0 0 0 0 0 0 0 0 0 0 0 0 0 1 055
0 % 0 % 0 % 0 % 0 % 0 % 0 % 0 % 0 % 0 % 0 % 0 % 0 % 0 %
056 0 1 0 0 0 0 0 0 0 0 0 0 0 0 0 0 0 0 0 0 0 0 0 0 0 0 0 1 056
0 % 0 % 0 % 0 % 0 % 0 % 0 % 0 % 0 % 0 % 0 % 0 % 0 % 0 %
057 0 0 0 0 0 1 0 0 0 0 0 0 0 0 0 0 0 0 0 0 0 0 0 0 0 0 0 1 057
0 % 0 % 0 % 0 % 0 % 0 % 0 % 0 % 0 % 0 % 0 % 0 % 0 % 0 %
07 0 0 0 0 0 1 0 0 0 0 0 0 0 0 0 0 0 0 0 0 0 0 0 0 0 0 0 1 07
0 % 0 % 0 % 0 % 0 % 0 % 0 % 0 % 0 % 0 % 0 % 0 % 0 % 0 %
072 0 0 0 0 0 0 0 0 0 0 0 0 0 0 0 0 0 0 0 0 0 0 0 0 0 1 0 1 072
0 % 0 % 0 % 0 % 0 % 0 % 0 % 0 % 0 % 0 % 0 % 0 % 0 % 0 %
077 0 0 0 0 0 1 0 0 0 0 0 0 0 0 0 0 0 0 0 0 0 0 0 0 0 0 0 1 077
0 % 0 % 0 % 0 % 0 % 0 % 0 % 0 % 0 % 0 % 0 % 0 % 0 % 0 %
085 0 0 0 0 0 1 0 0 0 0 0 0 0 0 0 0 0 0 0 0 0 0 0 0 0 0 0 1 085
0 % 0 % 0 % 0 % 0 % 0 % 0 % 0 % 0 % 0 % 0 % 0 % 0 % 0 %
091 0 0 0 0 0 0 0 2 0 0 0 0 0 0 0 0 0 0 0 0 0 0 0 0 0 0 0 2 091
0 % 0 % 0 % 0 % 0 % 0 % 0 % 0 % 0 % 0 % 0 % 0 % 0 % 0 %
092 0 0 0 0 0 0 0 0 0 0 0 0 0 0 0 0 0 0 0 0 0 0 0 0 0 1 0 1 092
0 % 0 % 0 % 0 % 0 % 0 % 0 % 0 % 0 % 0 % 0 % 0 % 0 % 0 %
098 0 0 0 0 0 1 0 0 0 0 0 0 0 0 0 0 0 0 0 0 0 0 0 0 0 0 0 1 098
0 % 0 % 0 % 0 % 0 % 0 % 0 % 0 % 0 % 0 % 0 % 0 % 0 % 0 %
106 0 0 0 0 0 0 0 1 0 0 0 0 0 0 0 0 0 0 0 0 0 0 0 0 0 0 0 1 106
0 % 0 % 0 % 0 % 0 % 0 % 0 % 0 % 0 % 0 % 0 % 0 % 0 % 0 %
108 0 0 0 0 0 1 0 0 0 0 0 0 0 0 0 0 0 0 0 0 0 0 0 0 0 0 0 1 108
0 % 0 % 0 % 0 % 0 % 0 % 0 % 0 % 0 % 0 % 0 % 0 % 0 % 0 %
11 0 0 0 0 0 1 0 0 0 0 0 0 0 0 0 0 0 0 0 0 0 0 0 0 0 0 0 1 11
0 % 0 % 0 % 0 % 0 % 0 % 0 % 0 % 0 % 0 % 0 % 0 % 0 % 0 %
1275 0 0 0 0 0 0 0 1 0 0 0 0 0 0 0 0 0 0 0 0 0 0 0 0 0 0 0 1 1275
0 % 0 % 0 % 0 % 0 % 0 % 0 % 0 % 0 % 0 % 0 % 0 % 0 % 0 %
133 0 0 0 0 0 1 0 0 0 0 0 0 0 0 0 0 0 0 0 0 0 0 0 0 0 0 0 1 133
0 % 0 % 0 % 0 % 0 % 0 % 0 % 0 % 0 % 0 % 0 % 0 % 0 % 0 %
136 0 0 0 0 0 2 0 1 0 0 0 0 0 0 0 0 0 0 0 0 0 0 0 0 0 0 0 3 136
0 % 0 % 0 % 0 % 0 % 0 % 0 % 0 % 0 % 0 % 0 % 0 % 0 % 0 %
137 0 0 0 0 0 1 0 0 0 0 0 0 0 0 0 0 0 0 0 0 0 0 0 0 0 0 0 1 137
0 % 0 % 0 % 0 % 0 % 0 % 0 % 0 % 0 % 0 % 0 % 0 % 0 % 0 %
1407 0 0 0 0 0 1 0 0 0 0 0 0 0 0 0 0 0 0 0 0 0 0 0 0 0 0 0 1 1407
0 % 0 % 0 % 0 % 0 % 0 % 0 % 0 % 0 % 0 % 0 % 0 % 0 % 0 %
155 0 0 0 0 0 1 0 0 0 0 0 0 0 0 0 0 0 0 0 0 0 0 0 0 0 0 0 1 155
0 % 0 % 0 % 0 % 0 % 0 % 0 % 0 % 0 % 0 % 0 % 0 % 0 % 0 %
16 0 0 0 0 0 0 0 1 0 0 0 0 0 0 0 0 0 0 0 0 0 0 0 0 0 0 0 1 16
0 % 0 % 0 % 0 % 0 % 0 % 0 % 0 % 0 % 0 % 0 % 0 % 0 % 0 %
1765 0 0 0 0 0 1 0 0 0 0 0 0 0 0 0 0 0 0 0 0 0 0 0 0 0 0 0 1 1765
0 % 0 % 0 % 0 % 0 % 0 % 0 % 0 % 0 % 0 % 0 % 0 % 0 % 0 %
25 0 0 0 0 0 0 0 1 0 0 0 0 0 0 0 0 0 0 0 0 0 0 0 0 0 0 0 1 25
0 % 0 % 0 % 0 % 0 % 0 % 0 % 0 % 0 % 0 % 0 % 0 % 0 % 0 %
27 0 0 0 0 0 1 0 0 0 0 0 0 0 0 0 0 0 0 0 0 0 0 0 0 0 0 0 1 27
0 % 0 % 0 % 0 % 0 % 0 % 0 % 0 % 0 % 0 % 0 % 0 % 0 % 0 %
8C 0 0 0 0 0 1 0 0 0 0 0 0 0 0 0 0 0 0 0 0 0 0 0 0 0 0 0 1 8C
0 % 0 % 0 % 0 % 0 % 0 % 0 % 0 % 0 % 0 % 0 % 0 % 0 % 0 %
TOTALS 3,496 2,573 2,468 1,504 35,539 27,312 31,136 23,553 400 190 341 155 2,059 1,009 2,019 815 3 2 0 0 349 200 290 162 6,949 4,145 85,049 61,620 8C
74 % 61 % 77 % 76 % 48 % 45 % 49 % 40 % 67 % 0 % 57 % 56 % 60 % 72 %
