UNKNOWN 0 0 0 0 1 0 0 0 0 0 0 0 0 0 0 0 0 0 0 0 0 0 0 0 0 0 1 0 UNKNOWN
0 % 0 % 0 % 0 % 0 % 0 % 0 % 0 % 0 % 0 % 0 % 0 % 0 % 0 %
SPARTA 611 475 503 336 41 30 45 38 0 0 0 0 0 0 0 0 0 0 0 0 3 0 0 0 11 10 1,214 889 004
78 % 67 % 73 % 84 % 0 % 0 % 0 % 0 % 0 % 0 % 0 % 0 % 91 % 73 %
01 0 0 0 1 0 0 0 0 0 0 0 0 0 0 0 0 0 0 0 0 0 0 0 0 0 0 0 1 01
0 % 0 % 0 % 0 % 0 % 0 % 0 % 0 % 0 % 0 % 0 % 0 % 0 % 0 %
DEVEREUX_1 380 284 285 175 13 10 16 13 0 0 0 0 0 0 1 0 0 0 0 0 2 1 0 0 8 5 705 488 1A
75 % 61 % 77 % 81 % 0 % 0 % 0 % 0 % 0 % 0 % 50 % 0 % 63 % 69 %
DEVEREUX_1 348 296 311 227 248 182 276 203 0 0 0 0 1 0 2 2 0 0 0 0 1 1 0 0 20 11 1,207 922 1B
85 % 73 % 73 % 74 % 0 % 0 % 0 % 100 % 0 % 0 % 100 % 0 % 55 % 76 %
LINTON_A 373 286 267 173 153 116 133 101 2 2 2 1 0 0 0 0 0 0 0 0 4 3 3 2 16 10 953 694 2A
77 % 65 % 76 % 76 % 100 % 50 % 0 % 0 % 0 % 0 % 75 % 67 % 63 % 73 %
LINTON_B 190 164 139 93 72 48 73 49 0 0 0 0 0 0 0 0 0 0 0 0 1 0 0 0 4 2 479 356 2B
86 % 67 % 67 % 67 % 0 % 0 % 0 % 0 % 0 % 0 % 0 % 0 % 50 % 74 %
MAYFIELD_3 256 195 182 105 25 16 28 20 0 0 0 0 0 0 0 0 0 0 0 0 0 0 1 1 7 4 499 341 3A
76 % 58 % 64 % 71 % 0 % 0 % 0 % 0 % 0 % 0 % 0 % 100 % 57 % 68 %
MAYFIELD_3 260 212 204 132 25 16 28 23 0 0 0 0 0 0 1 0 0 0 0 0 0 0 2 1 9 3 529 387 3B
82 % 65 % 64 % 82 % 0 % 0 % 0 % 0 % 0 % 0 % 0 % 50 % 33 % 73 %
TOTALS 2,418 1,912 1,891 1,242 578 418 599 447 2 2 2 1 1 0 4 2 0 0 0 0 11 5 6 4 75 45 5,587 4,078 3B
79 % 66 % 72 % 75 % 100 % 50 % 0 % 50 % 0 % 0 % 45 % 67 % 60 % 73 %