BK01 0 0 0 0 0 0 0 1 0 0 0 0 0 0 0 0 0 0 0 0 0 0 0 0 0 0 0 1 BK01
0 % 0 % 0 % 0 % 0 % 0 % 0 % 0 % 0 % 0 % 0 % 0 % 0 % 0 %
FO05 0 0 0 0 0 0 0 0 0 0 0 0 0 0 0 0 0 0 0 0 0 1 0 0 0 0 0 1 FO05
0 % 0 % 0 % 0 % 0 % 0 % 0 % 0 % 0 % 0 % 0 % 0 % 0 % 0 %
MR6A 0 0 0 1 0 0 0 0 0 0 0 0 0 0 0 0 0 0 0 0 0 0 0 0 0 0 0 1 MR6A
0 % 0 % 0 % 0 % 0 % 0 % 0 % 0 % 0 % 0 % 0 % 0 % 0 % 0 %
BREMEN 192 138 126 78 2,113 1,571 1,797 1,358 10 2 10 5 10 6 6 5 2 2 0 0 9 3 5 3 181 106 4,461 3,277 02
72 % 62 % 74 % 76 % 20 % 50 % 60 % 83 % 100 % 0 % 33 % 60 % 59 % 73 %
BUCHANAN 54 43 37 22 866 622 764 563 2 1 4 3 1 0 1 0 0 0 0 0 1 1 2 0 41 21 1,773 1,276 03
80 % 59 % 72 % 74 % 50 % 75 % 0 % 0 % 0 % 0 % 100 % 0 % 51 % 72 %
BUNCOMBE 3 3 4 3 351 260 344 241 3 0 2 0 1 1 0 0 0 0 0 0 0 0 2 0 24 12 734 520 04
100 % 75 % 74 % 70 % 0 % 0 % 100 % 0 % 0 % 0 % 0 % 0 % 50 % 71 %
CORINTH 9 7 13 10 575 410 502 375 1 1 0 0 2 0 1 0 1 1 1 0 1 0 3 2 51 23 1,160 829 05
78 % 77 % 71 % 75 % 100 % 0 % 0 % 0 % 100 % 0 % 0 % 67 % 45 % 71 %
TWENTIETH 0 0 2 1 271 207 268 194 0 0 0 0 0 0 0 0 0 0 0 0 0 0 0 0 9 5 550 407 06
0 % 50 % 76 % 72 % 0 % 0 % 0 % 0 % 0 % 0 % 0 % 0 % 56 % 74 %
FELTON 0 0 0 0 119 85 112 80 0 0 0 0 0 0 0 0 0 0 0 0 0 0 0 0 2 2 233 167 07
0 % 0 % 71 % 71 % 0 % 0 % 0 % 0 % 0 % 0 % 0 % 0 % 100 % 72 %
LITTLE_CRE 0 0 0 0 250 191 238 181 0 0 0 0 0 0 0 0 0 0 0 0 0 0 0 0 7 4 495 376 08
0 % 0 % 76 % 76 % 0 % 0 % 0 % 0 % 0 % 0 % 0 % 0 % 57 % 76 %
MT_VIEW 0 0 0 0 123 97 104 77 0 0 0 0 0 0 0 0 0 0 0 0 0 0 1 1 5 4 233 179 09
0 % 0 % 79 % 74 % 0 % 0 % 0 % 0 % 0 % 0 % 0 % 100 % 80 % 77 %
SEVENTH 54 42 34 22 602 433 547 381 0 0 1 0 2 0 1 0 0 0 0 0 0 0 2 1 47 16 1,290 895 10
78 % 65 % 72 % 70 % 0 % 0 % 0 % 0 % 0 % 0 % 0 % 50 % 34 % 69 %
BEREA-STEA 1 1 3 1 235 169 196 142 0 0 0 0 0 0 1 1 0 0 0 0 0 0 0 0 12 6 448 320 11
100 % 33 % 72 % 72 % 0 % 0 % 0 % 100 % 0 % 0 % 0 % 0 % 50 % 71 %
TALLAPOOSA 50 43 38 25 1,209 835 972 675 3 2 3 2 4 2 4 2 0 0 0 0 2 0 6 3 57 28 2,348 1,617 12
86 % 66 % 69 % 69 % 67 % 67 % 50 % 50 % 0 % 0 % 0 % 50 % 49 % 69 %
WACO 5 4 6 6 416 284 364 250 0 0 1 1 1 0 0 0 1 0 0 0 1 1 1 0 20 10 816 556 13
80 % 100 % 68 % 69 % 0 % 100 % 0 % 0 % 0 % 0 % 100 % 0 % 50 % 68 %
735 0 0 0 0 0 1 0 0 0 0 0 0 0 0 0 0 0 0 0 0 0 0 0 0 0 0 0 1 735
0 % 0 % 0 % 0 % 0 % 0 % 0 % 0 % 0 % 0 % 0 % 0 % 0 % 0 %
91 0 0 0 0 0 0 0 0 0 0 0 0 0 0 0 0 0 0 0 0 0 0 0 0 0 1 0 1 91
0 % 0 % 0 % 0 % 0 % 0 % 0 % 0 % 0 % 0 % 0 % 0 % 0 % 0 %
TOTALS 368 281 263 169 7,130 5,165 6,208 4,518 19 6 21 11 21 9 14 8 4 3 1 0 14 6 22 10 456 238 14,541 10,424 91
76 % 64 % 72 % 73 % 32 % 52 % 43 % 57 % 75 % 0 % 43 % 45 % 52 % 72 %