CATAULA 126 109 139 115 998 775 916 701 5 2 1 0 15 11 15 9 0 0 0 0 11 10 7 6 108 71 2,341 1,809 CA
87 % 83 % 78 % 77 % 40 % 0 % 73 % 60 % 0 % 0 % 91 % 86 % 66 % 77 %
ELLERSLIE 233 199 220 181 1,309 1,048 1,246 965 20 11 7 3 34 24 25 16 0 0 0 0 12 6 15 8 123 76 3,244 2,537 EL
85 % 82 % 80 % 77 % 55 % 43 % 71 % 64 % 0 % 0 % 50 % 53 % 62 % 78 %
GOODMAN 215 167 149 84 483 370 409 306 3 2 1 1 5 2 2 1 0 0 0 0 2 1 2 0 56 33 1,327 967 GM
78 % 56 % 77 % 75 % 67 % 100 % 40 % 50 % 0 % 0 % 50 % 0 % 59 % 73 %
HAMILTON 299 249 204 151 697 539 632 487 2 2 1 1 16 9 8 3 0 0 0 0 5 2 7 3 70 44 1,941 1,490 HA
83 % 74 % 77 % 77 % 100 % 100 % 56 % 38 % 0 % 0 % 40 % 43 % 63 % 77 %
LOWER_19TH 86 75 93 66 939 722 890 668 10 6 3 2 11 12 7 3 0 0 0 0 3 2 4 2 73 53 2,119 1,611 L9
87 % 71 % 77 % 75 % 60 % 67 % 109 % 43 % 0 % 0 % 67 % 50 % 73 % 76 %
MULBERRY_G 80 69 84 60 1,085 847 1,014 803 13 8 8 2 15 9 5 5 0 0 0 0 12 7 8 3 94 61 2,418 1,874 MG
86 % 71 % 78 % 79 % 62 % 25 % 60 % 100 % 0 % 0 % 58 % 38 % 65 % 78 %
PINE_MOUNT 26 21 17 15 459 337 406 309 0 0 0 0 0 0 1 1 0 0 0 0 2 1 1 0 37 26 949 710 PV
81 % 88 % 73 % 76 % 0 % 0 % 0 % 100 % 0 % 0 % 50 % 0 % 70 % 75 %
SKINNER 102 74 68 41 286 235 248 198 2 2 2 1 2 1 1 1 0 0 0 0 2 0 4 3 14 8 731 564 SK
73 % 60 % 82 % 80 % 100 % 50 % 50 % 100 % 0 % 0 % 0 % 75 % 57 % 77 %
UPPER_19TH 49 37 46 24 554 446 513 400 4 4 3 1 5 3 2 1 0 0 0 0 3 1 3 3 50 38 1,232 958 U9
76 % 52 % 81 % 78 % 100 % 33 % 60 % 50 % 0 % 0 % 33 % 100 % 76 % 78 %
VALLEY_PLA 94 82 82 58 229 181 208 158 1 1 1 0 1 0 2 1 0 0 0 0 3 2 0 0 25 14 646 497 VP
87 % 71 % 79 % 76 % 100 % 0 % 0 % 50 % 0 % 0 % 67 % 0 % 56 % 77 %
WAVERLY_HA 299 238 266 198 765 565 686 502 8 4 3 2 11 6 11 6 0 0 0 0 6 5 2 2 96 58 2,153 1,586 WA
80 % 74 % 74 % 73 % 50 % 67 % 55 % 55 % 0 % 0 % 83 % 100 % 60 % 74 %
WHITESVILL 110 85 78 51 469 400 458 368 4 4 0 0 4 2 3 0 0 0 0 0 7 5 1 1 44 30 1,178 946 WH
77 % 65 % 85 % 80 % 100 % 0 % 50 % 0 % 0 % 0 % 71 % 100 % 68 % 80 %
104 0 0 0 0 0 1 0 0 0 0 0 0 0 0 0 0 0 0 0 0 0 0 0 0 0 0 0 1 104
0 % 0 % 0 % 0 % 0 % 0 % 0 % 0 % 0 % 0 % 0 % 0 % 0 % 0 %
TOTALS 1,719 1,405 1,446 1,044 8,273 6,466 7,626 5,865 72 46 30 13 119 79 82 47 0 0 0 0 68 42 54 31 790 512 20,279 15,550 104
82 % 72 % 78 % 77 % 64 % 43 % 66 % 57 % 0 % 0 % 62 % 57 % 65 % 77 %