POC 0 0 0 0 0 1 0 0 0 0 0 0 0 0 0 0 0 0 0 0 0 0 0 0 0 0 0 1 POC
0 % 0 % 0 % 0 % 0 % 0 % 0 % 0 % 0 % 0 % 0 % 0 % 0 % 0 %
1 0 0 0 0 0 1 0 0 0 0 0 0 0 0 0 0 0 0 0 0 0 0 0 0 0 0 0 1 1
0 % 0 % 0 % 0 % 0 % 0 % 0 % 0 % 0 % 0 % 0 % 0 % 0 % 0 %
HARTWELL 645 477 447 275 2,007 1,493 1,737 1,333 11 6 6 5 11 7 12 7 0 0 0 0 2 1 3 2 104 69 4,985 3,675 2
74 % 62 % 74 % 77 % 55 % 83 % 64 % 58 % 0 % 0 % 50 % 67 % 66 % 74 %
GOLDMINE 124 85 66 41 606 453 529 421 3 1 3 1 3 2 0 0 0 0 0 0 3 2 1 1 28 17 1,366 1,024 3
69 % 62 % 75 % 80 % 33 % 33 % 67 % 0 % 0 % 0 % 67 % 100 % 61 % 75 %
COKESBURY 205 179 157 117 314 226 263 209 3 3 0 0 2 0 2 1 0 0 0 0 1 1 0 0 17 14 964 750 4
87 % 75 % 72 % 79 % 100 % 0 % 0 % 50 % 0 % 0 % 100 % 0 % 82 % 78 %
REED_CREEK 57 42 33 14 1,018 798 972 768 11 3 7 2 3 2 4 1 0 0 0 0 2 1 0 0 60 45 2,167 1,676 5
74 % 42 % 78 % 79 % 27 % 29 % 67 % 25 % 0 % 0 % 50 % 0 % 75 % 77 %
BOWERSVILL 47 36 30 19 476 358 422 333 2 2 0 0 2 2 2 2 0 0 0 0 1 1 2 2 14 9 998 764 6
77 % 63 % 75 % 79 % 100 % 0 % 100 % 100 % 0 % 0 % 100 % 100 % 64 % 77 %
SHOAL_CREE 18 10 27 12 558 423 496 369 5 1 7 2 5 3 4 4 0 0 0 0 1 1 1 0 34 21 1,156 846 7
56 % 44 % 76 % 74 % 20 % 29 % 60 % 100 % 0 % 0 % 100 % 0 % 62 % 73 %
BIO 135 112 112 78 419 330 360 293 6 2 11 6 4 1 2 1 0 0 0 0 0 0 1 1 13 7 1,063 831 8
83 % 70 % 79 % 81 % 33 % 55 % 25 % 50 % 0 % 0 % 0 % 100 % 54 % 78 %
TOTALS 1,231 941 872 556 5,398 4,083 4,779 3,726 41 18 34 16 30 17 26 16 0 0 0 0 10 7 8 6 270 182 12,699 9,568 8
76 % 64 % 76 % 78 % 44 % 47 % 57 % 62 % 0 % 0 % 70 % 75 % 67 % 75 %