CENTRALHAT 40 34 25 19 261 217 247 202 0 0 0 0 0 0 1 1 0 0 0 0 0 0 0 0 13 5 587 478 CEN
85 % 76 % 83 % 82 % 0 % 0 % 0 % 100 % 0 % 0 % 0 % 0 % 38 % 81 %
COOKSVILLE 8 6 4 2 218 135 198 134 1 1 1 0 0 0 1 1 1 1 0 0 0 0 1 1 11 7 444 288 COO
75 % 50 % 62 % 68 % 100 % 0 % 0 % 100 % 100 % 0 % 0 % 100 % 64 % 65 %
ENON_GROVE 18 15 20 15 357 268 313 232 1 0 3 0 3 2 3 1 0 0 0 0 3 2 0 0 32 19 753 554 ENO
83 % 75 % 75 % 74 % 0 % 0 % 67 % 33 % 0 % 0 % 67 % 0 % 59 % 74 %
EPHESUS 0 0 0 0 228 174 223 174 0 0 2 2 1 1 0 0 0 0 0 0 1 1 0 0 16 9 471 361 EPH
0 % 0 % 76 % 78 % 0 % 100 % 100 % 0 % 0 % 0 % 100 % 0 % 56 % 77 %
FRANKLIN 191 159 132 93 566 430 446 342 1 1 3 0 4 2 5 2 2 1 0 0 2 2 5 2 38 20 1,395 1,054 FRA
83 % 70 % 76 % 77 % 100 % 0 % 50 % 40 % 50 % 0 % 100 % 40 % 53 % 76 %
GLENLOCH 5 3 10 3 126 109 133 110 0 0 0 0 0 0 0 0 0 0 0 0 0 0 0 0 12 8 286 233 GLE
60 % 30 % 87 % 83 % 0 % 0 % 0 % 0 % 0 % 0 % 0 % 0 % 67 % 81 %
ROOSTERVIL 2 1 2 1 276 230 262 214 0 0 0 0 0 0 1 0 0 0 0 0 2 1 0 0 25 18 570 465 ROO
50 % 50 % 83 % 82 % 0 % 0 % 0 % 0 % 0 % 0 % 50 % 0 % 72 % 82 %
SOUTHWEST 63 42 50 32 272 223 224 178 1 1 0 0 3 3 2 0 1 0 0 0 0 0 1 0 20 12 637 491 SOU
67 % 64 % 82 % 79 % 100 % 0 % 100 % 0 % 0 % 0 % 0 % 0 % 60 % 77 %
UC01A 0 0 0 0 0 0 0 1 0 0 0 0 0 0 0 0 0 0 0 0 0 0 0 0 0 0 0 1 UC01A
0 % 0 % 0 % 0 % 0 % 0 % 0 % 0 % 0 % 0 % 0 % 0 % 0 % 0 %
WALNUT_HIL 17 14 16 13 153 114 139 115 2 2 0 0 0 0 0 0 0 0 0 0 0 0 2 2 5 4 334 264 WAL
82 % 81 % 75 % 83 % 100 % 0 % 0 % 0 % 0 % 0 % 0 % 100 % 80 % 79 %
01 0 0 0 0 0 1 0 0 0 0 0 0 0 0 0 0 0 0 0 0 0 0 0 0 0 0 0 1 01
0 % 0 % 0 % 0 % 0 % 0 % 0 % 0 % 0 % 0 % 0 % 0 % 0 % 0 %
05 0 1 0 0 0 0 0 0 0 0 0 0 0 0 0 0 0 0 0 0 0 0 0 0 0 0 0 1 05
0 % 0 % 0 % 0 % 0 % 0 % 0 % 0 % 0 % 0 % 0 % 0 % 0 % 0 %
09 0 0 0 0 0 1 0 0 0 0 0 0 0 0 0 0 0 0 0 0 0 0 0 0 0 0 0 1 09
0 % 0 % 0 % 0 % 0 % 0 % 0 % 0 % 0 % 0 % 0 % 0 % 0 % 0 %
11 0 0 0 0 0 0 0 1 0 0 0 0 0 0 0 0 0 0 0 0 0 0 0 0 0 0 0 1 11
0 % 0 % 0 % 0 % 0 % 0 % 0 % 0 % 0 % 0 % 0 % 0 % 0 % 0 %
12 0 0 0 0 0 0 0 1 0 0 0 0 0 0 0 0 0 0 0 0 0 0 0 0 0 0 0 1 12
0 % 0 % 0 % 0 % 0 % 0 % 0 % 0 % 0 % 0 % 0 % 0 % 0 % 0 %
28 0 0 0 1 0 0 0 0 0 0 0 0 0 0 0 0 0 0 0 0 0 0 0 0 0 0 0 1 28
0 % 0 % 0 % 0 % 0 % 0 % 0 % 0 % 0 % 0 % 0 % 0 % 0 % 0 %
TOTALS 344 275 259 179 2,457 1,902 2,185 1,704 6 5 9 2 11 8 13 5 4 2 0 0 8 6 9 5 172 102 5,477 4,195 28
80 % 69 % 77 % 78 % 83 % 22 % 73 % 38 % 50 % 0 % 75 % 56 % 59 % 77 %