ANNX 223 181 158 107 643 476 561 409 20 11 11 7 26 16 18 9 3 1 0 0 5 3 8 4 99 48 1,775 1,272 ANNX
81 % 68 % 74 % 73 % 55 % 64 % 62 % 50 % 33 % 0 % 60 % 50 % 48 % 72 %
BMS 363 296 313 249 1,777 1,394 1,697 1,352 67 46 31 23 33 22 20 15 0 0 0 0 18 11 13 8 264 179 4,596 3,595 BMS
82 % 80 % 78 % 80 % 69 % 74 % 67 % 75 % 0 % 0 % 61 % 62 % 68 % 78 %
BON 239 192 194 145 1,333 1,009 1,246 963 18 13 16 9 26 21 23 14 0 0 0 0 15 11 9 6 138 79 3,257 2,462 BON
80 % 75 % 76 % 77 % 72 % 56 % 81 % 61 % 0 % 0 % 73 % 67 % 57 % 76 %
B1 0 0 0 0 0 0 0 1 0 0 0 0 0 0 0 0 0 0 0 0 0 0 0 0 0 0 0 1 B1
0 % 0 % 0 % 0 % 0 % 0 % 0 % 0 % 0 % 0 % 0 % 0 % 0 % 0 %
B2 0 0 0 0 0 1 0 0 0 0 0 0 0 0 0 0 0 0 0 0 0 0 0 0 0 0 0 1 B2
0 % 0 % 0 % 0 % 0 % 0 % 0 % 0 % 0 % 0 % 0 % 0 % 0 % 0 %
CENT 447 347 282 203 1,556 1,109 1,320 940 48 30 30 14 35 18 26 11 2 2 2 2 20 8 10 6 205 106 3,983 2,796 CENT
78 % 72 % 71 % 71 % 63 % 47 % 51 % 42 % 100 % 100 % 40 % 60 % 52 % 70 %
CORDE 0 1 0 0 0 0 0 0 0 0 0 0 0 0 0 0 0 0 0 0 0 0 0 0 0 0 0 1 CORDE
0 % 0 % 0 % 0 % 0 % 0 % 0 % 0 % 0 % 0 % 0 % 0 % 0 % 0 %
C1-27 0 0 0 0 0 0 0 0 0 0 0 0 0 0 0 0 0 0 0 0 0 0 0 0 0 1 0 1 C1-27
0 % 0 % 0 % 0 % 0 % 0 % 0 % 0 % 0 % 0 % 0 % 0 % 0 % 0 %
C2-27 0 0 0 0 0 0 0 0 0 0 0 0 0 0 0 0 0 0 0 0 0 0 0 0 0 1 0 1 C2-27
0 % 0 % 0 % 0 % 0 % 0 % 0 % 0 % 0 % 0 % 0 % 0 % 0 % 0 %
DH 0 0 0 0 0 0 0 1 0 0 0 0 0 0 0 0 0 0 0 0 0 0 0 0 0 0 0 1 DH
0 % 0 % 0 % 0 % 0 % 0 % 0 % 0 % 0 % 0 % 0 % 0 % 0 % 0 %
ELBC 1,448 1,028 901 514 466 283 352 211 8 6 5 2 21 12 20 10 2 0 1 1 12 3 7 3 184 62 3,427 2,135 ELBC
71 % 57 % 61 % 60 % 75 % 40 % 57 % 50 % 0 % 100 % 25 % 43 % 34 % 62 %
FMMS 990 830 772 591 2,214 1,667 1,984 1,499 91 59 58 32 83 55 66 41 2 1 2 1 39 26 41 26 321 172 6,663 5,000 FMMS
84 % 77 % 75 % 76 % 65 % 55 % 66 % 62 % 50 % 50 % 67 % 63 % 54 % 75 %
F3 0 2 0 1 0 0 0 0 0 0 0 0 0 0 0 0 0 0 0 0 0 0 0 0 0 0 0 3 F3
0 % 0 % 0 % 0 % 0 % 0 % 0 % 0 % 0 % 0 % 0 % 0 % 0 % 0 %
GF5 0 1 0 0 0 0 0 0 0 0 0 0 0 0 0 0 0 0 0 0 0 0 0 0 0 0 0 1 GF5
0 % 0 % 0 % 0 % 0 % 0 % 0 % 0 % 0 % 0 % 0 % 0 % 0 % 0 %
HAFS 171 139 120 83 541 413 526 405 1 0 1 1 12 9 7 5 1 0 1 0 5 4 3 3 23 15 1,412 1,077 HAFS
81 % 69 % 76 % 77 % 0 % 100 % 75 % 71 % 0 % 0 % 80 % 100 % 65 % 76 %
HA4 0 0 0 0 0 1 0 0 0 0 0 0 0 0 0 0 0 0 0 0 0 0 0 0 0 0 0 1 HA4
0 % 0 % 0 % 0 % 0 % 0 % 0 % 0 % 0 % 0 % 0 % 0 % 0 % 0 %
HCHS 210 175 197 146 825 632 760 566 30 18 15 9 14 11 15 8 0 0 0 0 13 6 11 9 150 79 2,240 1,659 HCHS
83 % 74 % 77 % 74 % 60 % 60 % 79 % 53 % 0 % 0 % 46 % 82 % 53 % 74 %
HCTC 839 640 533 350 1,882 1,269 1,601 1,127 45 28 34 18 42 17 44 28 1 0 2 1 31 18 23 11 249 115 5,326 3,622 HCTC
76 % 66 % 67 % 70 % 62 % 53 % 40 % 64 % 0 % 50 % 58 % 48 % 46 % 68 %
HEFS 217 184 176 118 281 230 260 206 1 0 1 0 0 0 1 1 2 2 0 0 1 1 3 2 19 12 962 756 HEFS
85 % 67 % 82 % 79 % 0 % 0 % 0 % 100 % 100 % 0 % 100 % 67 % 63 % 79 %
KATH 155 121 109 72 542 373 499 364 14 12 6 3 13 10 17 15 1 0 0 0 5 3 6 2 81 35 1,448 1,010 KATH
78 % 66 % 69 % 73 % 86 % 50 % 77 % 88 % 0 % 0 % 60 % 33 % 43 % 70 %
MALL 411 330 272 197 925 697 749 533 13 9 9 3 19 10 13 9 2 1 0 0 14 8 8 3 108 56 2,543 1,856 MALL
80 % 72 % 75 % 71 % 69 % 33 % 53 % 69 % 50 % 0 % 57 % 38 % 52 % 73 %
MCMS 712 599 549 430 2,060 1,569 1,863 1,430 79 44 87 51 60 43 44 29 3 2 2 1 40 21 25 15 322 198 5,846 4,432 MCMS
84 % 78 % 76 % 77 % 56 % 59 % 72 % 66 % 67 % 50 % 53 % 60 % 61 % 76 %
MILL 241 188 177 102 773 578 650 495 10 10 7 3 14 11 15 9 1 0 0 0 16 10 6 3 78 29 1,988 1,438 MILL
78 % 58 % 75 % 76 % 100 % 43 % 79 % 60 % 0 % 0 % 63 % 50 % 37 % 72 %
NSES 352 300 296 218 889 650 804 600 12 8 7 3 22 14 16 12 0 0 2 0 18 12 10 6 115 54 2,543 1,877 NSES
85 % 74 % 73 % 75 % 67 % 43 % 64 % 75 % 0 % 0 % 67 % 60 % 47 % 74 %
NSMS 848 724 552 403 739 547 669 510 19 11 10 5 33 20 20 8 1 1 0 0 22 16 9 4 126 63 3,048 2,312 NSMS
85 % 73 % 74 % 76 % 58 % 50 % 61 % 40 % 100 % 0 % 73 % 44 % 50 % 76 %
NSSH 458 361 260 165 518 349 433 301 5 2 2 1 14 6 14 7 0 0 0 0 10 6 6 2 80 36 1,800 1,236 NSSH
79 % 63 % 67 % 70 % 40 % 50 % 43 % 50 % 0 % 0 % 60 % 33 % 45 % 69 %
OAK3 0 0 0 1 0 0 0 0 0 0 0 0 0 0 0 0 0 0 0 0 0 0 0 0 0 0 0 1 OAK3
0 % 0 % 0 % 0 % 0 % 0 % 0 % 0 % 0 % 0 % 0 % 0 % 0 % 0 %
OR02 0 1 0 0 0 0 0 0 0 0 0 0 0 0 0 0 0 0 0 0 0 0 0 0 0 0 0 1 OR02
0 % 0 % 0 % 0 % 0 % 0 % 0 % 0 % 0 % 0 % 0 % 0 % 0 % 0 %
QRUN 126 109 122 103 933 762 831 707 19 12 7 0 20 14 15 11 1 0 0 0 9 6 4 0 71 39 2,158 1,763 QRUN
87 % 84 % 82 % 85 % 63 % 0 % 70 % 73 % 0 % 0 % 67 % 0 % 55 % 82 %
RECR 1,199 856 835 504 757 415 602 363 25 13 21 8 57 26 44 17 2 0 1 0 24 12 9 5 255 110 3,831 2,329 RECR
71 % 60 % 55 % 60 % 52 % 38 % 46 % 39 % 0 % 0 % 50 % 56 % 43 % 61 %
ROZR 1,651 1,284 1,063 675 3,644 2,738 3,118 2,369 54 30 40 20 45 30 46 24 2 0 3 1 22 13 27 13 183 99 9,898 7,296 ROZR
78 % 63 % 75 % 76 % 56 % 50 % 67 % 52 % 0 % 33 % 59 % 48 % 54 % 74 %
RU2 0 0 0 0 0 2 0 0 0 0 0 0 0 0 0 0 0 0 0 0 0 0 0 0 0 0 0 2 RU2
0 % 0 % 0 % 0 % 0 % 0 % 0 % 0 % 0 % 0 % 0 % 0 % 0 % 0 %
SG/T 0 0 0 1 0 0 0 0 0 0 0 0 0 0 0 0 0 0 0 0 0 0 0 0 0 0 0 1 SG/T
0 % 0 % 0 % 0 % 0 % 0 % 0 % 0 % 0 % 0 % 0 % 0 % 0 % 0 %
TMS 1,093 899 621 447 1,443 1,012 1,163 837 43 21 41 24 74 45 47 23 0 0 1 1 31 15 19 13 291 170 4,867 3,507 TMS
82 % 72 % 70 % 72 % 49 % 59 % 61 % 49 % 0 % 100 % 48 % 68 % 58 % 72 %
TWPK 430 361 282 221 863 642 800 598 29 18 19 11 39 24 21 12 0 0 0 0 19 11 19 8 111 57 2,632 1,963 TWPK
84 % 78 % 74 % 75 % 62 % 58 % 62 % 57 % 0 % 0 % 58 % 42 % 51 % 75 %
VHS 327 275 256 201 1,419 1,111 1,372 1,086 41 36 20 13 25 15 17 11 2 2 0 0 15 9 12 10 149 94 3,655 2,863 VHS
84 % 79 % 78 % 79 % 88 % 65 % 60 % 65 % 100 % 0 % 60 % 83 % 63 % 78 %
VV1 0 0 0 0 0 1 0 0 0 0 0 0 0 0 0 0 0 0 0 0 0 0 0 0 0 0 0 1 VV1
0 % 0 % 0 % 0 % 0 % 0 % 0 % 0 % 0 % 0 % 0 % 0 % 0 % 0 %
VV2 0 1 0 0 0 0 0 0 0 0 0 0 0 0 0 0 0 0 0 0 0 0 0 0 0 0 0 1 VV2
0 % 0 % 0 % 0 % 0 % 0 % 0 % 0 % 0 % 0 % 0 % 0 % 0 % 0 %
VV6 0 0 0 1 0 0 0 0 0 0 0 0 0 0 0 0 0 0 0 0 0 0 0 0 0 0 0 1 VV6
0 % 0 % 0 % 0 % 0 % 0 % 0 % 0 % 0 % 0 % 0 % 0 % 0 % 0 %
VV7 0 1 0 0 0 0 0 0 0 0 0 0 0 0 0 0 0 0 0 0 0 0 0 0 0 0 0 1 VV7
0 % 0 % 0 % 0 % 0 % 0 % 0 % 0 % 0 % 0 % 0 % 0 % 0 % 0 %
020 0 0 0 1 0 0 0 0 0 0 0 0 0 0 0 0 0 0 0 0 0 0 0 0 0 0 0 1 020
0 % 0 % 0 % 0 % 0 % 0 % 0 % 0 % 0 % 0 % 0 % 0 % 0 % 0 %
05B 0 0 0 1 0 0 0 0 0 0 0 0 0 0 0 0 0 0 0 0 0 0 0 0 0 0 0 1 05B
0 % 0 % 0 % 0 % 0 % 0 % 0 % 0 % 0 % 0 % 0 % 0 % 0 % 0 %
1 0 0 0 1 0 0 0 0 0 0 0 0 0 0 0 0 0 0 0 0 0 0 0 0 0 0 0 1 1
0 % 0 % 0 % 0 % 0 % 0 % 0 % 0 % 0 % 0 % 0 % 0 % 0 % 0 %
107 0 1 0 0 0 0 0 0 0 0 0 0 0 0 0 0 0 0 0 0 0 0 0 0 0 0 0 1 107
0 % 0 % 0 % 0 % 0 % 0 % 0 % 0 % 0 % 0 % 0 % 0 % 0 % 0 %
15 0 0 0 0 0 1 0 0 0 0 0 0 0 0 0 0 0 0 0 0 0 0 0 0 0 0 0 1 15
0 % 0 % 0 % 0 % 0 % 0 % 0 % 0 % 0 % 0 % 0 % 0 % 0 % 0 %
16 0 0 0 0 0 1 0 0 0 0 0 0 0 0 0 0 0 0 0 0 0 0 0 0 0 0 0 1 16
0 % 0 % 0 % 0 % 0 % 0 % 0 % 0 % 0 % 0 % 0 % 0 % 0 % 0 %
1711 0 0 0 1 0 0 0 0 0 0 0 0 0 0 0 0 0 0 0 0 0 0 0 0 0 0 0 1 1711
0 % 0 % 0 % 0 % 0 % 0 % 0 % 0 % 0 % 0 % 0 % 0 % 0 % 0 %
3C 0 0 0 0 0 1 0 0 0 0 0 0 0 0 0 0 0 0 0 0 0 0 0 0 0 0 0 1 3C
0 % 0 % 0 % 0 % 0 % 0 % 0 % 0 % 0 % 0 % 0 % 0 % 0 % 0 %
5 0 0 0 0 0 1 0 0 0 0 0 0 0 0 0 0 0 0 0 0 0 0 0 0 0 0 0 1 5
0 % 0 % 0 % 0 % 0 % 0 % 0 % 0 % 0 % 0 % 0 % 0 % 0 % 0 %
7 0 0 0 1 0 0 0 0 0 0 0 0 0 0 0 0 0 0 0 0 0 0 0 0 0 0 0 1 7
0 % 0 % 0 % 0 % 0 % 0 % 0 % 0 % 0 % 0 % 0 % 0 % 0 % 0 %
TOTALS 13,150 10,427 9,040 6,253 27,023 19,934 23,860 17,873 692 437 478 260 727 449 569 329 28 12 17 8 404 233 288 162 3,622 1,909 79,898 58,286 7
79 % 69 % 74 % 75 % 63 % 54 % 62 % 58 % 43 % 47 % 58 % 56 % 53 % 73 %