02 0 1 0 0 0 0 0 0 0 0 0 0 0 0 0 0 0 0 0 0 0 0 0 0 0 0 0 1 02
0 % 0 % 0 % 0 % 0 % 0 % 0 % 0 % 0 % 0 % 0 % 0 % 0 % 0 %
IRWINVILLE 3 3 7 2 317 256 301 240 0 0 0 0 1 1 2 0 0 0 0 0 0 0 0 0 8 5 639 507 0901
100 % 29 % 81 % 80 % 0 % 0 % 100 % 0 % 0 % 0 % 0 % 0 % 63 % 79 %
11 0 1 0 0 0 0 0 0 0 0 0 0 0 0 0 0 0 0 0 0 0 0 0 0 0 0 0 1 11
0 % 0 % 0 % 0 % 0 % 0 % 0 % 0 % 0 % 0 % 0 % 0 % 0 % 0 %
MINNIE 3 3 3 2 121 101 113 100 1 0 1 0 0 0 0 0 0 0 0 0 0 0 0 0 3 3 245 209 1388
100 % 67 % 83 % 88 % 0 % 0 % 0 % 0 % 0 % 0 % 0 % 0 % 100 % 85 %
ROBERTS 11 6 10 6 212 131 168 105 0 0 0 0 1 1 2 0 0 0 0 0 0 0 1 0 9 1 414 250 1421
55 % 60 % 62 % 63 % 0 % 0 % 100 % 0 % 0 % 0 % 0 % 0 % 11 % 60 %
OCILLA 666 509 383 246 689 533 598 466 1 1 3 1 2 2 4 1 0 0 0 0 2 2 2 1 25 16 2,375 1,778 1529
76 % 64 % 77 % 78 % 100 % 33 % 100 % 25 % 0 % 0 % 100 % 50 % 64 % 75 %
OSIERFIELD 23 18 18 15 80 62 75 63 0 0 0 0 1 1 0 0 0 0 0 0 0 0 0 0 3 2 200 161 1643
78 % 83 % 78 % 84 % 0 % 0 % 100 % 0 % 0 % 0 % 0 % 0 % 67 % 81 %
MYSTIC 33 26 30 18 225 164 208 158 0 0 0 0 0 0 1 1 0 0 0 0 0 0 0 0 6 3 503 370 1661
79 % 60 % 73 % 76 % 0 % 0 % 0 % 100 % 0 % 0 % 0 % 0 % 50 % 74 %
FLETCHER 0 0 0 0 160 127 140 120 0 0 0 0 1 0 0 0 0 0 0 0 0 0 0 0 6 4 307 251 1670
0 % 0 % 79 % 86 % 0 % 0 % 0 % 0 % 0 % 0 % 0 % 0 % 67 % 82 %
HOLT 25 24 15 13 87 65 83 65 0 0 0 0 0 0 0 0 0 0 0 0 1 1 0 0 1 1 212 169 1753
96 % 87 % 75 % 78 % 0 % 0 % 0 % 0 % 0 % 0 % 100 % 0 % 100 % 80 %
2 0 0 0 0 0 0 0 1 0 0 0 0 0 0 0 0 0 0 0 0 0 0 0 0 0 0 0 1 2
0 % 0 % 0 % 0 % 0 % 0 % 0 % 0 % 0 % 0 % 0 % 0 % 0 % 0 %
4 0 0 0 0 0 0 0 1 0 0 0 0 0 0 0 0 0 0 0 0 0 0 0 0 0 0 0 1 4
0 % 0 % 0 % 0 % 0 % 0 % 0 % 0 % 0 % 0 % 0 % 0 % 0 % 0 %
5 0 0 0 0 0 1 0 1 0 0 0 0 0 0 0 0 0 0 0 0 0 0 0 0 0 0 0 2 5
0 % 0 % 0 % 0 % 0 % 0 % 0 % 0 % 0 % 0 % 0 % 0 % 0 % 0 %
TOTALS 764 591 466 302 1,891 1,440 1,686 1,320 2 1 4 1 6 5 9 2 0 0 0 0 3 3 3 1 61 35 4,895 3,701 5
77 % 65 % 76 % 78 % 50 % 25 % 83 % 22 % 0 % 0 % 100 % 33 % 57 % 76 %