DI01 0 0 0 0 0 0 0 1 0 0 0 0 0 0 0 0 0 0 0 0 0 0 0 0 0 0 0 1 DI01
0 % 0 % 0 % 0 % 0 % 0 % 0 % 0 % 0 % 0 % 0 % 0 % 0 % 0 %
HUL 0 0 0 0 0 0 0 1 0 0 0 0 0 0 0 0 0 0 0 0 0 0 0 0 0 0 0 1 HUL
0 % 0 % 0 % 0 % 0 % 0 % 0 % 0 % 0 % 0 % 0 % 0 % 0 % 0 %
ILA 0 0 0 0 0 1 0 0 0 0 0 0 0 0 0 0 0 0 0 0 0 0 0 0 0 0 0 1 ILA
0 % 0 % 0 % 0 % 0 % 0 % 0 % 0 % 0 % 0 % 0 % 0 % 0 % 0 %
N_JEFFERSO 117 98 94 61 2,265 1,779 1,969 1,564 31 19 17 5 55 41 58 32 0 0 0 0 4 2 1 0 185 101 4,796 3,702 N0245
84 % 65 % 79 % 79 % 61 % 29 % 75 % 55 % 0 % 0 % 50 % 0 % 55 % 77 %
N_MINISH 158 123 96 57 826 599 664 473 10 5 7 4 16 9 16 9 3 0 0 0 7 6 6 4 78 35 1,887 1,324 N0255
78 % 59 % 73 % 71 % 50 % 57 % 56 % 56 % 0 % 0 % 86 % 67 % 45 % 70 %
POC 0 0 0 0 0 0 0 2 0 0 0 0 0 0 0 0 0 0 0 0 0 0 0 0 0 0 0 2 POC
0 % 0 % 0 % 0 % 0 % 0 % 0 % 0 % 0 % 0 % 0 % 0 % 0 % 0 %
S_JEFFERSO 265 206 200 131 1,309 966 1,168 866 8 4 10 3 17 9 12 4 0 0 0 0 7 6 8 5 122 66 3,126 2,266 S0245
78 % 66 % 74 % 74 % 50 % 30 % 53 % 33 % 0 % 0 % 86 % 63 % 54 % 72 %
S_MINISH 150 114 97 64 1,293 931 1,089 784 5 4 5 4 14 5 13 9 0 0 0 0 2 3 5 2 116 57 2,789 1,977 S0255
76 % 66 % 72 % 72 % 80 % 80 % 36 % 69 % 0 % 0 % 150 % 40 % 49 % 71 %
009 0 0 0 0 0 1 0 0 0 0 0 0 0 0 0 0 0 0 0 0 0 0 0 0 0 0 0 1 009
0 % 0 % 0 % 0 % 0 % 0 % 0 % 0 % 0 % 0 % 0 % 0 % 0 % 0 %
REDSTONE 105 87 92 53 617 462 591 404 5 1 3 2 10 5 8 2 0 0 0 0 3 3 4 2 70 26 1,508 1,047 0242
83 % 58 % 75 % 68 % 20 % 67 % 50 % 25 % 0 % 0 % 100 % 50 % 37 % 69 %
RANDOLPH 51 39 60 39 2,089 1,695 1,977 1,576 33 14 16 6 34 21 28 15 0 0 1 1 16 7 8 6 210 127 4,523 3,546 0248
76 % 65 % 81 % 80 % 42 % 38 % 62 % 54 % 0 % 100 % 44 % 75 % 60 % 78 %
NEWTOWN 32 22 26 11 909 670 863 613 1 0 3 1 5 2 10 4 0 0 0 0 5 4 3 3 59 37 1,916 1,367 0253
69 % 42 % 74 % 71 % 0 % 33 % 40 % 40 % 0 % 0 % 80 % 100 % 63 % 71 %
HARRISBURG 49 37 37 23 741 586 640 501 2 2 7 2 5 2 9 2 0 0 0 0 1 1 2 2 47 22 1,540 1,180 0257
76 % 62 % 79 % 78 % 100 % 29 % 40 % 22 % 0 % 0 % 100 % 100 % 47 % 77 %
03 0 0 0 0 0 1 0 0 0 0 0 0 0 0 0 0 0 0 0 0 0 0 0 0 0 0 0 1 03
0 % 0 % 0 % 0 % 0 % 0 % 0 % 0 % 0 % 0 % 0 % 0 % 0 % 0 %
033 0 0 0 0 0 0 0 3 0 0 0 0 0 0 0 0 0 0 0 0 0 0 0 0 0 1 0 4 033
0 % 0 % 0 % 0 % 0 % 0 % 0 % 0 % 0 % 0 % 0 % 0 % 0 % 0 %
039 0 0 0 0 0 1 0 0 0 0 0 0 0 0 0 0 0 0 0 0 0 0 0 0 0 0 0 1 039
0 % 0 % 0 % 0 % 0 % 0 % 0 % 0 % 0 % 0 % 0 % 0 % 0 % 0 %
04 0 0 0 0 0 1 0 0 0 0 0 0 0 0 0 0 0 0 0 0 0 0 0 0 0 0 0 1 04
0 % 0 % 0 % 0 % 0 % 0 % 0 % 0 % 0 % 0 % 0 % 0 % 0 % 0 %
CUNNINGHAM 12 10 7 4 312 230 297 211 1 1 2 0 7 4 9 4 0 0 0 0 2 2 1 0 28 17 678 483 0428
83 % 57 % 74 % 71 % 100 % 0 % 57 % 44 % 0 % 0 % 100 % 0 % 61 % 71 %
MILLER 8 5 11 9 759 574 668 503 2 1 9 0 16 12 8 3 1 0 0 0 5 2 3 2 46 20 1,536 1,131 0455
63 % 82 % 76 % 75 % 50 % 0 % 75 % 38 % 0 % 0 % 40 % 67 % 43 % 74 %
WILSON 21 15 8 5 373 266 310 214 2 1 3 1 2 2 4 2 0 0 0 0 0 0 1 1 20 9 744 516 0465
71 % 63 % 71 % 69 % 50 % 33 % 100 % 50 % 0 % 0 % 0 % 100 % 45 % 69 %
054 0 0 0 0 0 1 0 1 0 0 0 0 0 0 0 0 0 0 0 0 0 0 0 0 0 0 0 2 054
0 % 0 % 0 % 0 % 0 % 0 % 0 % 0 % 0 % 0 % 0 % 0 % 0 % 0 %
078 0 0 0 0 0 1 0 1 0 0 0 0 0 0 0 0 0 0 0 0 0 0 0 0 0 0 0 2 078
0 % 0 % 0 % 0 % 0 % 0 % 0 % 0 % 0 % 0 % 0 % 0 % 0 % 0 %
08 0 0 0 0 0 1 0 1 0 0 0 0 0 0 0 0 0 0 0 0 0 0 0 0 0 0 0 2 08
0 % 0 % 0 % 0 % 0 % 0 % 0 % 0 % 0 % 0 % 0 % 0 % 0 % 0 %
1 0 0 0 0 0 1 0 0 0 0 0 0 0 0 0 0 0 0 0 0 0 0 0 0 0 0 0 1 1
0 % 0 % 0 % 0 % 0 % 0 % 0 % 0 % 0 % 0 % 0 % 0 % 0 % 0 %
1A 0 0 0 1 0 0 0 0 0 0 0 0 0 0 0 0 0 0 0 0 0 0 0 0 0 0 0 1 1A
0 % 0 % 0 % 0 % 0 % 0 % 0 % 0 % 0 % 0 % 0 % 0 % 0 % 0 %
12 0 0 0 0 0 1 0 0 0 0 0 0 0 0 0 0 0 0 0 0 0 0 0 0 0 0 0 1 12
0 % 0 % 0 % 0 % 0 % 0 % 0 % 0 % 0 % 0 % 0 % 0 % 0 % 0 %
13 0 0 0 1 0 1 0 0 0 0 0 0 0 0 0 0 0 0 0 0 0 0 0 0 0 0 0 2 13
0 % 0 % 0 % 0 % 0 % 0 % 0 % 0 % 0 % 0 % 0 % 0 % 0 % 0 %
HOSCHTON 11 6 9 7 509 421 442 368 1 1 3 1 7 5 9 8 0 0 0 0 4 3 2 1 51 35 1,048 856 1407
55 % 78 % 83 % 83 % 100 % 33 % 71 % 89 % 0 % 0 % 75 % 50 % 69 % 82 %
TALMO 10 6 16 7 406 316 416 316 3 2 1 1 11 6 11 6 0 0 1 0 1 1 2 1 23 11 901 673 1691
60 % 44 % 78 % 76 % 67 % 100 % 55 % 55 % 0 % 0 % 100 % 50 % 48 % 75 %
CENTER 28 17 21 14 373 269 337 229 1 1 3 3 4 3 5 1 0 0 0 0 1 1 2 0 22 11 797 549 1704
61 % 67 % 72 % 68 % 100 % 100 % 75 % 20 % 0 % 0 % 100 % 0 % 50 % 69 %
ATTICA 41 33 48 41 490 403 447 358 5 2 4 1 13 10 5 4 0 0 0 0 5 4 4 3 33 20 1,095 879 1747
80 % 85 % 82 % 80 % 40 % 25 % 77 % 80 % 0 % 0 % 80 % 75 % 61 % 80 %
PORTER 45 31 51 34 1,375 1,093 1,206 922 24 13 24 11 47 27 46 25 1 1 0 0 5 3 12 8 145 81 2,981 2,249 1765
69 % 67 % 79 % 76 % 54 % 46 % 57 % 54 % 100 % 0 % 60 % 67 % 56 % 75 %
6B 0 1 0 0 0 0 0 0 0 0 0 0 0 0 0 0 0 0 0 0 0 0 0 0 0 0 0 1 6B
0 % 0 % 0 % 0 % 0 % 0 % 0 % 0 % 0 % 0 % 0 % 0 % 0 % 0 %
6D 0 0 0 0 0 1 0 0 0 0 0 0 0 0 0 0 0 0 0 0 0 0 0 0 0 0 0 1 6D
0 % 0 % 0 % 0 % 0 % 0 % 0 % 0 % 0 % 0 % 0 % 0 % 0 % 0 %
8A 0 0 0 0 0 0 0 1 0 0 0 0 0 0 0 0 0 0 0 0 0 0 0 0 0 0 0 1 8A
0 % 0 % 0 % 0 % 0 % 0 % 0 % 0 % 0 % 0 % 0 % 0 % 0 % 0 %
TOTALS 1,103 850 873 562 14,646 11,272 13,084 9,913 134 71 117 45 263 163 251 130 5 1 2 1 68 48 64 40 1,255 676 31,865 23,772 8A
77 % 64 % 77 % 76 % 53 % 38 % 62 % 52 % 20 % 50 % 71 % 63 % 54 % 75 %