BCCC 0 0 0 0 0 0 0 1 0 0 0 0 0 0 0 0 0 0 0 0 0 0 0 0 0 0 0 1 BCCC
0 % 0 % 0 % 0 % 0 % 0 % 0 % 0 % 0 % 0 % 0 % 0 % 0 % 0 %
012 0 0 0 0 0 1 0 0 0 0 0 0 0 0 0 0 0 0 0 0 0 0 0 0 0 0 0 1 012
0 % 0 % 0 % 0 % 0 % 0 % 0 % 0 % 0 % 0 % 0 % 0 % 0 % 0 %
05 0 0 0 0 0 1 0 1 0 0 0 0 0 0 0 0 0 0 0 0 0 0 0 0 0 0 0 2 05
0 % 0 % 0 % 0 % 0 % 0 % 0 % 0 % 0 % 0 % 0 % 0 % 0 % 0 %
06 0 0 0 0 0 1 0 1 0 0 0 0 0 0 0 0 0 0 0 0 0 0 0 0 0 0 0 2 06
0 % 0 % 0 % 0 % 0 % 0 % 0 % 0 % 0 % 0 % 0 % 0 % 0 % 0 %
10 0 0 0 0 0 1 0 0 0 0 0 0 0 0 0 0 0 0 0 0 0 0 0 0 0 0 0 1 10
0 % 0 % 0 % 0 % 0 % 0 % 0 % 0 % 0 % 0 % 0 % 0 % 0 % 0 %
16 0 0 0 0 0 1 0 0 0 0 0 0 0 0 0 0 0 0 0 0 0 0 0 0 0 0 0 1 16
0 % 0 % 0 % 0 % 0 % 0 % 0 % 0 % 0 % 0 % 0 % 0 % 0 % 0 %
SMITH/JORD 14 10 14 10 153 123 147 126 0 0 0 0 1 0 0 0 0 0 0 0 1 0 1 1 5 1 336 271 289
71 % 71 % 80 % 86 % 0 % 0 % 0 % 0 % 0 % 0 % 0 % 100 % 20 % 81 %
WYATT 57 49 58 36 409 305 392 295 0 0 0 0 4 3 4 0 0 0 0 0 1 0 1 1 29 17 955 706 290
86 % 62 % 75 % 75 % 0 % 0 % 75 % 0 % 0 % 0 % 0 % 100 % 59 % 74 %
HILLSBORO 52 44 49 35 128 103 125 103 0 0 0 0 0 0 0 0 0 0 0 0 0 0 0 0 2 0 356 285 293
85 % 71 % 80 % 82 % 0 % 0 % 0 % 0 % 0 % 0 % 0 % 0 % 0 % 80 %
MONTICELLO 719 593 509 373 933 753 830 657 2 1 6 3 6 4 9 4 0 0 0 0 2 2 2 1 29 19 3,047 2,410 295
82 % 73 % 81 % 79 % 50 % 50 % 67 % 44 % 0 % 0 % 100 % 50 % 66 % 79 %
MARTIN_&_B 28 23 31 21 1,058 769 969 693 3 3 1 1 12 6 4 3 1 0 0 0 3 0 1 0 66 30 2,177 1,549 296
82 % 68 % 73 % 72 % 100 % 100 % 50 % 75 % 0 % 0 % 0 % 0 % 45 % 71 %
THOMPSON_& 17 16 6 5 325 249 292 216 1 1 1 1 0 0 1 1 0 0 0 0 0 0 0 0 20 9 663 498 297
94 % 83 % 77 % 74 % 100 % 100 % 0 % 100 % 0 % 0 % 0 % 0 % 45 % 75 %
SHADY_DALE 79 69 44 29 148 113 149 106 0 0 0 0 3 2 2 0 1 0 0 0 0 0 0 0 9 5 435 324 363
87 % 66 % 76 % 71 % 0 % 0 % 67 % 0 % 0 % 0 % 0 % 0 % 56 % 74 %
TOTALS 966 804 711 509 3,154 2,420 2,904 2,199 6 5 8 5 26 15 20 8 2 0 0 0 7 2 5 3 160 81 7,969 6,051 363
83 % 72 % 77 % 76 % 83 % 63 % 58 % 40 % 0 % 0 % 29 % 60 % 51 % 76 %