0015 0 0 0 0 0 0 0 0 0 0 0 0 0 0 0 0 0 0 0 0 0 0 0 0 0 1 0 1 0015
0 % 0 % 0 % 0 % 0 % 0 % 0 % 0 % 0 % 0 % 0 % 0 % 0 % 0 %
0052 0 0 0 0 0 0 0 1 0 0 0 0 0 0 0 0 0 0 0 0 0 0 0 0 0 0 0 1 0052
0 % 0 % 0 % 0 % 0 % 0 % 0 % 0 % 0 % 0 % 0 % 0 % 0 % 0 %
STAPLETON 86 71 69 50 103 83 93 69 1 0 1 1 0 0 0 0 0 0 0 0 0 0 1 1 10 4 364 279 0076
83 % 72 % 81 % 74 % 0 % 100 % 0 % 0 % 0 % 0 % 0 % 100 % 40 % 77 %
MATTHEWS 86 73 77 43 174 137 164 134 0 0 0 0 0 0 1 1 0 0 0 0 0 1 0 0 25 16 527 405 0077
85 % 56 % 79 % 82 % 0 % 0 % 0 % 100 % 0 % 0 % 0 % 0 % 64 % 77 %
WRENS 754 574 497 336 554 411 491 372 0 0 2 0 1 0 2 2 0 0 0 0 1 1 3 1 76 46 2,381 1,743 0081
76 % 68 % 74 % 76 % 0 % 0 % 0 % 100 % 0 % 0 % 100 % 33 % 61 % 73 %
LOUISVILLE 1,176 943 807 527 711 555 606 490 0 0 0 0 7 3 2 2 0 0 0 0 3 2 2 2 90 54 3,404 2,578 0082
80 % 65 % 78 % 81 % 0 % 0 % 43 % 100 % 0 % 0 % 67 % 100 % 60 % 76 %
WADLEY 761 612 495 317 249 190 210 168 1 1 0 0 3 3 2 2 0 0 0 0 0 0 0 0 41 23 1,762 1,316 0083
80 % 64 % 76 % 80 % 100 % 0 % 100 % 100 % 0 % 0 % 0 % 0 % 56 % 75 %
BARTOW 168 135 103 73 110 93 86 71 1 1 0 0 0 0 0 0 0 0 0 0 0 0 0 0 12 5 480 378 0085
80 % 71 % 85 % 83 % 100 % 0 % 0 % 0 % 0 % 0 % 0 % 0 % 42 % 79 %
020 0 0 0 0 0 1 0 0 0 0 0 0 0 0 0 0 0 0 0 0 0 0 0 0 0 0 0 1 020
0 % 0 % 0 % 0 % 0 % 0 % 0 % 0 % 0 % 0 % 0 % 0 % 0 % 0 %
115 0 0 0 0 0 1 0 0 0 0 0 0 0 0 0 0 0 0 0 0 0 0 0 0 0 0 0 1 115
0 % 0 % 0 % 0 % 0 % 0 % 0 % 0 % 0 % 0 % 0 % 0 % 0 % 0 %
STAPLETON 114 84 64 32 177 137 164 120 0 0 0 0 2 2 0 0 0 0 0 0 0 0 0 0 22 13 543 388 1460
74 % 50 % 77 % 73 % 0 % 0 % 100 % 0 % 0 % 0 % 0 % 0 % 59 % 71 %
AVERA 20 14 17 8 150 117 139 102 0 0 1 0 0 0 0 0 0 0 1 1 0 0 2 1 6 4 336 247 1593
70 % 47 % 78 % 73 % 0 % 0 % 0 % 0 % 0 % 100 % 0 % 50 % 67 % 74 %
705 0 0 0 0 0 0 0 1 0 0 0 0 0 0 0 0 0 0 0 0 0 0 0 0 0 0 0 1 705
0 % 0 % 0 % 0 % 0 % 0 % 0 % 0 % 0 % 0 % 0 % 0 % 0 % 0 %
97 0 1 0 0 0 0 0 0 0 0 0 0 0 0 0 0 0 0 0 0 0 0 0 0 0 0 0 1 97
0 % 0 % 0 % 0 % 0 % 0 % 0 % 0 % 0 % 0 % 0 % 0 % 0 % 0 %
TOTALS 3,165 2,507 2,129 1,386 2,228 1,725 1,953 1,528 3 2 4 1 13 8 7 7 0 0 1 1 4 4 8 5 282 166 9,797 7,340 97
79 % 65 % 77 % 78 % 67 % 25 % 62 % 100 % 0 % 100 % 100 % 63 % 59 % 75 %