HAZLEHURST 383 283 272 174 340 204 281 178 0 0 0 0 9 4 10 4 1 0 0 0 2 1 1 0 22 5 1,321 853 100
74 % 64 % 60 % 63 % 0 % 0 % 44 % 40 % 0 % 0 % 50 % 0 % 23 % 65 %
ALTAMAHA_1 17 14 12 8 320 256 260 182 0 0 0 0 6 4 4 3 0 0 0 0 0 0 1 0 4 1 624 468 201
82 % 67 % 80 % 70 % 0 % 0 % 67 % 75 % 0 % 0 % 0 % 0 % 25 % 75 %
ALTAMAHA_2 5 3 4 2 566 455 526 421 3 0 2 0 2 1 1 0 0 0 0 0 0 1 0 0 10 7 1,119 890 202
60 % 50 % 80 % 80 % 0 % 0 % 50 % 0 % 0 % 0 % 0 % 0 % 70 % 80 %
BLACKBURN 59 41 56 36 308 206 239 169 2 1 0 0 12 4 7 6 0 0 0 0 1 1 1 0 12 3 697 467 301
69 % 64 % 67 % 71 % 50 % 0 % 33 % 86 % 0 % 0 % 100 % 0 % 25 % 67 %
BLACKBURN 5 3 1 0 311 229 289 212 0 0 0 0 1 0 1 1 0 0 0 0 0 0 0 0 10 6 618 451 302
60 % 0 % 74 % 73 % 0 % 0 % 0 % 100 % 0 % 0 % 0 % 0 % 60 % 73 %
WHITEHEAD 56 38 33 19 384 277 348 249 0 0 0 0 21 10 7 5 0 0 0 0 2 0 0 0 16 11 867 609 401
68 % 58 % 72 % 72 % 0 % 0 % 48 % 71 % 0 % 0 % 0 % 0 % 69 % 70 %
WHITEHEAD 16 12 17 10 305 219 267 200 0 0 0 0 4 2 4 3 0 0 0 0 1 0 1 0 7 4 622 450 402
75 % 59 % 72 % 75 % 0 % 0 % 50 % 75 % 0 % 0 % 0 % 0 % 57 % 72 %
OCMULGEE_1 88 53 43 18 560 435 448 344 1 1 2 0 11 6 4 2 0 0 0 0 2 1 2 0 13 9 1,174 869 501
60 % 42 % 78 % 77 % 100 % 0 % 55 % 50 % 0 % 0 % 50 % 0 % 69 % 74 %
OCMULGEE_2 45 36 37 22 168 129 168 127 0 0 0 0 0 0 0 0 0 0 0 0 1 0 0 0 7 4 426 318 502
80 % 59 % 77 % 76 % 0 % 0 % 0 % 0 % 0 % 0 % 0 % 0 % 57 % 75 %
TOTALS 674 483 475 289 3,262 2,410 2,826 2,082 6 2 4 0 66 31 38 24 1 0 0 0 9 4 6 0 101 50 7,468 5,375 502
72 % 61 % 74 % 74 % 33 % 0 % 47 % 63 % 0 % 0 % 44 % 0 % 50 % 72 %