0009 0 0 0 0 0 1 0 0 0 0 0 0 0 0 0 0 0 0 0 0 0 0 0 0 0 0 0 1 0009
0 % 0 % 0 % 0 % 0 % 0 % 0 % 0 % 0 % 0 % 0 % 0 % 0 % 0 %
JENKINS_CO 341 264 245 163 195 141 151 107 1 1 0 0 0 0 0 0 0 0 0 0 0 0 1 0 36 20 970 696 1
77 % 67 % 72 % 71 % 100 % 0 % 0 % 0 % 0 % 0 % 0 % 0 % 56 % 72 %
1736 0 0 0 0 0 0 0 0 0 0 0 0 0 0 0 1 0 0 0 0 0 0 0 0 0 0 0 1 1736
0 % 0 % 0 % 0 % 0 % 0 % 0 % 0 % 0 % 0 % 0 % 0 % 0 % 0 %
COURT_HOUS 352 252 208 117 247 167 218 154 2 1 5 4 0 0 0 0 1 1 2 2 1 0 1 1 47 28 1,084 727 2
72 % 56 % 68 % 71 % 50 % 80 % 0 % 0 % 100 % 100 % 0 % 100 % 60 % 67 %
PERKINS 134 97 105 63 351 256 302 215 2 0 0 0 1 0 1 0 0 0 0 0 0 0 0 0 32 22 928 653 3
72 % 60 % 73 % 71 % 0 % 0 % 0 % 0 % 0 % 0 % 0 % 0 % 69 % 70 %
SENIOR_CIT 72 52 39 28 399 305 379 294 1 0 0 0 1 0 0 0 0 0 0 0 1 1 0 0 26 15 918 695 4
72 % 72 % 76 % 78 % 0 % 0 % 0 % 0 % 0 % 0 % 100 % 0 % 58 % 76 %
FOUR_POINT 199 136 137 82 292 215 260 191 0 0 1 0 2 1 2 0 0 0 0 0 3 1 1 1 40 18 937 645 5
68 % 60 % 74 % 73 % 0 % 0 % 50 % 0 % 0 % 0 % 33 % 100 % 45 % 69 %
TOTALS 1,098 801 734 453 1,484 1,085 1,310 961 6 2 6 4 4 1 3 1 1 1 2 2 5 2 3 2 181 103 4,837 3,418 5
73 % 62 % 73 % 73 % 33 % 67 % 25 % 33 % 100 % 100 % 40 % 67 % 57 % 71 %