WRIGHTSVIL 748 576 510 317 822 659 708 559 2 1 5 5 1 1 2 1 0 0 0 0 1 0 2 2 28 14 2,829 2,135 1201
77 % 62 % 80 % 79 % 50 % 100 % 100 % 50 % 0 % 0 % 0 % 100 % 50 % 75 %
SMITH 46 36 27 18 296 220 285 213 0 0 0 0 0 0 0 0 0 0 0 0 0 0 0 0 5 4 659 491 1266
78 % 67 % 74 % 75 % 0 % 0 % 0 % 0 % 0 % 0 % 0 % 0 % 80 % 75 %
BRAY 117 99 84 61 259 203 222 188 0 0 0 0 0 0 0 0 0 0 0 0 0 0 1 1 7 4 690 556 1301
85 % 73 % 78 % 85 % 0 % 0 % 0 % 0 % 0 % 0 % 0 % 100 % 57 % 81 %
401 0 1 0 0 0 0 0 0 0 0 0 0 0 0 0 0 0 0 0 0 0 0 0 0 0 0 0 1 401
0 % 0 % 0 % 0 % 0 % 0 % 0 % 0 % 0 % 0 % 0 % 0 % 0 % 0 %
KITE 13 10 14 12 391 302 366 280 0 0 0 0 2 0 0 0 0 0 0 0 0 0 0 0 7 5 793 609 55
77 % 86 % 77 % 77 % 0 % 0 % 0 % 0 % 0 % 0 % 0 % 0 % 71 % 77 %
TOTALS 924 722 635 408 1,768 1,384 1,581 1,240 2 1 5 5 3 1 2 1 0 0 0 0 1 0 3 3 47 27 4,971 3,792 55
78 % 64 % 78 % 78 % 50 % 100 % 33 % 50 % 0 % 0 % 0 % 100 % 57 % 76 %