DB 0 0 0 0 0 0 0 1 0 0 0 0 0 0 0 0 0 0 0 0 0 0 0 0 0 1 0 2 DB
0 % 0 % 0 % 0 % 0 % 0 % 0 % 0 % 0 % 0 % 0 % 0 % 0 % 0 %
HA2 0 0 0 0 0 1 0 0 0 0 0 0 0 0 0 0 0 0 0 0 0 0 0 0 0 0 0 1 HA2
0 % 0 % 0 % 0 % 0 % 0 % 0 % 0 % 0 % 0 % 0 % 0 % 0 % 0 %
HA4 0 0 0 0 0 1 0 0 0 0 0 0 0 0 0 0 0 0 0 0 0 0 0 0 0 0 0 1 HA4
0 % 0 % 0 % 0 % 0 % 0 % 0 % 0 % 0 % 0 % 0 % 0 % 0 % 0 %
HO3 0 0 0 0 0 1 0 0 0 0 0 0 0 0 0 0 0 0 0 0 0 0 0 0 0 0 0 1 HO3
0 % 0 % 0 % 0 % 0 % 0 % 0 % 0 % 0 % 0 % 0 % 0 % 0 % 0 %
HO6 0 0 0 0 0 1 0 0 0 0 0 0 0 0 0 0 0 0 0 0 0 0 0 0 0 0 0 1 HO6
0 % 0 % 0 % 0 % 0 % 0 % 0 % 0 % 0 % 0 % 0 % 0 % 0 % 0 %
VV3 0 0 0 0 0 1 0 0 0 0 0 0 0 0 0 0 0 0 0 0 0 0 0 0 0 0 0 1 VV3
0 % 0 % 0 % 0 % 0 % 0 % 0 % 0 % 0 % 0 % 0 % 0 % 0 % 0 %
09 0 0 0 0 0 1 0 0 0 0 0 0 0 0 0 0 0 0 0 0 0 0 0 0 0 0 0 1 09
0 % 0 % 0 % 0 % 0 % 0 % 0 % 0 % 0 % 0 % 0 % 0 % 0 % 0 %
GRAY 189 151 145 109 879 707 808 649 9 7 2 2 6 4 6 4 1 1 0 0 2 1 0 0 9 6 2,056 1,641 1
80 % 75 % 80 % 80 % 78 % 100 % 67 % 67 % 100 % 0 % 50 % 0 % 67 % 80 %
HAWKINS 806 668 590 441 547 400 498 355 2 0 2 1 6 4 4 1 0 0 2 1 3 2 1 1 17 6 2,478 1,880 10
83 % 75 % 73 % 71 % 0 % 50 % 67 % 25 % 0 % 50 % 67 % 100 % 35 % 76 %
ETHRIDGE 273 221 182 125 564 441 422 332 5 2 4 2 0 1 0 0 0 0 3 2 3 2 0 0 5 2 1,461 1,130 11
81 % 69 % 78 % 79 % 40 % 50 % 0 % 0 % 0 % 67 % 67 % 0 % 40 % 77 %
13 0 0 0 0 0 1 0 0 0 0 0 0 0 0 0 0 0 0 0 0 0 0 0 0 0 0 0 1 13
0 % 0 % 0 % 0 % 0 % 0 % 0 % 0 % 0 % 0 % 0 % 0 % 0 % 0 %
CLINTON 182 150 124 95 784 627 703 561 3 2 0 0 3 1 3 1 0 0 1 0 0 0 1 1 12 5 1,816 1,443 2
82 % 77 % 80 % 80 % 67 % 0 % 33 % 33 % 0 % 0 % 0 % 100 % 42 % 79 %
295 0 0 0 0 0 1 0 0 0 0 0 0 0 0 0 0 0 0 0 0 0 0 0 0 0 0 0 1 295
0 % 0 % 0 % 0 % 0 % 0 % 0 % 0 % 0 % 0 % 0 % 0 % 0 % 0 %
ROBERTS 274 228 194 150 830 584 667 470 5 4 3 1 5 3 3 1 2 2 0 0 2 2 1 0 16 6 2,002 1,451 3
83 % 77 % 70 % 70 % 80 % 33 % 60 % 33 % 100 % 0 % 100 % 0 % 38 % 72 %
DAVIDSON 65 52 48 33 525 394 507 388 2 0 5 2 2 1 2 2 0 0 1 0 1 0 0 0 6 2 1,164 874 4
80 % 69 % 75 % 77 % 0 % 40 % 50 % 100 % 0 % 0 % 0 % 0 % 33 % 75 %
POPE 282 235 201 138 507 398 448 363 2 2 0 0 0 0 0 0 2 1 0 0 1 2 0 0 5 3 1,448 1,142 5
83 % 69 % 79 % 81 % 100 % 0 % 0 % 0 % 50 % 0 % 200 % 0 % 60 % 79 %
BARRON 131 110 95 74 289 225 246 190 0 0 0 0 2 2 1 1 0 0 0 0 0 0 0 0 0 0 764 602 6
84 % 78 % 78 % 77 % 0 % 0 % 100 % 100 % 0 % 0 % 0 % 0 % 0 % 79 %
WHITE 31 26 33 23 116 98 119 105 0 0 0 0 0 0 0 0 0 0 0 0 0 0 1 1 2 1 302 254 7
84 % 70 % 84 % 88 % 0 % 0 % 0 % 0 % 0 % 0 % 0 % 100 % 50 % 84 %
SANDERS 11 10 17 12 69 55 56 41 0 0 0 0 1 1 0 0 0 0 0 0 0 0 0 0 3 1 157 120 8
91 % 71 % 80 % 73 % 0 % 0 % 100 % 0 % 0 % 0 % 0 % 0 % 33 % 76 %
FINNEY 169 142 114 85 879 717 789 641 10 9 7 2 9 7 3 3 0 0 0 0 1 1 4 2 17 10 2,002 1,619 9
84 % 75 % 82 % 81 % 90 % 29 % 78 % 100 % 0 % 0 % 100 % 50 % 59 % 81 %
TOTALS 2,413 1,993 1,743 1,285 5,989 4,654 5,263 4,096 38 26 23 10 34 24 22 13 5 4 7 3 13 10 8 5 92 43 15,650 12,166 9
83 % 74 % 78 % 78 % 68 % 43 % 71 % 59 % 80 % 43 % 77 % 63 % 47 % 78 %