JENK 0 0 0 0 0 1 0 0 0 0 0 0 0 0 0 0 0 0 0 0 0 0 0 0 0 0 0 1 JENK
0 % 0 % 0 % 0 % 0 % 0 % 0 % 0 % 0 % 0 % 0 % 0 % 0 % 0 %
TOW 0 0 0 0 0 1 0 0 0 0 0 0 0 0 0 0 0 0 0 0 0 0 0 0 0 0 0 1 TOW
0 % 0 % 0 % 0 % 0 % 0 % 0 % 0 % 0 % 0 % 0 % 0 % 0 % 0 %
01 0 1 0 0 0 1 0 0 0 0 0 0 0 0 0 0 0 0 0 0 0 0 0 0 0 0 0 2 01
0 % 0 % 0 % 0 % 0 % 0 % 0 % 0 % 0 % 0 % 0 % 0 % 0 % 0 %
05 0 0 0 1 0 1 0 1 0 0 0 0 0 0 0 0 0 0 0 0 0 0 0 0 0 0 0 3 05
0 % 0 % 0 % 0 % 0 % 0 % 0 % 0 % 0 % 0 % 0 % 0 % 0 % 0 %
07 0 0 0 0 0 0 0 0 0 0 0 0 0 0 0 0 0 0 0 0 0 0 0 0 0 1 0 1 07
0 % 0 % 0 % 0 % 0 % 0 % 0 % 0 % 0 % 0 % 0 % 0 % 0 % 0 %
09 0 0 0 1 0 1 0 0 0 0 0 0 0 0 0 0 0 0 0 0 0 0 0 0 0 0 0 2 09
0 % 0 % 0 % 0 % 0 % 0 % 0 % 0 % 0 % 0 % 0 % 0 % 0 % 0 %
10 0 0 0 0 0 0 0 1 0 0 0 0 0 0 0 0 0 0 0 0 0 0 0 0 0 0 0 1 10
0 % 0 % 0 % 0 % 0 % 0 % 0 % 0 % 0 % 0 % 0 % 0 % 0 % 0 %
13 0 0 0 0 0 1 0 0 0 0 0 0 0 0 0 0 0 0 0 0 0 0 0 0 0 0 0 1 13
0 % 0 % 0 % 0 % 0 % 0 % 0 % 0 % 0 % 0 % 0 % 0 % 0 % 0 %
14 0 0 0 0 0 0 0 0 0 0 0 0 0 0 0 0 0 0 0 0 0 0 0 0 0 1 0 1 14
0 % 0 % 0 % 0 % 0 % 0 % 0 % 0 % 0 % 0 % 0 % 0 % 0 % 0 %
BARNESVILL 779 598 572 352 358 246 279 178 2 1 3 1 5 2 2 0 0 0 0 0 9 4 3 1 123 72 2,135 1,455 1711
77 % 62 % 69 % 64 % 50 % 33 % 40 % 0 % 0 % 0 % 44 % 33 % 59 % 68 %
CHAPPELL_M 72 55 70 51 507 365 442 333 1 1 1 1 3 2 0 0 0 0 0 0 6 4 3 1 81 47 1,186 860 1712A
76 % 73 % 72 % 75 % 100 % 100 % 67 % 0 % 0 % 0 % 67 % 33 % 58 % 73 %
SENIOR_CIT 234 199 135 94 387 307 361 266 1 0 2 1 1 0 0 0 0 0 0 0 0 0 1 0 72 39 1,194 906 1712B
85 % 70 % 79 % 74 % 0 % 50 % 0 % 0 % 0 % 0 % 0 % 0 % 54 % 76 %
REDBONE 33 29 27 17 229 176 216 178 0 0 0 0 1 0 2 2 0 0 0 0 0 0 2 2 19 9 529 413 1712C
88 % 63 % 77 % 82 % 0 % 0 % 0 % 100 % 0 % 0 % 0 % 100 % 47 % 78 %
L_C_S_C 212 161 163 96 987 769 843 678 3 1 3 1 5 4 6 3 0 0 0 0 3 2 10 3 111 61 2,346 1,779 1713
76 % 59 % 78 % 80 % 33 % 33 % 80 % 50 % 0 % 0 % 67 % 30 % 55 % 76 %
MILNER 191 160 171 117 1,244 957 1,154 872 5 2 3 2 8 6 3 2 0 0 0 0 6 3 1 1 173 108 2,959 2,230 1714
84 % 68 % 77 % 76 % 40 % 67 % 75 % 67 % 0 % 0 % 50 % 100 % 62 % 75 %
20 0 0 0 0 0 1 0 0 0 0 0 0 0 0 0 0 0 0 0 0 0 0 0 0 0 0 0 1 20
0 % 0 % 0 % 0 % 0 % 0 % 0 % 0 % 0 % 0 % 0 % 0 % 0 % 0 %
26 0 0 0 1 0 0 0 0 0 0 0 0 0 0 0 0 0 0 0 0 0 0 0 0 0 0 0 1 26
0 % 0 % 0 % 0 % 0 % 0 % 0 % 0 % 0 % 0 % 0 % 0 % 0 % 0 %
5 0 0 0 0 0 1 0 1 0 0 0 0 0 0 0 0 0 0 0 0 0 0 0 0 0 0 0 2 5
0 % 0 % 0 % 0 % 0 % 0 % 0 % 0 % 0 % 0 % 0 % 0 % 0 % 0 %
6 0 0 0 0 0 1 0 0 0 0 0 0 0 0 0 0 0 0 0 0 0 0 0 0 0 0 0 1 6
0 % 0 % 0 % 0 % 0 % 0 % 0 % 0 % 0 % 0 % 0 % 0 % 0 % 0 %
TOTALS 1,521 1,203 1,138 730 3,712 2,829 3,295 2,508 12 5 12 6 23 14 13 7 0 0 0 0 24 13 20 8 579 338 10,349 7,661 6
79 % 64 % 76 % 76 % 42 % 50 % 61 % 54 % 0 % 0 % 54 % 40 % 58 % 74 %