DB 0 0 0 0 0 0 0 0 0 0 0 0 0 0 0 0 0 0 0 0 0 0 0 0 0 1 0 1 DB
0 % 0 % 0 % 0 % 0 % 0 % 0 % 0 % 0 % 0 % 0 % 0 % 0 % 0 %
03 0 0 0 0 0 1 0 0 0 0 0 0 0 0 0 0 0 0 0 0 0 0 0 0 0 0 0 1 03
0 % 0 % 0 % 0 % 0 % 0 % 0 % 0 % 0 % 0 % 0 % 0 % 0 % 0 %
04 0 0 0 0 0 0 0 1 0 0 0 0 0 0 0 0 0 0 0 0 0 0 0 0 0 0 0 1 04
0 % 0 % 0 % 0 % 0 % 0 % 0 % 0 % 0 % 0 % 0 % 0 % 0 % 0 %
06 0 1 0 0 0 0 0 0 0 0 0 0 0 0 0 0 0 0 0 0 0 0 0 0 0 0 0 1 06
0 % 0 % 0 % 0 % 0 % 0 % 0 % 0 % 0 % 0 % 0 % 0 % 0 % 0 %
LAKELAND 457 362 323 232 938 661 769 561 4 4 5 4 8 5 3 2 2 1 0 0 11 7 10 5 178 119 2,708 1,963 1
79 % 72 % 70 % 73 % 100 % 80 % 63 % 67 % 50 % 0 % 64 % 50 % 67 % 72 %
SIRMANS 18 13 17 12 181 130 178 127 2 1 0 0 2 2 0 0 0 0 0 0 2 0 2 0 24 16 426 301 2
72 % 71 % 72 % 71 % 50 % 0 % 100 % 0 % 0 % 0 % 0 % 0 % 67 % 71 %
STOCKTON 34 27 34 22 237 171 212 162 1 1 0 0 0 0 2 1 0 0 0 0 1 0 0 0 32 16 553 400 3
79 % 65 % 72 % 76 % 100 % 0 % 0 % 50 % 0 % 0 % 0 % 0 % 50 % 72 %
WESTSIDE 41 24 38 23 244 129 185 107 6 4 3 1 9 3 1 1 1 0 0 0 4 3 3 0 47 22 582 317 4
59 % 61 % 53 % 58 % 67 % 33 % 33 % 100 % 0 % 0 % 75 % 0 % 47 % 54 %
TOTALS 550 427 412 289 1,600 1,092 1,344 958 13 10 8 5 19 10 6 4 3 1 0 0 18 10 15 5 281 174 4,269 2,985 4
78 % 70 % 68 % 71 % 77 % 63 % 53 % 67 % 33 % 0 % 56 % 33 % 62 % 70 %