BCCC 0 0 0 1 0 0 0 0 0 0 0 0 0 0 0 0 0 0 0 0 0 0 0 0 0 0 0 1 BCCC
0 % 0 % 0 % 0 % 0 % 0 % 0 % 0 % 0 % 0 % 0 % 0 % 0 % 0 %
HV 0 0 0 0 0 1 0 0 0 0 0 0 0 0 0 0 0 0 0 0 0 0 0 0 0 0 0 1 HV
0 % 0 % 0 % 0 % 0 % 0 % 0 % 0 % 0 % 0 % 0 % 0 % 0 % 0 %
LEE 0 1 0 0 0 0 0 0 0 0 0 0 0 0 0 0 0 0 0 0 0 0 0 0 0 0 0 1 LEE
0 % 0 % 0 % 0 % 0 % 0 % 0 % 0 % 0 % 0 % 0 % 0 % 0 % 0 %
MA02 0 0 0 1 0 0 0 0 0 0 0 0 0 0 0 0 0 0 0 0 0 0 0 0 0 0 0 1 MA02
0 % 0 % 0 % 0 % 0 % 0 % 0 % 0 % 0 % 0 % 0 % 0 % 0 % 0 %
SOPE 0 1 0 0 0 0 0 0 0 0 0 0 0 0 0 0 0 0 0 0 0 0 0 0 0 2 0 3 SOPE
0 % 0 % 0 % 0 % 0 % 0 % 0 % 0 % 0 % 0 % 0 % 0 % 0 % 0 %
004 0 0 0 1 0 0 0 0 0 0 0 0 0 0 0 0 0 0 0 0 0 0 0 0 0 0 0 1 004
0 % 0 % 0 % 0 % 0 % 0 % 0 % 0 % 0 % 0 % 0 % 0 % 0 % 0 %
FAMILY_LIF 393 309 301 196 1,387 1,120 1,163 920 33 23 40 29 13 8 14 7 0 0 0 0 8 5 6 6 123 74 3,481 2,697 03
79 % 65 % 81 % 79 % 70 % 73 % 62 % 50 % 0 % 0 % 63 % 100 % 60 % 77 %
CALHOUN_PA 2,298 1,700 1,362 819 667 485 527 395 6 4 9 4 6 5 6 2 1 0 0 0 11 4 9 4 157 76 5,059 3,498 04
74 % 60 % 73 % 75 % 67 % 44 % 83 % 33 % 0 % 0 % 36 % 44 % 48 % 69 %
FIRE_DEPT 319 267 241 167 1,130 954 1,013 856 22 9 16 14 5 5 4 2 0 0 0 0 5 4 6 5 79 54 2,840 2,337 05
84 % 69 % 84 % 85 % 41 % 88 % 100 % 50 % 0 % 0 % 80 % 83 % 68 % 82 %
BAILEY 75 58 57 44 404 348 379 322 1 1 0 0 3 3 3 2 0 0 0 0 2 2 1 1 23 18 948 799 06
77 % 77 % 86 % 85 % 100 % 0 % 100 % 67 % 0 % 0 % 100 % 100 % 78 % 84 %
BUCKEYE 216 185 162 120 210 159 193 149 0 0 0 0 1 0 1 1 0 0 0 0 0 0 0 0 26 10 809 624 07
86 % 74 % 76 % 77 % 0 % 0 % 0 % 100 % 0 % 0 % 0 % 0 % 38 % 77 %
BURCH 40 36 30 19 126 94 113 92 0 0 0 0 1 1 2 1 0 0 0 0 0 0 0 0 12 9 324 252 08
90 % 63 % 75 % 81 % 0 % 0 % 100 % 50 % 0 % 0 % 0 % 0 % 75 % 78 %
BURGAMY 208 181 166 129 205 157 177 142 0 0 0 0 1 1 1 1 0 0 0 0 1 0 1 1 21 14 781 626 09
87 % 78 % 77 % 80 % 0 % 0 % 100 % 100 % 0 % 0 % 0 % 100 % 67 % 80 %
1 0 1 0 0 0 0 0 0 0 0 0 0 0 0 0 0 0 0 0 0 0 0 0 0 0 0 0 1 1
0 % 0 % 0 % 0 % 0 % 0 % 0 % 0 % 0 % 0 % 0 % 0 % 0 % 0 %
CADWELL 34 30 21 16 275 229 242 198 0 0 0 0 0 0 0 0 0 0 0 0 0 0 0 0 20 11 592 484 10
88 % 76 % 83 % 82 % 0 % 0 % 0 % 0 % 0 % 0 % 0 % 0 % 55 % 82 %
100 0 1 0 0 0 0 0 0 0 0 0 0 0 0 0 0 0 0 0 0 0 0 0 0 0 0 0 1 100
0 % 0 % 0 % 0 % 0 % 0 % 0 % 0 % 0 % 0 % 0 % 0 % 0 % 0 %
BREWTON 148 116 116 71 507 372 473 343 2 2 0 0 3 2 1 0 0 0 0 0 3 2 0 0 41 22 1,294 930 11
78 % 61 % 73 % 73 % 100 % 0 % 67 % 0 % 0 % 0 % 67 % 0 % 54 % 72 %
DUDLEY 93 79 75 53 370 308 334 289 0 0 1 1 1 0 1 0 1 1 0 0 0 0 0 0 30 23 906 754 12
85 % 71 % 83 % 87 % 0 % 100 % 0 % 0 % 100 % 0 % 0 % 0 % 77 % 83 %
HAMPTON_MI 76 56 48 39 606 477 606 467 1 1 0 0 0 0 0 0 0 0 0 0 1 1 0 0 40 21 1,378 1,062 13
74 % 81 % 79 % 77 % 100 % 0 % 0 % 0 % 0 % 0 % 100 % 0 % 53 % 77 %
HARVARD 89 77 57 44 85 63 62 48 0 0 0 0 1 1 0 0 0 0 0 0 0 0 1 1 5 3 300 237 14
87 % 77 % 74 % 77 % 0 % 0 % 100 % 0 % 0 % 0 % 0 % 100 % 60 % 79 %
MINTER 11 8 8 6 329 258 327 246 0 0 0 0 2 1 2 1 0 0 0 0 0 0 0 0 14 7 693 527 15
73 % 75 % 78 % 75 % 0 % 0 % 50 % 50 % 0 % 0 % 0 % 0 % 50 % 76 %
RURAL_FIRE 206 160 170 121 652 484 590 443 0 0 0 0 10 3 10 3 0 0 0 0 1 1 1 0 56 32 1,696 1,247 16
78 % 71 % 74 % 75 % 0 % 0 % 30 % 30 % 0 % 0 % 100 % 0 % 57 % 74 %
REEDY_SPRI 40 31 37 22 333 259 276 219 2 2 0 0 3 0 1 1 0 0 0 0 0 0 2 0 21 12 715 546 19
78 % 59 % 78 % 79 % 100 % 0 % 0 % 100 % 0 % 0 % 0 % 0 % 57 % 76 %
SMITH 708 535 426 289 748 536 620 433 3 1 0 0 4 2 7 3 1 0 1 0 3 3 3 2 88 42 2,612 1,846 21
76 % 68 % 72 % 70 % 33 % 0 % 50 % 43 % 0 % 0 % 100 % 67 % 48 % 71 %
WEST_LAURE 296 242 223 142 545 408 461 374 6 5 5 4 3 2 7 4 0 0 0 0 4 2 1 1 61 33 1,612 1,217 22
82 % 64 % 75 % 81 % 83 % 80 % 67 % 57 % 0 % 0 % 50 % 100 % 54 % 75 %
TOTALS 5,250 4,074 3,500 2,300 8,579 6,712 7,556 5,936 76 48 71 52 57 34 60 28 3 1 1 0 39 24 31 21 817 463 26,040 19,693 22
78 % 66 % 78 % 79 % 63 % 73 % 60 % 47 % 33 % 0 % 62 % 68 % 57 % 76 %