CN 0 1 0 0 0 0 0 0 0 0 0 0 0 0 0 0 0 0 0 0 0 0 0 0 0 0 0 1 CN
0 % 0 % 0 % 0 % 0 % 0 % 0 % 0 % 0 % 0 % 0 % 0 % 0 % 0 %
02 0 0 0 1 0 0 0 1 0 0 0 0 0 0 0 0 0 0 0 0 0 0 0 0 0 0 0 2 02
0 % 0 % 0 % 0 % 0 % 0 % 0 % 0 % 0 % 0 % 0 % 0 % 0 % 0 %
03 0 0 0 0 0 0 0 1 0 0 0 0 0 0 0 0 0 0 0 0 0 0 0 0 0 0 0 1 03
0 % 0 % 0 % 0 % 0 % 0 % 0 % 0 % 0 % 0 % 0 % 0 % 0 % 0 %
04 0 0 0 0 0 1 0 1 0 0 0 0 0 0 0 0 0 0 0 0 0 0 0 0 0 0 0 2 04
0 % 0 % 0 % 0 % 0 % 0 % 0 % 0 % 0 % 0 % 0 % 0 % 0 % 0 %
06 0 0 0 0 0 1 0 3 0 0 0 0 0 0 0 0 0 0 0 0 0 0 0 0 0 0 0 4 06
0 % 0 % 0 % 0 % 0 % 0 % 0 % 0 % 0 % 0 % 0 % 0 % 0 % 0 %
07 0 1 0 0 0 1 0 0 0 0 0 0 0 0 0 0 0 0 0 0 0 0 0 0 0 0 0 2 07
0 % 0 % 0 % 0 % 0 % 0 % 0 % 0 % 0 % 0 % 0 % 0 % 0 % 0 %
09 0 1 0 0 0 0 0 0 0 0 0 0 0 0 0 0 0 0 0 0 0 0 0 0 0 0 0 1 09
0 % 0 % 0 % 0 % 0 % 0 % 0 % 0 % 0 % 0 % 0 % 0 % 0 % 0 %
1_CHOKEE 123 104 95 70 117 89 98 75 1 1 0 0 1 1 0 0 0 0 0 0 0 0 0 0 15 10 450 350 1
85 % 74 % 76 % 77 % 100 % 0 % 100 % 0 % 0 % 0 % 0 % 0 % 67 % 78 %
10_REDBON 282 233 223 166 1,765 1,323 1,585 1,145 12 6 11 6 19 8 14 8 0 0 0 0 11 7 15 9 154 99 4,091 3,010 10
83 % 74 % 75 % 72 % 50 % 55 % 42 % 57 % 0 % 0 % 64 % 60 % 64 % 74 %
13 0 1 0 0 0 0 0 0 0 0 0 0 0 0 0 0 0 0 0 0 0 0 0 0 0 0 0 1 13
0 % 0 % 0 % 0 % 0 % 0 % 0 % 0 % 0 % 0 % 0 % 0 % 0 % 0 %
14 0 0 0 0 0 1 0 0 0 0 0 0 0 0 0 0 0 0 0 0 0 0 0 0 0 1 0 2 14
0 % 0 % 0 % 0 % 0 % 0 % 0 % 0 % 0 % 0 % 0 % 0 % 0 % 0 %
2_SMITHVI 254 205 168 107 230 177 224 162 1 0 0 0 1 1 1 1 0 0 0 0 0 0 1 1 21 14 901 668 2
81 % 64 % 77 % 72 % 0 % 0 % 100 % 100 % 0 % 0 % 0 % 100 % 67 % 74 %
22 0 1 0 0 0 0 0 0 0 0 0 0 0 0 0 0 0 0 0 0 0 0 0 0 0 0 0 1 22
0 % 0 % 0 % 0 % 0 % 0 % 0 % 0 % 0 % 0 % 0 % 0 % 0 % 0 %
23 0 0 0 0 0 1 0 0 0 0 0 0 0 0 0 0 0 0 0 0 0 0 0 0 0 0 0 1 23
0 % 0 % 0 % 0 % 0 % 0 % 0 % 0 % 0 % 0 % 0 % 0 % 0 % 0 %
3_CJC 13 13 15 9 262 208 248 193 2 0 0 0 3 2 0 0 1 1 0 0 0 0 2 1 17 13 563 440 3
100 % 60 % 79 % 78 % 0 % 0 % 67 % 0 % 100 % 0 % 0 % 50 % 76 % 78 %
4_LEESBUR 284 210 189 130 1,122 812 959 668 8 4 3 1 16 6 9 3 0 0 0 0 10 3 4 2 93 60 2,697 1,899 4
74 % 69 % 72 % 70 % 50 % 33 % 38 % 33 % 0 % 0 % 30 % 50 % 65 % 70 %
5_FRIENDS 34 25 29 22 388 267 367 262 1 0 1 0 2 0 2 1 0 0 0 0 4 3 3 2 32 23 863 605 5
74 % 76 % 69 % 71 % 0 % 0 % 0 % 50 % 0 % 0 % 75 % 67 % 72 % 70 %
6_FIRST_B 286 248 227 168 1,346 1,059 1,245 964 27 14 29 15 13 5 7 5 1 1 0 0 12 8 8 7 136 88 3,337 2,582 6
87 % 74 % 79 % 77 % 52 % 52 % 38 % 71 % 100 % 0 % 67 % 88 % 65 % 77 %
7_SDA_CHU 21 16 18 15 461 373 404 320 5 3 8 4 2 1 0 0 0 0 0 0 6 4 3 3 31 21 959 760 7
76 % 83 % 81 % 79 % 60 % 50 % 50 % 0 % 0 % 0 % 67 % 100 % 68 % 79 %
8_SOVEREI 169 135 117 74 980 686 809 571 8 2 9 2 18 8 11 7 0 0 1 0 9 8 5 2 83 48 2,219 1,543 8
80 % 63 % 70 % 71 % 25 % 22 % 44 % 64 % 0 % 0 % 89 % 40 % 58 % 70 %
9_CENTURY 269 201 177 125 989 737 875 635 15 7 14 4 11 8 6 0 0 0 0 0 7 3 14 9 101 64 2,478 1,793 9
75 % 71 % 75 % 73 % 47 % 29 % 73 % 0 % 0 % 0 % 43 % 64 % 63 % 72 %
TOTALS 1,735 1,395 1,258 887 7,660 5,736 6,814 5,001 80 37 75 32 86 40 50 25 2 2 1 0 59 36 55 36 683 441 18,558 13,668 9
80 % 71 % 75 % 73 % 46 % 43 % 47 % 50 % 100 % 0 % 61 % 65 % 65 % 74 %