RICEBORO 465 374 337 248 73 51 76 58 2 1 0 0 0 1 0 0 0 0 0 0 0 0 0 0 37 24 990 757 1
80 % 74 % 70 % 76 % 50 % 0 % 0 % 0 % 0 % 0 % 0 % 0 % 65 % 76 %
1B 0 0 0 0 0 0 0 1 0 0 0 0 0 0 0 0 0 0 0 0 0 0 0 0 0 0 0 1 1B
0 % 0 % 0 % 0 % 0 % 0 % 0 % 0 % 0 % 0 % 0 % 0 % 0 % 0 %
LYMAN_HALL 1,154 807 775 478 471 224 346 182 43 22 21 10 100 50 97 45 3 1 3 0 60 31 27 14 239 76 3,339 1,940 10
70 % 62 % 48 % 53 % 51 % 48 % 50 % 46 % 33 % 0 % 52 % 52 % 32 % 58 %
LEWIS_FRAS 687 498 576 357 638 396 503 346 42 20 27 12 78 36 80 36 1 1 0 0 36 15 20 10 208 90 2,896 1,817 11
72 % 62 % 62 % 69 % 48 % 44 % 46 % 45 % 100 % 0 % 42 % 50 % 43 % 63 %
MEMORIAL_D 787 495 409 237 216 103 179 89 15 6 6 3 47 13 44 19 0 0 0 0 17 5 13 7 123 49 1,856 1,026 12
63 % 58 % 48 % 50 % 40 % 50 % 28 % 43 % 0 % 0 % 29 % 54 % 40 % 55 %
BUTTON_GWI 321 109 236 51 453 95 300 46 16 4 18 1 75 16 59 10 6 0 1 0 20 5 12 2 238 44 1,755 383 13
34 % 22 % 21 % 15 % 25 % 6 % 21 % 17 % 0 % 0 % 25 % 17 % 18 % 22 %
TOWN_OF_AL 635 462 476 315 223 140 205 132 11 2 5 1 44 18 37 12 2 2 1 0 15 9 8 2 113 44 1,775 1,139 14
73 % 66 % 63 % 64 % 18 % 20 % 41 % 32 % 100 % 0 % 60 % 25 % 39 % 64 %
15 0 0 0 0 0 1 0 0 0 0 0 0 0 0 0 0 0 0 0 0 0 0 0 0 0 0 0 1 15
0 % 0 % 0 % 0 % 0 % 0 % 0 % 0 % 0 % 0 % 0 % 0 % 0 % 0 %
1515 0 1 0 0 0 0 0 0 0 0 0 0 0 0 0 0 0 0 0 0 0 0 0 0 0 0 0 1 1515
0 % 0 % 0 % 0 % 0 % 0 % 0 % 0 % 0 % 0 % 0 % 0 % 0 % 0 %
HINESVILLE 420 276 281 164 496 324 398 248 25 13 20 13 52 26 43 15 0 0 1 0 17 8 16 7 119 41 1,888 1,135 2
66 % 58 % 65 % 62 % 52 % 65 % 50 % 35 % 0 % 0 % 47 % 44 % 34 % 60 %
DORCHESTER 862 669 629 440 675 462 634 432 12 5 6 2 23 11 19 17 2 2 0 0 19 12 7 2 188 102 3,076 2,156 3
78 % 70 % 68 % 68 % 42 % 33 % 48 % 89 % 100 % 0 % 63 % 29 % 54 % 70 %
3-13C 0 1 0 0 0 0 0 0 0 0 0 0 0 0 0 0 0 0 0 0 0 0 0 0 0 0 0 1 3-13C
0 % 0 % 0 % 0 % 0 % 0 % 0 % 0 % 0 % 0 % 0 % 0 % 0 % 0 %
WALTHOURVI 842 594 600 368 331 158 270 142 28 12 11 3 115 55 70 27 3 2 1 0 24 9 24 11 198 78 2,517 1,459 4
71 % 61 % 48 % 53 % 43 % 27 % 48 % 39 % 67 % 0 % 38 % 46 % 39 % 58 %
FLEMING_WE 168 143 130 94 68 43 62 38 1 1 0 0 1 1 0 0 0 0 0 0 1 2 3 1 22 13 456 336 5
85 % 72 % 63 % 61 % 100 % 0 % 100 % 0 % 0 % 0 % 200 % 33 % 59 % 74 %
5923 0 0 0 1 0 0 0 0 0 0 0 0 0 0 0 0 0 0 0 0 0 0 0 0 0 0 0 1 5923
0 % 0 % 0 % 0 % 0 % 0 % 0 % 0 % 0 % 0 % 0 % 0 % 0 % 0 %
FLEMING_EA 133 105 108 76 970 711 896 635 9 6 5 3 14 7 8 3 0 0 0 0 9 5 6 2 99 43 2,257 1,596 6
79 % 70 % 73 % 71 % 67 % 60 % 50 % 38 % 0 % 0 % 56 % 33 % 43 % 71 %
6-5_C 0 0 0 0 0 0 0 1 0 0 0 0 0 0 0 0 0 0 0 0 0 0 0 0 0 0 0 1 6-5_C
0 % 0 % 0 % 0 % 0 % 0 % 0 % 0 % 0 % 0 % 0 % 0 % 0 % 0 %
GUM_BRANCH 320 218 256 142 542 359 468 304 13 9 11 1 43 15 38 8 1 1 1 0 11 5 13 5 116 46 1,833 1,113 7
68 % 55 % 66 % 65 % 69 % 9 % 35 % 21 % 100 % 0 % 45 % 38 % 40 % 61 %
7-14C 0 1 0 0 0 0 0 0 0 0 0 0 0 0 0 0 0 0 0 0 0 0 0 0 0 0 0 1 7-14C
0 % 0 % 0 % 0 % 0 % 0 % 0 % 0 % 0 % 0 % 0 % 0 % 0 % 0 %
7-5_C 0 1 0 0 0 0 0 0 0 0 0 0 0 0 0 0 0 0 0 0 0 0 0 0 0 0 0 1 7-5_C
0 % 0 % 0 % 0 % 0 % 0 % 0 % 0 % 0 % 0 % 0 % 0 % 0 % 0 %
HINESVILLE 660 485 482 310 351 194 276 161 16 11 15 5 70 36 44 21 1 1 1 1 28 10 22 9 137 53 2,103 1,297 9
73 % 64 % 55 % 58 % 69 % 33 % 51 % 48 % 100 % 100 % 36 % 41 % 39 % 62 %
TOTALS 7,454 5,239 5,295 3,281 5,507 3,261 4,613 2,815 233 112 145 54 662 285 539 213 19 10 9 1 257 116 171 72 1,837 703 26,741 16,162 9
70 % 62 % 59 % 61 % 48 % 37 % 43 % 40 % 53 % 11 % 45 % 42 % 38 % 60 %