CTY4 0 0 0 0 0 0 0 1 0 0 0 0 0 0 0 0 0 0 0 0 0 0 0 0 0 0 0 1 CTY4
0 % 0 % 0 % 0 % 0 % 0 % 0 % 0 % 0 % 0 % 0 % 0 % 0 % 0 %
064 0 0 0 0 0 1 0 0 0 0 0 0 0 0 0 0 0 0 0 0 0 0 0 0 0 0 0 1 064
0 % 0 % 0 % 0 % 0 % 0 % 0 % 0 % 0 % 0 % 0 % 0 % 0 % 0 %
MIDWAY 74 71 59 50 146 111 148 111 1 1 0 0 1 0 0 0 0 0 0 0 0 0 0 0 14 9 443 353 1-A
96 % 85 % 76 % 75 % 100 % 0 % 0 % 0 % 0 % 0 % 0 % 0 % 64 % 80 %
LINCOLN_CL 276 244 185 146 126 112 114 100 0 0 0 0 0 0 0 0 0 0 0 0 0 0 0 0 23 15 724 617 1-B
88 % 79 % 89 % 88 % 0 % 0 % 0 % 0 % 0 % 0 % 0 % 0 % 65 % 85 %
LINCOLN_CE 168 132 106 77 545 486 470 412 3 2 5 3 2 1 1 1 0 0 1 1 1 1 1 1 38 28 1,341 1,145 2
79 % 73 % 89 % 88 % 67 % 60 % 50 % 100 % 0 % 100 % 100 % 100 % 74 % 85 %
FAITH_TEMP 82 66 65 48 144 120 147 114 1 0 0 0 0 0 0 0 0 0 0 0 0 0 0 0 11 7 450 355 3-A
80 % 74 % 83 % 78 % 0 % 0 % 0 % 0 % 0 % 0 % 0 % 0 % 64 % 79 %
TABERNACLE 213 189 155 128 217 179 214 171 1 1 0 0 3 2 0 0 0 0 0 0 1 0 1 0 36 26 841 696 3-B
89 % 83 % 82 % 80 % 100 % 0 % 67 % 0 % 0 % 0 % 0 % 0 % 72 % 83 %
3A 0 1 0 0 0 0 0 0 0 0 0 0 0 0 0 0 0 0 0 0 0 0 0 0 0 0 0 1 3A
0 % 0 % 0 % 0 % 0 % 0 % 0 % 0 % 0 % 0 % 0 % 0 % 0 % 0 %
BETHANY_CH 18 18 24 20 227 191 227 188 0 0 0 0 2 1 0 0 0 0 1 1 1 0 0 0 19 14 519 433 4-A
100 % 83 % 84 % 83 % 0 % 0 % 50 % 0 % 0 % 100 % 0 % 0 % 74 % 83 %
MARTINS_CR 86 70 62 42 402 350 428 364 0 0 0 0 1 0 2 1 0 0 0 0 0 0 2 1 41 35 1,024 863 4-B
81 % 68 % 87 % 85 % 0 % 0 % 0 % 50 % 0 % 0 % 0 % 50 % 85 % 84 %
4A 0 0 0 0 0 1 0 0 0 0 0 0 0 0 0 0 0 0 0 0 0 0 0 0 0 0 0 1 4A
0 % 0 % 0 % 0 % 0 % 0 % 0 % 0 % 0 % 0 % 0 % 0 % 0 % 0 %
5B 0 0 0 0 0 0 0 1 0 0 0 0 0 0 0 0 0 0 0 0 0 0 0 0 0 0 0 1 5B
0 % 0 % 0 % 0 % 0 % 0 % 0 % 0 % 0 % 0 % 0 % 0 % 0 % 0 %
TOTALS 917 791 656 511 1,807 1,551 1,748 1,462 6 4 5 3 9 4 3 2 0 0 2 2 3 1 4 2 182 134 5,342 4,467 5B
86 % 78 % 86 % 84 % 67 % 60 % 44 % 67 % 0 % 100 % 33 % 50 % 74 % 84 %