BEARDS_CRE 168 125 123 75 376 215 384 215 2 0 0 0 55 21 34 8 0 0 0 0 4 3 3 0 71 32 1,220 694 1
74 % 61 % 57 % 56 % 0 % 0 % 38 % 24 % 0 % 0 % 75 % 0 % 45 % 57 %
10 0 1 0 0 0 0 0 0 0 0 0 0 0 0 0 0 0 0 0 0 0 0 0 0 0 0 0 1 10
0 % 0 % 0 % 0 % 0 % 0 % 0 % 0 % 0 % 0 % 0 % 0 % 0 % 0 %
12 0 2 0 0 0 0 0 0 0 0 0 0 0 0 0 0 0 0 0 0 0 0 0 0 0 0 0 2 12
0 % 0 % 0 % 0 % 0 % 0 % 0 % 0 % 0 % 0 % 0 % 0 % 0 % 0 %
14 0 1 0 0 0 0 0 0 0 0 0 0 0 0 0 0 0 0 0 0 0 0 0 0 0 0 0 1 14
0 % 0 % 0 % 0 % 0 % 0 % 0 % 0 % 0 % 0 % 0 % 0 % 0 % 0 %
RYE_PATCH/ 177 117 134 76 612 386 529 349 10 7 5 4 18 7 18 10 2 2 0 0 4 1 5 2 139 78 1,653 1,039 2
66 % 57 % 63 % 66 % 70 % 80 % 39 % 56 % 100 % 0 % 25 % 40 % 56 % 63 %
SOUTH_LUDO 262 158 179 98 262 144 202 107 3 0 8 2 11 4 11 4 0 0 0 0 5 3 5 3 83 36 1,031 559 3
60 % 55 % 55 % 53 % 0 % 25 % 36 % 36 % 0 % 0 % 60 % 60 % 43 % 54 %
3B 0 0 0 0 0 1 0 0 0 0 0 0 0 0 0 0 0 0 0 0 0 0 0 0 0 0 0 1 3B
0 % 0 % 0 % 0 % 0 % 0 % 0 % 0 % 0 % 0 % 0 % 0 % 0 % 0 %
NORTH_LUDO 114 85 79 45 503 307 415 272 15 5 4 2 25 7 8 4 0 0 1 0 5 0 6 3 83 37 1,258 767 4
75 % 57 % 61 % 66 % 33 % 50 % 28 % 50 % 0 % 0 % 0 % 50 % 45 % 61 %
TIBET 165 100 110 60 477 281 441 273 9 4 2 0 9 4 8 3 0 0 2 1 6 2 5 3 99 32 1,333 763 5
61 % 55 % 59 % 62 % 44 % 0 % 44 % 38 % 0 % 50 % 33 % 60 % 32 % 57 %
6-1_C 0 1 0 0 0 0 0 0 0 0 0 0 0 0 0 0 0 0 0 0 0 0 0 0 0 0 0 1 6-1_C
0 % 0 % 0 % 0 % 0 % 0 % 0 % 0 % 0 % 0 % 0 % 0 % 0 % 0 %
FAITH_BAPT 0 0 0 0 0 0 0 0 0 0 0 0 0 0 0 0 0 0 0 0 0 0 0 0 0 1 0 1 7
0 % 0 % 0 % 0 % 0 % 0 % 0 % 0 % 0 % 0 % 0 % 0 % 0 % 0 %
TOTALS 886 590 625 354 2,230 1,334 1,971 1,216 39 16 19 8 118 43 79 29 2 2 3 1 24 9 24 11 475 216 6,495 3,829 7
67 % 57 % 60 % 62 % 41 % 42 % 36 % 37 % 100 % 33 % 38 % 46 % 45 % 59 %