C 0 0 0 0 0 0 0 1 0 0 0 0 0 0 0 0 0 0 0 0 0 0 0 0 0 0 0 1 C
0 % 0 % 0 % 0 % 0 % 0 % 0 % 0 % 0 % 0 % 0 % 0 % 0 % 0 %
CONEY 0 0 0 0 0 1 0 0 0 0 0 0 0 0 0 0 0 0 0 0 0 0 0 0 0 0 0 1 CONEY
0 % 0 % 0 % 0 % 0 % 0 % 0 % 0 % 0 % 0 % 0 % 0 % 0 % 0 %
FP3 0 0 0 1 0 0 0 0 0 0 0 0 0 0 0 0 0 0 0 0 0 0 0 0 0 0 0 1 FP3
0 % 0 % 0 % 0 % 0 % 0 % 0 % 0 % 0 % 0 % 0 % 0 % 0 % 0 %
M 0 1 0 0 0 0 0 0 0 0 0 0 0 0 0 0 0 0 0 0 0 0 0 0 0 0 0 1 M
0 % 0 % 0 % 0 % 0 % 0 % 0 % 0 % 0 % 0 % 0 % 0 % 0 % 0 %
0001 0 0 0 0 0 1 0 0 0 0 0 0 0 0 0 0 0 0 0 0 0 0 0 0 0 0 0 1 0001
0 % 0 % 0 % 0 % 0 % 0 % 0 % 0 % 0 % 0 % 0 % 0 % 0 % 0 %
0019 0 0 0 0 0 0 0 1 0 0 0 0 0 0 0 0 0 0 0 0 0 0 0 0 0 0 0 1 0019
0 % 0 % 0 % 0 % 0 % 0 % 0 % 0 % 0 % 0 % 0 % 0 % 0 % 0 %
0023 0 0 0 0 0 1 0 0 0 0 0 0 0 0 0 0 0 0 0 0 0 0 0 0 0 0 0 1 0023
0 % 0 % 0 % 0 % 0 % 0 % 0 % 0 % 0 % 0 % 0 % 0 % 0 % 0 %
HAHIRA_HIS 315 258 230 170 2,411 1,969 2,141 1,743 16 9 22 11 19 9 17 10 1 1 2 2 16 9 25 18 371 240 5,586 4,449 01
82 % 74 % 82 % 81 % 56 % 50 % 47 % 59 % 100 % 100 % 56 % 72 % 65 % 80 %
OLD_PINE_G 957 790 779 570 2,045 1,541 1,821 1,392 60 37 25 13 53 34 41 28 0 0 1 0 63 43 40 27 484 293 6,369 4,768 02
83 % 73 % 75 % 76 % 62 % 52 % 64 % 68 % 0 % 0 % 68 % 68 % 61 % 75 %
TRINITY_PR 376 321 276 221 2,852 2,450 2,441 2,069 45 30 31 19 31 21 22 14 1 1 0 0 37 22 17 9 386 274 6,515 5,451 03
85 % 80 % 86 % 85 % 67 % 61 % 68 % 64 % 100 % 0 % 59 % 53 % 71 % 84 %
NORTHSIDE 2,711 2,154 1,588 1,035 1,556 1,120 1,283 875 37 18 39 20 46 30 30 17 0 0 2 2 61 37 30 17 650 372 8,033 5,697 04
79 % 65 % 72 % 68 % 49 % 51 % 65 % 57 % 0 % 100 % 61 % 57 % 57 % 71 %
JAYCEE_PAR 1,782 1,498 1,100 772 842 652 704 537 23 14 10 5 22 16 17 9 0 0 0 0 22 17 24 13 369 234 4,915 3,767 05
84 % 70 % 77 % 76 % 61 % 50 % 73 % 53 % 0 % 0 % 77 % 54 % 63 % 77 %
NAYLOR_CIT 88 80 71 55 197 160 189 167 0 0 1 0 2 0 4 3 0 0 0 0 2 2 4 2 33 28 591 497 06
91 % 77 % 81 % 88 % 0 % 0 % 0 % 75 % 0 % 0 % 100 % 50 % 85 % 84 %
WOOD_VALLE 216 191 127 94 1,244 1,043 1,074 888 19 10 15 6 13 9 7 4 0 0 0 0 14 9 9 5 164 110 2,902 2,369 07
88 % 74 % 84 % 83 % 53 % 40 % 69 % 57 % 0 % 0 % 64 % 56 % 67 % 82 %
RAINWATER 1,525 1,218 947 600 642 482 619 467 8 6 7 2 19 14 15 8 0 0 0 0 25 18 18 9 271 161 4,096 2,985 08
80 % 63 % 75 % 75 % 75 % 29 % 74 % 53 % 0 % 0 % 72 % 50 % 59 % 73 %
NEW_CLYATT 378 297 290 215 1,201 899 1,015 774 6 3 3 2 18 9 22 10 0 0 1 0 16 12 8 6 238 138 3,196 2,365 09
79 % 74 % 75 % 76 % 50 % 67 % 50 % 45 % 0 % 0 % 75 % 75 % 58 % 74 %
1 0 1 0 0 0 0 0 0 0 0 0 0 0 0 0 0 0 0 0 0 0 0 0 0 0 0 0 1 1
0 % 0 % 0 % 0 % 0 % 0 % 0 % 0 % 0 % 0 % 0 % 0 % 0 % 0 %
1C 0 0 0 0 0 1 0 0 0 0 0 0 0 0 0 0 0 0 0 0 0 0 0 0 0 0 0 1 1C
0 % 0 % 0 % 0 % 0 % 0 % 0 % 0 % 0 % 0 % 0 % 0 % 0 % 0 %
MILDRED_HU 1,608 1,322 1,019 656 347 233 282 198 1 1 3 2 12 8 6 3 1 0 1 0 8 5 11 3 249 150 3,548 2,581 10
82 % 64 % 67 % 70 % 100 % 67 % 67 % 50 % 0 % 0 % 63 % 27 % 60 % 73 %
105 0 0 0 1 0 0 0 0 0 0 0 0 0 0 0 0 0 0 0 0 0 0 0 0 0 0 0 1 105
0 % 0 % 0 % 0 % 0 % 0 % 0 % 0 % 0 % 0 % 0 % 0 % 0 % 0 %
1058 0 0 0 0 0 3 0 1 0 0 0 0 0 0 0 0 0 0 0 0 0 1 0 0 0 1 0 6 1058
0 % 0 % 0 % 0 % 0 % 0 % 0 % 0 % 0 % 0 % 0 % 0 % 0 % 0 %
DASHER_CIT 188 152 119 91 1,319 1,050 1,252 970 8 8 3 2 9 5 12 6 1 1 0 0 9 3 5 3 213 131 3,138 2,422 11
81 % 76 % 80 % 77 % 100 % 67 % 56 % 50 % 100 % 0 % 33 % 60 % 62 % 77 %
114 0 0 0 0 0 1 0 0 0 0 0 0 0 0 0 0 0 0 0 0 0 0 0 0 0 0 0 1 114
0 % 0 % 0 % 0 % 0 % 0 % 0 % 0 % 0 % 0 % 0 % 0 % 0 % 0 %
1157 0 0 0 0 0 1 0 0 0 0 0 0 0 0 0 0 0 0 0 0 0 0 0 0 0 0 0 1 1157
0 % 0 % 0 % 0 % 0 % 0 % 0 % 0 % 0 % 0 % 0 % 0 % 0 % 0 %
1198 0 0 0 1 0 0 0 0 0 0 0 0 0 0 0 0 0 0 0 0 0 0 0 0 0 0 0 1 1198
0 % 0 % 0 % 0 % 0 % 0 % 0 % 0 % 0 % 0 % 0 % 0 % 0 % 0 %
1199 0 2 0 1 0 0 0 1 0 0 0 0 0 0 0 0 0 0 0 0 0 0 0 0 0 0 0 4 1199
0 % 0 % 0 % 0 % 0 % 0 % 0 % 0 % 0 % 0 % 0 % 0 % 0 % 0 %
SOUTH_LOWN 142 125 92 62 1,163 928 940 757 2 2 3 2 12 8 9 5 0 0 1 1 11 6 10 8 188 118 2,573 2,022 12
88 % 67 % 80 % 81 % 100 % 67 % 67 % 56 % 0 % 100 % 55 % 80 % 63 % 79 %
1529 0 1 0 0 0 0 0 0 0 0 0 0 0 0 0 0 0 0 0 0 0 0 0 0 0 0 0 1 1529
0 % 0 % 0 % 0 % 0 % 0 % 0 % 0 % 0 % 0 % 0 % 0 % 0 % 0 %
1650 0 0 0 1 0 0 0 1 0 0 0 0 0 0 0 0 0 0 0 0 0 0 0 0 0 0 0 2 1650
0 % 0 % 0 % 0 % 0 % 0 % 0 % 0 % 0 % 0 % 0 % 0 % 0 % 0 %
FIRST_CHRI 0 0 0 0 0 1 0 0 0 0 0 0 0 0 0 0 0 0 0 0 0 0 0 0 0 0 0 1 22
0 % 0 % 0 % 0 % 0 % 0 % 0 % 0 % 0 % 0 % 0 % 0 % 0 % 0 %
AZALEA_CIT 0 1 0 0 0 0 0 0 0 0 0 0 0 0 0 0 0 0 0 0 0 0 0 0 0 0 0 1 25
0 % 0 % 0 % 0 % 0 % 0 % 0 % 0 % 0 % 0 % 0 % 0 % 0 % 0 %
400 0 0 0 0 0 0 0 1 0 0 0 0 0 0 0 0 0 0 0 0 0 0 0 0 0 0 0 1 400
0 % 0 % 0 % 0 % 0 % 0 % 0 % 0 % 0 % 0 % 0 % 0 % 0 % 0 %
659 0 1 0 1 0 0 0 0 0 0 0 0 0 0 0 0 0 0 0 0 0 0 0 0 0 0 0 2 659
0 % 0 % 0 % 0 % 0 % 0 % 0 % 0 % 0 % 0 % 0 % 0 % 0 % 0 %
8 0 0 0 1 0 0 0 0 0 0 0 0 0 0 0 0 0 0 0 0 0 0 0 0 0 0 0 1 8
0 % 0 % 0 % 0 % 0 % 0 % 0 % 0 % 0 % 0 % 0 % 0 % 0 % 0 %
TOTALS 10,286 8,413 6,638 4,548 15,819 12,537 13,761 10,843 225 138 162 84 256 163 202 117 4 3 8 5 284 184 201 120 3,616 2,250 51,462 39,405 8
82 % 69 % 79 % 79 % 61 % 52 % 64 % 58 % 75 % 63 % 65 % 60 % 62 % 77 %