BL 0 0 0 0 0 1 0 0 0 0 0 0 0 0 0 0 0 0 0 0 0 0 0 0 0 1 0 2 BL
0 % 0 % 0 % 0 % 0 % 0 % 0 % 0 % 0 % 0 % 0 % 0 % 0 % 0 %
DAHLONEGA 25 17 25 11 958 713 856 621 6 1 8 4 16 9 10 5 2 2 3 2 6 4 8 3 83 51 2,006 1,443 DA
68 % 44 % 74 % 73 % 17 % 50 % 56 % 50 % 100 % 67 % 67 % 38 % 61 % 72 %
EAST 7 7 6 3 930 671 834 591 4 1 4 0 10 8 3 2 1 1 1 0 7 3 5 5 82 51 1,894 1,343 ET
100 % 50 % 72 % 71 % 25 % 0 % 80 % 67 % 100 % 0 % 43 % 100 % 62 % 71 %
KB 0 0 0 0 0 0 0 0 0 0 0 0 0 0 0 0 0 0 0 0 0 0 0 0 0 1 0 1 KB
0 % 0 % 0 % 0 % 0 % 0 % 0 % 0 % 0 % 0 % 0 % 0 % 0 % 0 %
NORTH_EAST 4 3 2 0 803 580 698 532 1 0 1 0 8 7 2 0 0 0 2 1 3 1 6 4 64 37 1,594 1,165 NE
75 % 0 % 72 % 76 % 0 % 0 % 88 % 0 % 0 % 50 % 33 % 67 % 58 % 73 %
NORTH 6 2 2 1 1,158 823 1,023 728 1 1 1 1 8 5 11 3 5 3 2 2 5 3 6 3 82 52 2,310 1,627 NO
33 % 50 % 71 % 71 % 100 % 100 % 63 % 27 % 60 % 100 % 60 % 50 % 63 % 70 %
RW01 0 0 0 0 0 0 0 1 0 0 0 0 0 0 0 0 0 0 0 0 0 0 0 0 0 0 0 1 RW01
0 % 0 % 0 % 0 % 0 % 0 % 0 % 0 % 0 % 0 % 0 % 0 % 0 % 0 %
RW09 0 0 0 0 0 1 0 0 0 0 0 0 0 0 0 0 0 0 0 0 0 0 0 0 0 0 0 1 RW09
0 % 0 % 0 % 0 % 0 % 0 % 0 % 0 % 0 % 0 % 0 % 0 % 0 % 0 %
SOUTH_EAST 18 15 15 7 1,088 773 943 675 8 5 1 1 14 7 15 4 1 0 1 0 5 5 3 3 92 57 2,204 1,552 SE
83 % 47 % 71 % 72 % 63 % 100 % 50 % 27 % 0 % 0 % 100 % 100 % 62 % 70 %
SN2A 0 0 0 0 0 1 0 0 0 0 0 0 0 0 0 0 0 0 0 0 0 0 0 0 0 0 0 1 SN2A
0 % 0 % 0 % 0 % 0 % 0 % 0 % 0 % 0 % 0 % 0 % 0 % 0 % 0 %
SS22 0 0 0 0 0 0 0 0 0 0 0 0 0 1 0 0 0 0 0 0 0 0 0 0 0 0 0 1 SS22
0 % 0 % 0 % 0 % 0 % 0 % 0 % 0 % 0 % 0 % 0 % 0 % 0 % 0 %
SOUTH_WEST 1 0 4 2 1,242 910 1,124 796 4 2 2 0 15 6 10 3 3 3 2 1 8 5 4 2 81 55 2,500 1,785 SW
0 % 50 % 73 % 71 % 50 % 0 % 40 % 30 % 100 % 50 % 63 % 50 % 68 % 71 %
WEST 7 1 5 1 1,468 1,040 1,288 914 5 2 0 0 12 7 13 6 3 1 6 5 4 1 7 4 105 66 2,923 2,048 WT
14 % 20 % 71 % 71 % 40 % 0 % 58 % 46 % 33 % 83 % 25 % 57 % 63 % 70 %
026 0 0 0 0 0 0 0 0 0 0 0 0 0 1 0 0 0 0 0 0 0 0 0 0 0 0 0 1 026
0 % 0 % 0 % 0 % 0 % 0 % 0 % 0 % 0 % 0 % 0 % 0 % 0 % 0 %
032 0 0 0 0 0 1 0 0 0 0 0 0 0 0 0 0 0 0 0 0 0 0 0 0 0 0 0 1 032
0 % 0 % 0 % 0 % 0 % 0 % 0 % 0 % 0 % 0 % 0 % 0 % 0 % 0 %
04 0 0 0 0 0 0 0 1 0 0 0 0 0 0 0 0 0 0 0 0 0 0 0 0 0 0 0 1 04
0 % 0 % 0 % 0 % 0 % 0 % 0 % 0 % 0 % 0 % 0 % 0 % 0 % 0 %
051 0 0 0 0 0 0 0 0 0 0 0 0 0 0 0 0 0 0 0 0 0 0 0 1 0 0 0 1 051
0 % 0 % 0 % 0 % 0 % 0 % 0 % 0 % 0 % 0 % 0 % 0 % 0 % 0 %
103 0 0 0 0 0 1 0 0 0 0 0 0 0 0 0 0 0 0 0 0 0 0 0 0 0 0 0 1 103
0 % 0 % 0 % 0 % 0 % 0 % 0 % 0 % 0 % 0 % 0 % 0 % 0 % 0 %
104 0 1 0 0 0 0 0 0 0 0 0 0 0 0 0 0 0 0 0 0 0 0 0 0 0 0 0 1 104
0 % 0 % 0 % 0 % 0 % 0 % 0 % 0 % 0 % 0 % 0 % 0 % 0 % 0 %
19 0 0 0 0 0 1 0 0 0 0 0 0 0 0 0 0 0 0 0 0 0 0 0 0 0 0 0 1 19
0 % 0 % 0 % 0 % 0 % 0 % 0 % 0 % 0 % 0 % 0 % 0 % 0 % 0 %
24 0 0 0 0 0 1 0 0 0 0 0 0 0 0 0 0 0 0 0 0 0 0 0 0 0 0 0 1 24
0 % 0 % 0 % 0 % 0 % 0 % 0 % 0 % 0 % 0 % 0 % 0 % 0 % 0 %
27 0 0 0 0 0 1 0 0 0 0 0 0 0 0 0 0 0 0 0 0 0 0 0 0 0 0 0 1 27
0 % 0 % 0 % 0 % 0 % 0 % 0 % 0 % 0 % 0 % 0 % 0 % 0 % 0 %
8B 0 0 0 0 0 0 0 1 0 0 0 0 0 0 0 0 0 0 0 0 0 0 0 0 0 0 0 1 8B
0 % 0 % 0 % 0 % 0 % 0 % 0 % 0 % 0 % 0 % 0 % 0 % 0 % 0 %
9 0 0 0 0 0 1 0 0 0 0 0 0 0 0 0 0 0 0 0 0 0 0 0 0 0 0 0 1 9
0 % 0 % 0 % 0 % 0 % 0 % 0 % 0 % 0 % 0 % 0 % 0 % 0 % 0 %
TOTALS 68 46 59 25 7,647 5,519 6,766 4,860 29 12 17 6 83 51 64 23 15 10 17 11 38 22 39 25 589 371 15,431 10,981 9
68 % 42 % 72 % 72 % 41 % 35 % 61 % 36 % 67 % 65 % 58 % 64 % 63 % 71 %