W-27 0 0 0 0 0 1 0 0 0 0 0 0 0 0 0 0 0 0 0 0 0 0 0 0 0 0 0 1 W-27
0 % 0 % 0 % 0 % 0 % 0 % 0 % 0 % 0 % 0 % 0 % 0 % 0 % 0 %
IDEAL 342 246 274 166 358 264 306 245 3 0 7 3 1 1 2 0 0 0 0 0 0 0 5 2 33 18 1,331 945 1
72 % 61 % 74 % 80 % 0 % 43 % 100 % 0 % 0 % 0 % 0 % 40 % 55 % 71 %
OGLETHORPE 421 320 299 194 251 179 206 156 1 1 3 2 4 2 3 2 0 0 0 0 3 1 0 0 23 12 1,214 869 2
76 % 65 % 71 % 76 % 100 % 67 % 50 % 67 % 0 % 0 % 33 % 0 % 52 % 72 %
28 0 1 0 0 0 0 0 0 0 0 0 0 0 0 0 0 0 0 0 0 0 0 0 0 0 0 0 1 28
0 % 0 % 0 % 0 % 0 % 0 % 0 % 0 % 0 % 0 % 0 % 0 % 0 % 0 %
MARSHALLVI 451 367 334 228 202 161 217 164 2 1 2 0 3 1 2 2 0 0 0 0 6 4 2 2 22 16 1,243 946 3
81 % 68 % 80 % 76 % 50 % 0 % 33 % 100 % 0 % 0 % 67 % 100 % 73 % 76 %
MONTEZUMA 524 420 391 251 261 209 236 179 9 5 12 7 2 0 2 0 0 0 0 0 2 1 1 1 22 13 1,462 1,086 4
80 % 64 % 80 % 76 % 56 % 58 % 0 % 0 % 0 % 0 % 50 % 100 % 59 % 74 %
MONTEZUMA 626 506 377 253 96 75 104 83 4 4 4 2 3 2 1 0 0 0 0 0 1 1 0 0 13 6 1,229 932 5
81 % 67 % 78 % 80 % 100 % 50 % 67 % 0 % 0 % 0 % 100 % 0 % 46 % 76 %
7 0 0 0 1 0 0 0 0 0 0 0 0 0 0 0 0 0 0 0 0 0 0 0 0 0 0 0 1 7
0 % 0 % 0 % 0 % 0 % 0 % 0 % 0 % 0 % 0 % 0 % 0 % 0 % 0 %
TOTALS 2,364 1,860 1,675 1,093 1,168 889 1,069 827 19 11 28 14 13 6 10 4 0 0 0 0 12 7 8 5 113 65 6,479 4,781 7
79 % 65 % 76 % 77 % 58 % 50 % 46 % 40 % 0 % 0 % 58 % 63 % 58 % 74 %