COLBERT 159 140 117 78 935 758 823 662 2 1 1 1 9 6 9 6 0 0 0 0 3 1 2 1 115 70 2,175 1,724 COB
88 % 67 % 81 % 80 % 50 % 100 % 67 % 67 % 0 % 0 % 33 % 50 % 61 % 79 %
COLLINS 3 0 1 1 223 171 214 175 2 1 2 2 0 0 0 0 0 0 0 0 0 0 1 0 25 16 471 366 COL
0 % 100 % 77 % 82 % 50 % 100 % 0 % 0 % 0 % 0 % 0 % 0 % 64 % 78 %
COMER 104 85 78 57 433 359 326 271 7 2 5 2 2 0 0 0 0 0 0 0 2 1 1 0 69 43 1,027 820 COM
82 % 73 % 83 % 83 % 29 % 40 % 0 % 0 % 0 % 0 % 50 % 0 % 62 % 80 %
DANIELSVIL 32 25 22 15 1,035 816 951 741 4 2 4 1 9 8 5 3 0 0 0 0 5 2 2 1 117 83 2,186 1,697 DAN
78 % 68 % 79 % 78 % 50 % 25 % 89 % 60 % 0 % 0 % 40 % 50 % 71 % 78 %
FORK 46 41 37 23 163 129 153 117 2 2 0 0 1 1 0 0 0 0 0 0 2 2 2 2 19 12 425 329 FOR
89 % 62 % 79 % 76 % 100 % 0 % 100 % 0 % 0 % 0 % 100 % 100 % 63 % 77 %
GC 0 0 0 0 0 1 0 1 0 0 0 0 0 0 0 0 0 0 0 0 0 0 0 0 0 0 0 2 GC
0 % 0 % 0 % 0 % 0 % 0 % 0 % 0 % 0 % 0 % 0 % 0 % 0 % 0 %
HARRISON 1 1 2 0 204 161 202 160 0 1 2 1 2 1 1 0 0 0 0 0 0 0 0 0 19 13 433 338 HAR
100 % 0 % 79 % 79 % 0 % 50 % 50 % 0 % 0 % 0 % 0 % 0 % 68 % 78 %
HULL 251 201 178 102 1,142 868 933 730 7 5 4 2 16 9 12 6 0 0 0 0 7 3 11 9 200 113 2,761 2,048 HUL
80 % 57 % 76 % 78 % 71 % 50 % 56 % 50 % 0 % 0 % 43 % 82 % 57 % 74 %
ILA 6 4 10 8 564 434 490 404 2 1 1 1 3 1 3 2 0 0 0 0 1 1 1 0 53 34 1,134 890 ILA
67 % 80 % 77 % 82 % 50 % 100 % 33 % 67 % 0 % 0 % 100 % 0 % 64 % 78 %
MILL 4 3 5 4 582 467 544 439 1 1 1 1 2 2 2 1 0 0 0 0 1 1 1 1 66 42 1,209 962 MIL
75 % 80 % 80 % 81 % 100 % 100 % 100 % 50 % 0 % 0 % 100 % 100 % 64 % 80 %
PAOLI 1 0 1 0 87 74 84 74 1 1 0 0 0 0 0 0 0 0 0 0 0 0 0 0 5 4 179 153 PAO
0 % 0 % 85 % 88 % 100 % 0 % 0 % 0 % 0 % 0 % 0 % 0 % 80 % 85 %
PITTMAN 32 27 26 15 686 566 648 540 7 5 2 2 3 3 4 2 0 0 0 0 3 2 4 3 81 48 1,496 1,213 PIT
84 % 58 % 83 % 83 % 71 % 100 % 100 % 50 % 0 % 0 % 67 % 75 % 59 % 81 %
POCA 20 19 18 17 356 289 339 265 2 1 1 1 3 2 1 1 0 0 0 0 0 0 2 1 37 20 779 616 POC
95 % 94 % 81 % 78 % 50 % 100 % 67 % 100 % 0 % 0 % 0 % 50 % 54 % 79 %
SS25 0 0 0 0 0 1 0 0 0 0 0 0 0 0 0 0 0 0 0 0 0 0 0 0 0 0 0 1 SS25
0 % 0 % 0 % 0 % 0 % 0 % 0 % 0 % 0 % 0 % 0 % 0 % 0 % 0 %
S0255 0 0 0 0 0 1 0 1 0 0 0 0 0 0 0 0 0 0 0 0 0 0 0 0 0 0 0 2 S0255
0 % 0 % 0 % 0 % 0 % 0 % 0 % 0 % 0 % 0 % 0 % 0 % 0 % 0 %
WF 0 0 0 0 0 0 0 2 0 0 0 0 0 0 0 0 0 0 0 0 0 0 0 0 0 0 0 2 WF
0 % 0 % 0 % 0 % 0 % 0 % 0 % 0 % 0 % 0 % 0 % 0 % 0 % 0 %
009 0 0 0 0 0 0 0 1 0 0 0 0 0 0 0 0 0 0 0 0 0 0 0 0 0 0 0 1 009
0 % 0 % 0 % 0 % 0 % 0 % 0 % 0 % 0 % 0 % 0 % 0 % 0 % 0 %
01F 0 0 0 1 0 0 0 0 0 0 0 0 0 0 0 0 0 0 0 0 0 0 0 0 0 0 0 1 01F
0 % 0 % 0 % 0 % 0 % 0 % 0 % 0 % 0 % 0 % 0 % 0 % 0 % 0 %
0242 0 0 0 0 0 1 0 1 0 0 0 0 0 0 0 0 0 0 0 0 0 0 0 0 0 0 0 2 0242
0 % 0 % 0 % 0 % 0 % 0 % 0 % 0 % 0 % 0 % 0 % 0 % 0 % 0 %
1A 0 0 0 0 0 1 0 0 0 0 0 0 0 0 0 0 0 0 0 0 0 0 0 0 0 0 0 1 1A
0 % 0 % 0 % 0 % 0 % 0 % 0 % 0 % 0 % 0 % 0 % 0 % 0 % 0 %
2B 0 2 0 0 0 0 0 1 0 0 0 0 0 0 0 0 0 0 0 0 0 0 0 0 0 0 0 3 2B
0 % 0 % 0 % 0 % 0 % 0 % 0 % 0 % 0 % 0 % 0 % 0 % 0 % 0 %
3 0 0 0 0 0 0 0 0 0 0 0 0 0 0 0 0 0 0 0 0 0 0 0 0 0 1 0 1 3
0 % 0 % 0 % 0 % 0 % 0 % 0 % 0 % 0 % 0 % 0 % 0 % 0 % 0 %
5B 0 1 0 0 0 0 0 0 0 0 0 0 0 0 0 0 0 0 0 0 0 0 0 0 0 0 0 1 5B
0 % 0 % 0 % 0 % 0 % 0 % 0 % 0 % 0 % 0 % 0 % 0 % 0 % 0 %
5D 0 0 0 0 0 0 0 1 0 0 0 0 0 0 0 0 0 0 0 0 0 0 0 0 0 0 0 1 5D
0 % 0 % 0 % 0 % 0 % 0 % 0 % 0 % 0 % 0 % 0 % 0 % 0 % 0 %
6 0 0 0 0 0 1 0 0 0 0 0 0 0 0 0 0 0 0 0 0 0 0 0 0 0 0 0 1 6
0 % 0 % 0 % 0 % 0 % 0 % 0 % 0 % 0 % 0 % 0 % 0 % 0 % 0 %
6C 0 0 0 0 0 1 0 0 0 0 0 0 0 0 0 0 0 0 0 0 0 0 0 0 0 0 0 1 6C
0 % 0 % 0 % 0 % 0 % 0 % 0 % 0 % 0 % 0 % 0 % 0 % 0 % 0 %
8A 0 2 0 0 0 0 0 0 0 0 0 0 0 0 0 0 0 0 0 0 0 0 0 0 0 0 0 2 8A
0 % 0 % 0 % 0 % 0 % 0 % 0 % 0 % 0 % 0 % 0 % 0 % 0 % 0 %
TOTALS 659 551 495 321 6,410 5,099 5,707 4,586 37 23 23 14 50 33 37 21 0 0 0 0 24 13 27 18 806 499 14,275 11,178 8A
84 % 65 % 80 % 80 % 62 % 61 % 66 % 57 % 0 % 0 % 54 % 67 % 62 % 78 %