DRANEVILLE 59 53 55 41 98 84 94 73 1 0 0 0 0 0 1 1 0 0 0 0 0 0 0 0 8 6 316 258 034
90 % 75 % 86 % 78 % 0 % 0 % 0 % 100 % 0 % 0 % 0 % 0 % 75 % 82 %
PINEKNOT 11 10 14 10 370 252 349 254 3 1 2 0 7 4 8 5 1 0 1 0 3 1 1 0 23 16 793 553 339
91 % 71 % 68 % 73 % 33 % 0 % 57 % 63 % 0 % 0 % 33 % 0 % 70 % 70 %
DOYLE 46 39 36 20 76 66 65 52 0 0 0 0 0 0 0 0 0 0 1 1 0 0 1 1 5 1 230 180 539
85 % 56 % 87 % 80 % 0 % 0 % 0 % 0 % 0 % 100 % 0 % 100 % 20 % 78 %
BUENA_VIST 647 530 438 298 267 213 229 174 2 1 6 3 8 3 7 5 0 0 0 0 3 2 4 3 34 22 1,645 1,254 807
82 % 68 % 80 % 76 % 50 % 50 % 38 % 71 % 0 % 0 % 67 % 75 % 65 % 76 %
TAZEWELL 27 19 29 16 131 109 112 90 0 0 1 1 0 0 1 1 0 0 0 0 0 0 0 0 12 7 313 243 808
70 % 55 % 83 % 80 % 0 % 100 % 0 % 100 % 0 % 0 % 0 % 0 % 58 % 78 %
BRANTLEY 16 12 13 6 152 117 159 128 3 3 2 2 3 1 0 0 0 0 0 0 1 0 3 3 8 5 360 277 948
75 % 46 % 77 % 81 % 100 % 100 % 33 % 0 % 0 % 0 % 0 % 100 % 63 % 77 %
FORT_PERRY 20 17 21 18 310 202 268 180 1 1 1 0 5 3 6 3 0 0 0 0 3 2 3 2 21 12 659 440 955
85 % 86 % 65 % 67 % 100 % 0 % 60 % 50 % 0 % 0 % 67 % 67 % 57 % 67 %
TOTALS 826 680 606 409 1,404 1,043 1,276 951 10 6 12 6 23 11 23 15 1 0 2 1 10 5 12 9 111 69 4,316 3,205 955
82 % 67 % 74 % 75 % 60 % 50 % 48 % 65 % 0 % 50 % 50 % 75 % 62 % 74 %