GIBS 0 0 0 0 0 1 0 0 0 0 0 0 0 0 0 0 0 0 0 0 0 0 0 0 0 0 0 1 GIBS
0 % 0 % 0 % 0 % 0 % 0 % 0 % 0 % 0 % 0 % 0 % 0 % 0 % 0 %
021 0 0 0 0 0 0 0 1 0 0 0 0 0 0 0 0 0 0 0 0 0 0 0 0 0 0 0 1 021
0 % 0 % 0 % 0 % 0 % 0 % 0 % 0 % 0 % 0 % 0 % 0 % 0 % 0 %
025 0 0 0 0 0 0 0 1 0 0 0 0 0 0 0 0 0 0 0 0 0 0 0 0 0 0 0 1 025
0 % 0 % 0 % 0 % 0 % 0 % 0 % 0 % 0 % 0 % 0 % 0 % 0 % 0 %
030 0 0 0 0 0 0 0 1 0 0 0 0 0 0 0 0 0 0 0 0 0 0 0 0 0 0 0 1 030
0 % 0 % 0 % 0 % 0 % 0 % 0 % 0 % 0 % 0 % 0 % 0 % 0 % 0 %
033 0 0 0 0 0 0 0 1 0 0 0 0 0 0 0 0 0 0 0 0 0 0 0 0 0 0 0 1 033
0 % 0 % 0 % 0 % 0 % 0 % 0 % 0 % 0 % 0 % 0 % 0 % 0 % 0 %
1 0 3 0 4 0 0 0 0 0 0 0 0 0 0 0 0 0 0 0 0 0 0 0 0 0 0 0 7 1
0 % 0 % 0 % 0 % 0 % 0 % 0 % 0 % 0 % 0 % 0 % 0 % 0 % 0 %
106 0 1 0 0 0 0 0 0 0 0 0 0 0 0 0 0 0 0 0 0 0 0 0 0 0 0 0 1 106
0 % 0 % 0 % 0 % 0 % 0 % 0 % 0 % 0 % 0 % 0 % 0 % 0 % 0 %
125 0 1 0 0 0 0 0 0 0 0 0 0 0 0 0 0 0 0 0 0 0 0 0 0 0 0 0 1 125
0 % 0 % 0 % 0 % 0 % 0 % 0 % 0 % 0 % 0 % 0 % 0 % 0 % 0 %
QUEEN_OF_A 475 399 296 205 121 86 95 68 1 0 4 1 2 1 1 0 1 1 0 0 2 1 1 1 13 9 1,012 772 131
84 % 69 % 71 % 72 % 0 % 25 % 50 % 0 % 100 % 0 % 50 % 100 % 69 % 76 %
AIRPORT 22 17 26 15 593 485 587 474 2 2 1 1 3 3 1 1 0 0 0 0 2 1 0 0 21 13 1,258 1,012 132
77 % 58 % 82 % 81 % 100 % 100 % 100 % 100 % 0 % 0 % 50 % 0 % 62 % 80 %
FORT_CREEK 139 114 101 78 122 101 99 80 2 1 0 0 2 1 1 0 0 0 0 0 1 1 0 0 9 5 476 381 133A
82 % 77 % 83 % 81 % 50 % 0 % 50 % 0 % 0 % 0 % 100 % 0 % 56 % 80 %
DEARING_GY 163 129 122 84 929 713 791 593 3 2 5 2 10 6 3 2 0 0 0 0 5 3 0 0 28 18 2,059 1,552 133B
79 % 69 % 77 % 75 % 67 % 40 % 60 % 67 % 0 % 0 % 60 % 0 % 64 % 75 %
VANDERHORS 573 490 400 278 312 266 287 246 0 0 0 0 0 0 1 1 0 0 0 0 0 0 2 1 14 8 1,589 1,290 134
86 % 70 % 85 % 86 % 0 % 0 % 0 % 100 % 0 % 0 % 0 % 50 % 57 % 81 %
SALEM_ROAD 294 261 198 146 803 667 642 544 2 1 2 0 8 5 4 3 0 0 0 0 0 0 0 0 19 16 1,972 1,643 135
89 % 74 % 83 % 85 % 50 % 0 % 63 % 75 % 0 % 0 % 0 % 0 % 84 % 83 %
THOMSON_DE 830 676 421 270 157 120 105 82 1 2 1 0 3 0 1 1 0 0 0 0 0 0 0 0 13 8 1,532 1,159 136
81 % 64 % 76 % 78 % 200 % 0 % 0 % 100 % 0 % 0 % 0 % 0 % 62 % 76 %
MARSHALL_C 59 53 57 43 489 426 413 345 0 0 1 0 4 3 0 0 0 0 0 0 0 0 0 0 14 6 1,037 876 137
90 % 75 % 87 % 84 % 0 % 0 % 75 % 0 % 0 % 0 % 0 % 0 % 43 % 84 %
SHRINE 81 68 67 46 159 116 136 105 2 1 0 0 2 2 1 0 0 0 0 0 0 0 0 0 9 3 457 341 138
84 % 69 % 73 % 77 % 50 % 0 % 100 % 0 % 0 % 0 % 0 % 0 % 33 % 75 %
WHITEOAK 147 122 111 83 261 216 272 197 1 1 1 0 1 0 0 0 0 0 0 0 2 2 1 1 12 8 809 630 139
83 % 75 % 83 % 72 % 100 % 0 % 0 % 0 % 0 % 0 % 100 % 100 % 67 % 78 %
1460 0 0 0 0 0 1 0 0 0 0 0 0 0 0 0 0 0 0 0 0 0 0 0 0 0 0 0 1 1460
0 % 0 % 0 % 0 % 0 % 0 % 0 % 0 % 0 % 0 % 0 % 0 % 0 % 0 %
3B 0 1 0 0 0 0 0 0 0 0 0 0 0 0 0 0 0 0 0 0 0 0 0 0 0 0 0 1 3B
0 % 0 % 0 % 0 % 0 % 0 % 0 % 0 % 0 % 0 % 0 % 0 % 0 % 0 %
601 0 1 0 0 0 0 0 0 0 0 0 0 0 0 0 0 0 0 0 0 0 0 0 0 0 0 0 1 601
0 % 0 % 0 % 0 % 0 % 0 % 0 % 0 % 0 % 0 % 0 % 0 % 0 % 0 %
TOTALS 2,783 2,336 1,799 1,252 3,946 3,198 3,427 2,738 14 10 15 4 35 21 13 8 1 1 0 0 12 8 4 3 152 94 12,201 9,673 601
84 % 70 % 81 % 80 % 71 % 27 % 60 % 62 % 100 % 0 % 67 % 75 % 62 % 79 %