SAPELO_ISL 17 15 19 12 9 5 15 10 0 0 0 0 0 0 0 0 0 0 0 0 0 0 0 0 6 4 66 46 1312
88 % 63 % 56 % 67 % 0 % 0 % 0 % 0 % 0 % 0 % 0 % 0 % 67 % 70 %
TOWNSEND 68 51 72 53 197 162 169 129 1 1 2 1 0 0 0 0 0 0 0 0 1 0 0 0 27 18 537 415 1480
75 % 74 % 82 % 76 % 100 % 50 % 0 % 0 % 0 % 0 % 0 % 0 % 67 % 77 %
CRESCENT 592 484 471 335 342 242 324 221 2 2 1 0 4 2 0 0 0 0 0 0 3 2 5 2 76 35 1,820 1,325 1515
82 % 71 % 71 % 68 % 100 % 0 % 50 % 0 % 0 % 0 % 67 % 40 % 46 % 73 %
DARIEN 450 364 341 250 777 568 675 489 4 4 8 3 7 4 1 1 0 0 0 0 1 0 2 2 83 48 2,349 1,733 1771
81 % 73 % 73 % 72 % 100 % 38 % 57 % 100 % 0 % 0 % 0 % 100 % 58 % 74 %
SOUTH_NEWP 162 138 131 110 689 560 702 574 1 1 1 0 2 1 2 2 0 0 0 0 5 3 2 1 71 51 1,768 1,441 22
85 % 84 % 81 % 82 % 100 % 0 % 50 % 100 % 0 % 0 % 60 % 50 % 72 % 82 %
NORTH_DARI 237 193 171 123 767 556 685 473 2 1 2 2 5 4 7 3 0 0 0 0 5 5 4 3 90 50 1,975 1,413 271
81 % 72 % 72 % 69 % 50 % 100 % 80 % 43 % 0 % 0 % 100 % 75 % 56 % 72 %
TOTALS 1,526 1,245 1,205 883 2,781 2,093 2,570 1,896 10 9 14 6 18 11 10 6 0 0 0 0 15 10 13 8 353 206 8,515 6,373 271
82 % 73 % 75 % 74 % 90 % 43 % 61 % 60 % 0 % 0 % 67 % 62 % 58 % 75 %