UNKNOWN 0 0 2 1 0 0 0 0 0 0 0 0 0 0 0 0 0 0 0 0 0 0 0 0 0 0 2 1 UNKNOWN
0 % 50 % 0 % 0 % 0 % 0 % 0 % 0 % 0 % 0 % 0 % 0 % 0 % 50 %
CHALYBEATE 21 14 19 14 186 140 155 120 0 0 0 0 1 1 1 1 0 0 0 0 2 2 1 0 9 3 395 295 01
67 % 74 % 75 % 77 % 0 % 0 % 100 % 100 % 0 % 0 % 100 % 0 % 33 % 75 %
GILL_I 192 141 90 53 610 442 469 348 2 1 4 2 4 4 4 2 0 0 0 0 4 2 2 0 43 19 1,424 1,014 02
73 % 59 % 72 % 74 % 50 % 50 % 100 % 50 % 0 % 0 % 50 % 0 % 44 % 71 %
GILL_II 437 355 278 191 106 73 80 59 2 1 1 1 1 0 1 0 0 0 0 0 0 0 0 0 36 20 942 700 03
81 % 69 % 69 % 74 % 50 % 100 % 0 % 0 % 0 % 0 % 0 % 0 % 56 % 74 %
7TH-ODESSA 47 42 50 36 86 59 72 54 0 0 0 0 0 0 0 0 0 0 0 0 0 0 0 0 8 8 263 199 04
89 % 72 % 69 % 75 % 0 % 0 % 0 % 0 % 0 % 0 % 0 % 0 % 100 % 76 %
04B 0 0 0 0 0 1 0 0 0 0 0 0 0 0 0 0 0 0 0 0 0 0 0 0 0 0 0 1 04B
0 % 0 % 0 % 0 % 0 % 0 % 0 % 0 % 0 % 0 % 0 % 0 % 0 % 0 %
8TH-GREENV 534 409 358 220 379 269 349 259 0 0 2 0 2 2 2 2 0 0 0 0 3 3 1 1 62 32 1,692 1,197 05
77 % 61 % 71 % 74 % 0 % 0 % 100 % 100 % 0 % 0 % 100 % 100 % 52 % 71 %
LONE_OAK 257 197 196 129 235 164 240 163 1 1 0 0 4 1 3 0 0 0 0 0 3 1 1 0 46 25 986 681 06
77 % 66 % 70 % 68 % 100 % 0 % 25 % 0 % 0 % 0 % 33 % 0 % 54 % 69 %
LUTHERSVIL 482 367 352 201 640 433 600 421 0 0 0 0 5 2 2 1 0 0 0 0 2 1 3 2 128 63 2,214 1,491 07
76 % 57 % 68 % 70 % 0 % 0 % 40 % 50 % 0 % 0 % 50 % 67 % 49 % 67 %
UPPER_9TH 255 203 194 126 309 238 306 232 2 1 1 1 0 0 0 0 0 0 0 0 2 1 1 0 87 56 1,157 858 08
80 % 65 % 77 % 76 % 50 % 100 % 0 % 0 % 0 % 0 % 50 % 0 % 64 % 74 %
MIDDLE_9TH 37 29 42 28 123 98 120 92 0 0 0 0 1 1 1 1 0 0 0 0 0 0 0 0 11 7 335 256 09
78 % 67 % 80 % 77 % 0 % 0 % 100 % 100 % 0 % 0 % 0 % 0 % 64 % 76 %
LOWER_9TH- 325 258 253 157 290 231 270 203 0 0 0 0 1 0 0 0 0 0 0 0 2 2 3 0 63 40 1,207 891 10
79 % 62 % 80 % 75 % 0 % 0 % 0 % 0 % 0 % 0 % 100 % 0 % 63 % 74 %
2ND-WARM_S 157 120 119 77 418 308 338 243 2 2 3 2 2 1 3 2 1 1 0 0 3 3 1 1 31 20 1,078 780 11
76 % 65 % 74 % 72 % 100 % 67 % 50 % 67 % 100 % 0 % 100 % 100 % 65 % 72 %
THIRD-DURA 112 91 81 51 203 153 184 134 0 0 1 1 1 1 1 1 0 0 0 0 0 0 1 1 18 13 602 446 12
81 % 63 % 75 % 73 % 0 % 100 % 100 % 100 % 0 % 0 % 0 % 100 % 72 % 74 %
RALEIGH 38 23 23 11 180 146 181 143 0 0 0 0 0 0 1 1 0 0 0 0 2 2 0 0 23 13 448 339 13
61 % 48 % 81 % 79 % 0 % 0 % 0 % 100 % 0 % 0 % 100 % 0 % 57 % 76 %
COVE 4 3 3 1 89 75 96 77 0 0 0 0 0 0 1 1 1 0 0 0 1 1 0 0 2 0 197 158 14
75 % 33 % 84 % 80 % 0 % 0 % 0 % 100 % 0 % 0 % 100 % 0 % 0 % 80 %
TOTALS 2,898 2,252 2,060 1,296 3,854 2,830 3,460 2,548 9 6 12 7 22 13 20 12 2 1 0 0 24 18 14 5 567 319 12,942 9,307 14
78 % 63 % 73 % 74 % 67 % 58 % 59 % 60 % 50 % 0 % 75 % 36 % 56 % 72 %