BACONTON 277 220 171 107 269 183 236 161 2 2 1 0 3 1 3 1 0 0 0 0 2 0 0 0 15 5 979 680 BA
79 % 63 % 68 % 68 % 100 % 0 % 33 % 33 % 0 % 0 % 0 % 0 % 33 % 69 %
BRANCHVILL 50 39 46 30 227 175 210 163 1 1 0 0 3 0 3 3 0 0 0 0 0 0 0 0 11 9 551 420 BV
78 % 65 % 77 % 78 % 100 % 0 % 0 % 100 % 0 % 0 % 0 % 0 % 82 % 76 %
CAMILLA_NO 897 710 580 375 144 114 124 101 1 0 1 0 4 2 3 2 0 0 0 0 1 0 0 0 25 12 1,780 1,316 CN
79 % 65 % 79 % 81 % 0 % 0 % 50 % 67 % 0 % 0 % 0 % 0 % 48 % 74 %
CAMILLA_SO 825 637 604 346 835 645 687 537 7 5 8 4 3 2 7 2 0 0 0 0 3 2 2 2 75 39 3,056 2,221 CS
77 % 57 % 77 % 78 % 71 % 50 % 67 % 29 % 0 % 0 % 67 % 100 % 52 % 73 %
COTTON 0 0 1 0 180 142 150 121 1 1 0 0 5 1 4 2 0 0 0 0 1 0 1 0 8 6 351 273 CT
0 % 0 % 79 % 81 % 100 % 0 % 20 % 50 % 0 % 0 % 0 % 0 % 75 % 78 %
H 0 0 0 1 0 0 0 0 0 0 0 0 0 0 0 0 0 0 0 0 0 0 0 0 0 0 0 1 H
0 % 0 % 0 % 0 % 0 % 0 % 0 % 0 % 0 % 0 % 0 % 0 % 0 % 0 %
HOPEFUL 34 24 28 18 132 106 116 84 1 1 1 1 1 0 0 0 0 0 0 0 0 0 0 0 12 7 325 241 HF
71 % 64 % 80 % 72 % 100 % 100 % 0 % 0 % 0 % 0 % 0 % 0 % 58 % 74 %
HINSONTON 5 3 5 4 66 53 60 47 0 0 0 0 0 0 0 0 0 0 0 0 0 0 0 0 2 1 138 108 HI
60 % 80 % 80 % 78 % 0 % 0 % 0 % 0 % 0 % 0 % 0 % 0 % 50 % 78 %
LESTER 94 78 68 50 423 283 394 277 1 1 1 0 3 1 3 0 0 0 0 0 3 1 0 0 26 18 1,016 709 LS
83 % 74 % 67 % 70 % 100 % 0 % 33 % 0 % 0 % 0 % 33 % 0 % 69 % 70 %
PEBBLE_CIT 8 5 8 5 64 60 63 54 0 0 0 0 2 0 0 0 0 0 0 0 0 0 0 0 4 3 149 127 PC
63 % 63 % 94 % 86 % 0 % 0 % 0 % 0 % 0 % 0 % 0 % 0 % 75 % 85 %
PELHAM 908 638 497 304 768 550 629 437 5 3 2 1 9 3 10 3 0 0 0 0 0 0 1 0 69 35 2,898 1,974 PE
70 % 61 % 72 % 69 % 60 % 50 % 33 % 30 % 0 % 0 % 0 % 0 % 51 % 68 %
S 0 0 0 0 0 0 0 1 0 0 0 0 0 0 0 0 0 0 0 0 0 0 0 0 0 0 0 1 S
0 % 0 % 0 % 0 % 0 % 0 % 0 % 0 % 0 % 0 % 0 % 0 % 0 % 0 %
SALE_CITY 28 23 23 16 141 95 135 94 0 0 0 0 0 0 0 0 0 0 0 0 0 0 0 0 8 7 335 235 SC
82 % 70 % 67 % 70 % 0 % 0 % 0 % 0 % 0 % 0 % 0 % 0 % 88 % 70 %
WL 0 0 0 0 0 1 0 0 0 0 0 0 0 0 0 0 0 0 0 0 0 0 0 0 0 0 0 1 WL
0 % 0 % 0 % 0 % 0 % 0 % 0 % 0 % 0 % 0 % 0 % 0 % 0 % 0 %
0011 0 0 0 0 0 0 0 1 0 0 0 0 0 0 0 0 0 0 0 0 0 0 0 0 0 0 0 1 0011
0 % 0 % 0 % 0 % 0 % 0 % 0 % 0 % 0 % 0 % 0 % 0 % 0 % 0 %
0012 0 0 0 0 0 1 0 0 0 0 0 0 0 0 0 0 0 0 0 0 0 0 0 0 0 0 0 1 0012
0 % 0 % 0 % 0 % 0 % 0 % 0 % 0 % 0 % 0 % 0 % 0 % 0 % 0 %
10 0 0 0 0 0 1 0 1 0 0 0 0 0 0 0 0 0 0 0 0 0 0 0 0 0 0 0 2 10
0 % 0 % 0 % 0 % 0 % 0 % 0 % 0 % 0 % 0 % 0 % 0 % 0 % 0 %
17 0 0 0 1 0 0 0 0 0 0 0 0 0 0 0 0 0 0 0 0 0 0 0 0 0 0 0 1 17
0 % 0 % 0 % 0 % 0 % 0 % 0 % 0 % 0 % 0 % 0 % 0 % 0 % 0 %
18 0 0 0 0 0 0 0 0 0 0 0 0 0 0 0 0 0 0 0 0 0 0 0 0 0 1 0 1 18
0 % 0 % 0 % 0 % 0 % 0 % 0 % 0 % 0 % 0 % 0 % 0 % 0 % 0 %
20 0 0 0 0 0 0 0 1 0 0 0 0 0 0 0 0 0 0 0 0 0 0 0 0 0 0 0 1 20
0 % 0 % 0 % 0 % 0 % 0 % 0 % 0 % 0 % 0 % 0 % 0 % 0 % 0 %
22 0 1 0 0 0 0 0 0 0 0 0 0 0 0 0 0 0 0 0 0 0 0 0 0 0 0 0 1 22
0 % 0 % 0 % 0 % 0 % 0 % 0 % 0 % 0 % 0 % 0 % 0 % 0 % 0 %
28 0 1 0 0 0 0 0 0 0 0 0 0 0 0 0 0 0 0 0 0 0 0 0 0 0 0 0 1 28
0 % 0 % 0 % 0 % 0 % 0 % 0 % 0 % 0 % 0 % 0 % 0 % 0 % 0 %