BCCC 0 0 0 0 0 1 0 0 0 0 0 0 0 0 0 0 0 0 0 0 0 0 0 0 0 0 0 1 BCCC
0 % 0 % 0 % 0 % 0 % 0 % 0 % 0 % 0 % 0 % 0 % 0 % 0 % 0 %
HA2 0 0 0 0 0 1 0 0 0 0 0 0 0 0 0 0 0 0 0 0 0 0 0 0 0 0 0 1 HA2
0 % 0 % 0 % 0 % 0 % 0 % 0 % 0 % 0 % 0 % 0 % 0 % 0 % 0 %
HO8 0 0 0 0 0 1 0 0 0 0 0 0 0 0 0 0 0 0 0 0 0 1 0 0 0 0 0 2 HO8
0 % 0 % 0 % 0 % 0 % 0 % 0 % 0 % 0 % 0 % 0 % 0 % 0 % 0 %
MO8 0 1 0 0 0 0 0 0 0 0 0 0 0 0 0 0 0 0 0 0 0 0 0 0 0 0 0 1 MO8
0 % 0 % 0 % 0 % 0 % 0 % 0 % 0 % 0 % 0 % 0 % 0 % 0 % 0 %
VV6 0 0 0 0 0 1 0 0 0 0 0 0 0 0 0 0 0 0 0 0 0 0 0 0 0 0 0 1 VV6
0 % 0 % 0 % 0 % 0 % 0 % 0 % 0 % 0 % 0 % 0 % 0 % 0 % 0 %
BENTONS 110 100 94 73 857 720 817 680 2 2 2 2 5 4 2 2 0 0 0 0 2 2 6 5 62 44 1,959 1,634 01
91 % 78 % 84 % 83 % 100 % 100 % 80 % 100 % 0 % 0 % 100 % 83 % 71 % 83 %
BRANTLEYS 20 16 17 12 351 285 325 267 0 0 1 1 4 4 3 1 0 0 0 0 0 0 1 1 32 23 754 610 02
80 % 71 % 81 % 82 % 0 % 100 % 100 % 33 % 0 % 0 % 0 % 100 % 72 % 81 %
02L1 0 1 0 0 0 0 0 0 0 0 0 0 0 0 0 0 0 0 0 0 0 0 0 0 0 0 0 1 02L1
0 % 0 % 0 % 0 % 0 % 0 % 0 % 0 % 0 % 0 % 0 % 0 % 0 % 0 %
BURGAYS 71 63 58 49 864 727 789 649 5 5 5 5 3 3 5 3 0 0 0 0 4 3 11 7 58 39 1,873 1,553 03
89 % 84 % 84 % 82 % 100 % 100 % 100 % 60 % 0 % 0 % 75 % 64 % 67 % 83 %
CABANISS 61 46 59 43 211 162 194 147 1 1 0 0 0 0 0 0 0 0 0 0 2 2 4 3 40 23 572 427 04
75 % 73 % 77 % 76 % 100 % 0 % 0 % 0 % 0 % 0 % 100 % 75 % 58 % 75 %
COX 48 32 43 29 220 194 228 175 1 0 2 1 0 0 2 0 0 0 0 0 1 0 2 1 38 27 585 459 05
67 % 67 % 88 % 77 % 0 % 50 % 0 % 0 % 0 % 0 % 0 % 50 % 71 % 78 %
CULLODEN 67 58 55 33 111 90 115 85 3 2 4 1 0 0 0 0 0 0 0 0 0 0 0 0 16 8 371 277 06
87 % 60 % 81 % 74 % 67 % 25 % 0 % 0 % 0 % 0 % 0 % 0 % 50 % 75 %
DILLARDS 45 35 35 23 329 266 290 240 3 1 1 0 1 1 2 0 0 0 0 0 4 2 1 1 39 19 750 588 07
78 % 66 % 81 % 83 % 33 % 0 % 100 % 0 % 0 % 0 % 50 % 100 % 49 % 78 %
EVERS 106 82 77 43 615 483 548 433 4 3 3 1 2 2 1 1 0 0 0 0 2 2 2 0 77 51 1,437 1,101 08
77 % 56 % 79 % 79 % 75 % 33 % 100 % 100 % 0 % 0 % 100 % 0 % 66 % 77 %
FORSYTH 1,155 939 798 508 849 636 649 484 10 4 6 4 6 2 4 1 1 1 0 0 7 3 6 4 143 83 3,634 2,669 09
81 % 64 % 75 % 75 % 40 % 67 % 33 % 25 % 100 % 0 % 43 % 67 % 58 % 73 %
HIGH_FALLS 36 26 31 23 542 389 495 346 3 3 1 0 7 1 5 3 0 0 0 0 5 3 6 4 81 45 1,212 843 10
72 % 74 % 72 % 70 % 100 % 0 % 14 % 60 % 0 % 0 % 60 % 67 % 56 % 70 %
KELSEYS 130 109 116 83 149 118 145 119 0 0 0 0 0 0 0 0 0 0 0 0 1 1 2 2 23 15 566 447 11
84 % 72 % 79 % 82 % 0 % 0 % 0 % 0 % 0 % 0 % 100 % 100 % 65 % 79 %
MIDDLEBROO 53 43 52 34 478 367 440 351 0 0 0 0 1 0 1 0 0 0 0 0 2 1 2 2 49 32 1,078 830 12
81 % 65 % 77 % 80 % 0 % 0 % 0 % 0 % 0 % 0 % 50 % 100 % 65 % 77 %
PROCTORS 80 65 61 38 309 204 308 218 1 0 0 0 4 2 1 0 0 0 0 0 1 0 1 0 76 56 842 583 13
81 % 62 % 66 % 71 % 0 % 0 % 50 % 0 % 0 % 0 % 0 % 0 % 74 % 69 %
RUSSELLVIL 34 28 27 14 153 120 141 108 1 0 0 0 0 0 0 0 0 0 0 0 1 0 0 0 10 8 367 278 14
82 % 52 % 78 % 77 % 0 % 0 % 0 % 0 % 0 % 0 % 0 % 0 % 80 % 76 %
153 0 0 0 0 0 0 0 0 0 0 0 0 0 1 0 0 0 0 0 0 0 0 0 0 0 0 0 1 153
0 % 0 % 0 % 0 % 0 % 0 % 0 % 0 % 0 % 0 % 0 % 0 % 0 % 0 %
1712A 0 0 0 0 0 1 0 0 0 0 0 0 0 0 0 0 0 0 0 0 0 0 0 0 0 0 0 1 1712A
0 % 0 % 0 % 0 % 0 % 0 % 0 % 0 % 0 % 0 % 0 % 0 % 0 % 0 %
1712C 0 0 0 0 0 0 0 1 0 0 0 0 0 0 0 0 0 0 0 0 0 0 0 0 0 0 0 1 1712C
0 % 0 % 0 % 0 % 0 % 0 % 0 % 0 % 0 % 0 % 0 % 0 % 0 % 0 %
39 0 0 0 0 0 1 0 0 0 0 0 0 0 0 0 0 0 0 0 0 0 0 0 0 0 0 0 1 39
0 % 0 % 0 % 0 % 0 % 0 % 0 % 0 % 0 % 0 % 0 % 0 % 0 % 0 %
TOTALS 2,016 1,644 1,523 1,005 6,038 4,767 5,484 4,303 34 21 25 15 33 20 26 11 1 1 0 0 32 20 44 30 744 473 16,000 12,310 39
82 % 66 % 79 % 78 % 62 % 60 % 61 % 42 % 100 % 0 % 63 % 68 % 64 % 77 %