UNKNOWN 0 0 0 0 1 1 0 0 0 0 0 0 0 0 0 0 0 0 0 0 0 0 0 0 0 0 1 1 UNKNOWN
0 % 0 % 100 % 0 % 0 % 0 % 0 % 0 % 0 % 0 % 0 % 0 % 0 % 100 %
0053 0 1 0 0 0 0 0 0 0 0 0 0 0 0 0 0 0 0 0 0 0 0 0 0 0 0 0 1 0053
0 % 0 % 0 % 0 % 0 % 0 % 0 % 0 % 0 % 0 % 0 % 0 % 0 % 0 %
AILEY 57 50 46 39 141 124 140 121 0 0 1 0 1 1 0 0 0 0 0 0 0 0 0 0 2 1 388 336 01
88 % 85 % 88 % 86 % 0 % 0 % 100 % 0 % 0 % 0 % 0 % 0 % 50 % 87 %
ALSTON 25 20 16 10 191 156 185 136 0 0 0 0 1 1 0 0 0 0 0 0 0 0 0 0 2 1 420 324 02
80 % 63 % 82 % 74 % 0 % 0 % 100 % 0 % 0 % 0 % 0 % 0 % 50 % 77 %
HIGGSTON 106 80 73 51 447 363 418 342 0 0 0 0 4 0 9 3 0 0 0 0 1 0 2 1 14 6 1,074 846 03
75 % 70 % 81 % 82 % 0 % 0 % 0 % 33 % 0 % 0 % 0 % 50 % 43 % 79 %
KIBBEE 14 9 15 10 216 165 174 151 1 1 0 0 2 0 0 0 0 0 0 0 0 0 0 0 0 0 422 336 04
64 % 67 % 76 % 87 % 100 % 0 % 0 % 0 % 0 % 0 % 0 % 0 % 0 % 80 %
MOUNT_VERN 324 287 253 203 412 345 347 280 0 0 0 0 8 6 7 6 0 0 0 0 2 1 1 1 8 3 1,362 1,132 05
89 % 80 % 84 % 81 % 0 % 0 % 75 % 86 % 0 % 0 % 50 % 100 % 38 % 83 %
TARRYTOWN 8 7 6 6 128 112 130 108 0 0 0 0 1 0 1 0 0 0 0 0 0 0 1 0 4 1 279 234 06
88 % 100 % 88 % 83 % 0 % 0 % 0 % 0 % 0 % 0 % 0 % 0 % 25 % 84 %
UVALDA 121 98 74 58 333 252 299 232 1 0 1 0 4 0 4 1 0 0 0 0 0 0 1 1 3 2 841 644 07
81 % 78 % 76 % 78 % 0 % 0 % 0 % 25 % 0 % 0 % 0 % 100 % 67 % 77 %
1823 0 0 0 0 0 1 0 0 0 0 0 0 0 0 0 0 0 0 0 0 0 0 0 0 0 0 0 1 1823
0 % 0 % 0 % 0 % 0 % 0 % 0 % 0 % 0 % 0 % 0 % 0 % 0 % 0 %
2 0 0 0 0 0 1 0 0 0 0 0 0 0 0 0 0 0 0 0 0 0 0 0 0 0 0 0 1 2
0 % 0 % 0 % 0 % 0 % 0 % 0 % 0 % 0 % 0 % 0 % 0 % 0 % 0 %
512 0 1 0 0 0 1 0 0 0 0 0 0 0 0 0 0 0 0 0 0 0 0 0 0 0 0 0 2 512
0 % 0 % 0 % 0 % 0 % 0 % 0 % 0 % 0 % 0 % 0 % 0 % 0 % 0 %
513 0 0 0 0 0 1 0 1 0 0 0 0 0 0 0 0 0 0 0 0 0 0 0 0 0 0 0 2 513
0 % 0 % 0 % 0 % 0 % 0 % 0 % 0 % 0 % 0 % 0 % 0 % 0 % 0 %
514 0 0 0 1 0 2 0 0 0 0 0 0 0 0 0 0 0 0 0 0 0 0 0 0 0 0 0 3 514
0 % 0 % 0 % 0 % 0 % 0 % 0 % 0 % 0 % 0 % 0 % 0 % 0 % 0 %
TOTALS 655 553 483 378 1,869 1,524 1,693 1,371 2 1 2 0 21 8 21 10 0 0 0 0 3 1 5 3 33 14 4,787 3,863 514
84 % 78 % 82 % 81 % 50 % 0 % 38 % 48 % 0 % 0 % 33 % 60 % 42 % 81 %