BA 0 0 0 0 0 1 0 0 0 0 0 0 0 0 0 0 0 0 0 0 0 0 0 0 0 0 0 1 BA
0 % 0 % 0 % 0 % 0 % 0 % 0 % 0 % 0 % 0 % 0 % 0 % 0 % 0 %
CTY1 0 0 0 0 0 0 0 1 0 0 0 0 0 0 0 0 0 0 0 0 0 0 0 0 0 0 0 1 CTY1
0 % 0 % 0 % 0 % 0 % 0 % 0 % 0 % 0 % 0 % 0 % 0 % 0 % 0 %
SA 0 0 0 0 0 0 0 1 0 0 0 0 0 0 0 0 0 0 0 0 0 0 0 0 0 0 0 1 SA
0 % 0 % 0 % 0 % 0 % 0 % 0 % 0 % 0 % 0 % 0 % 0 % 0 % 0 %
SH 0 0 0 0 0 0 0 0 0 0 0 0 0 0 0 0 0 0 0 0 0 0 0 0 0 1 0 1 SH
0 % 0 % 0 % 0 % 0 % 0 % 0 % 0 % 0 % 0 % 0 % 0 % 0 % 0 %
SI 0 1 0 0 0 0 0 0 0 0 0 0 0 0 0 0 0 0 0 0 0 0 0 0 0 0 0 1 SI
0 % 0 % 0 % 0 % 0 % 0 % 0 % 0 % 0 % 0 % 0 % 0 % 0 % 0 %
001 0 1 0 0 0 0 0 0 0 0 0 0 0 0 0 0 0 0 0 0 0 0 0 0 0 0 0 1 001
0 % 0 % 0 % 0 % 0 % 0 % 0 % 0 % 0 % 0 % 0 % 0 % 0 % 0 %
002 0 0 0 0 0 1 0 0 0 0 0 0 0 0 0 0 0 0 0 0 0 0 0 0 0 0 0 1 002
0 % 0 % 0 % 0 % 0 % 0 % 0 % 0 % 0 % 0 % 0 % 0 % 0 % 0 %
005 0 1 0 0 0 0 0 0 0 0 0 0 0 0 0 0 0 0 0 0 0 0 0 0 0 0 0 1 005
0 % 0 % 0 % 0 % 0 % 0 % 0 % 0 % 0 % 0 % 0 % 0 % 0 % 0 %
1._MADISO 479 390 312 196 492 406 425 351 4 3 1 1 6 6 7 4 0 0 0 0 2 2 1 1 46 32 1,775 1,392 01
81 % 63 % 83 % 83 % 75 % 100 % 100 % 57 % 0 % 0 % 100 % 100 % 70 % 78 %
2._BUCKHEA 109 84 76 52 638 513 580 456 1 1 1 0 3 2 4 3 0 0 0 0 4 1 1 1 31 19 1,448 1,132 02
77 % 68 % 80 % 79 % 100 % 0 % 67 % 75 % 0 % 0 % 25 % 100 % 61 % 78 %
3._BETH/SP 76 67 69 46 472 391 445 383 2 2 3 3 2 1 0 0 0 0 0 0 1 1 0 0 50 38 1,120 932 03
88 % 67 % 83 % 86 % 100 % 100 % 50 % 0 % 0 % 0 % 100 % 0 % 76 % 83 %
4._MADISON 159 119 94 63 587 456 440 349 2 0 4 0 4 2 3 0 0 0 0 0 1 0 2 1 40 17 1,336 1,007 04
75 % 67 % 78 % 79 % 0 % 0 % 50 % 0 % 0 % 0 % 0 % 50 % 43 % 75 %
044 0 0 0 0 0 0 0 1 0 0 0 0 0 0 0 0 0 0 0 0 0 0 0 0 0 0 0 1 044
0 % 0 % 0 % 0 % 0 % 0 % 0 % 0 % 0 % 0 % 0 % 0 % 0 % 0 %
5._CLACKS 29 24 17 11 194 167 176 146 0 0 0 0 1 0 1 1 0 0 0 0 0 0 2 2 12 7 432 358 05
83 % 65 % 86 % 83 % 0 % 0 % 0 % 100 % 0 % 0 % 0 % 100 % 58 % 83 %
6._WEST_MO 29 27 28 14 401 334 349 305 2 0 3 1 11 8 5 2 0 0 0 0 0 0 0 0 28 19 856 710 06
93 % 50 % 83 % 87 % 0 % 33 % 73 % 40 % 0 % 0 % 0 % 0 % 68 % 83 %
7._RUTLEDG 141 113 105 66 579 468 550 445 1 0 1 0 1 1 0 0 0 0 0 0 1 1 3 2 39 25 1,421 1,121 07
80 % 63 % 81 % 81 % 0 % 0 % 100 % 0 % 0 % 0 % 100 % 67 % 64 % 79 %
8._BOSTWIC 126 95 98 52 598 473 550 431 3 1 0 0 3 3 5 3 0 0 0 0 6 4 2 1 59 37 1,450 1,100 08
75 % 53 % 79 % 78 % 33 % 0 % 100 % 60 % 0 % 0 % 67 % 50 % 63 % 76 %
9._APALACH 51 39 43 27 212 150 192 139 0 0 0 0 4 4 2 1 0 0 0 0 0 0 1 0 19 12 524 372 09
76 % 63 % 71 % 72 % 0 % 0 % 100 % 50 % 0 % 0 % 0 % 0 % 63 % 71 %
10._MADISO 270 234 161 119 87 68 83 56 0 0 0 0 1 1 0 0 0 0 0 0 0 0 0 0 11 7 613 485 10
87 % 74 % 78 % 67 % 0 % 0 % 100 % 0 % 0 % 0 % 0 % 0 % 64 % 79 %
11._WEST 22 19 19 15 258 214 226 186 2 1 0 0 1 0 1 1 0 0 0 0 2 0 0 0 29 18 560 454 11
86 % 79 % 83 % 82 % 50 % 0 % 0 % 100 % 0 % 0 % 0 % 0 % 62 % 81 %
15 0 0 0 0 0 0 0 1 0 0 0 0 0 0 0 0 0 0 0 0 0 0 0 0 0 0 0 1 15
0 % 0 % 0 % 0 % 0 % 0 % 0 % 0 % 0 % 0 % 0 % 0 % 0 % 0 %
250 0 0 0 0 0 1 0 0 0 0 0 0 0 0 0 0 0 0 0 0 0 0 0 0 0 0 0 1 250
0 % 0 % 0 % 0 % 0 % 0 % 0 % 0 % 0 % 0 % 0 % 0 % 0 % 0 %
295 0 0 0 1 0 0 0 0 0 0 0 0 0 0 0 0 0 0 0 0 0 0 0 0 0 0 0 1 295
0 % 0 % 0 % 0 % 0 % 0 % 0 % 0 % 0 % 0 % 0 % 0 % 0 % 0 %
418 0 1 0 0 0 0 0 0 0 0 0 0 0 0 0 0 0 0 0 0 0 0 0 0 0 1 0 2 418
0 % 0 % 0 % 0 % 0 % 0 % 0 % 0 % 0 % 0 % 0 % 0 % 0 % 0 %
559 0 0 0 0 0 1 0 0 0 0 0 0 0 0 0 0 0 0 0 0 0 0 0 0 0 0 0 1 559
0 % 0 % 0 % 0 % 0 % 0 % 0 % 0 % 0 % 0 % 0 % 0 % 0 % 0 %
TOTALS 1,491 1,215 1,022 662 4,518 3,644 4,016 3,251 17 8 13 5 37 28 28 15 0 0 0 0 17 9 12 8 364 233 11,535 9,078 559
81 % 65 % 81 % 81 % 47 % 38 % 76 % 54 % 0 % 0 % 53 % 67 % 64 % 79 %