DOUGL 0 0 0 0 0 1 0 0 0 0 0 0 0 0 0 0 0 0 0 0 0 0 0 0 0 0 0 1 DOUGL
0 % 0 % 0 % 0 % 0 % 0 % 0 % 0 % 0 % 0 % 0 % 0 % 0 % 0 %
MV 0 0 0 0 0 1 0 0 0 0 0 0 0 0 0 0 0 0 0 0 0 0 0 0 0 0 0 1 MV
0 % 0 % 0 % 0 % 0 % 0 % 0 % 0 % 0 % 0 % 0 % 0 % 0 % 0 %
MCDONALD 4 2 6 2 851 574 752 495 0 0 2 0 30 15 39 15 0 0 0 0 3 1 4 1 160 74 1,851 1,179 1013
50 % 33 % 67 % 66 % 0 % 0 % 50 % 38 % 0 % 0 % 33 % 25 % 46 % 64 %
SHUCK_PEN 7 5 6 2 944 633 854 576 1 0 0 0 84 41 83 36 0 0 0 0 5 3 6 2 175 86 2,165 1,384 1039
71 % 33 % 67 % 67 % 0 % 0 % 49 % 43 % 0 % 0 % 60 % 33 % 49 % 64 %
SOUTHWEST 5 2 3 2 1,062 665 1,035 629 0 0 2 1 24 9 23 6 2 1 0 0 6 4 2 2 150 64 2,314 1,385 1291
40 % 67 % 63 % 61 % 0 % 50 % 38 % 26 % 50 % 0 % 67 % 100 % 43 % 60 %
SPRING_PLA 7 7 8 4 1,267 875 1,106 786 4 2 0 0 68 32 82 47 0 0 0 0 4 2 7 4 220 110 2,773 1,869 1895
100 % 50 % 69 % 71 % 50 % 0 % 47 % 57 % 0 % 0 % 50 % 57 % 50 % 67 %
TOWN 12 6 14 8 2,238 1,636 1,935 1,409 5 2 4 3 64 32 67 25 1 1 0 0 12 6 17 9 342 184 4,711 3,321 824
50 % 57 % 73 % 73 % 40 % 75 % 50 % 37 % 100 % 0 % 50 % 53 % 54 % 70 %
CARTERS-DO 1 1 1 1 794 520 787 536 1 1 0 0 5 2 3 1 0 0 0 0 6 2 5 3 108 55 1,711 1,122 872
100 % 100 % 65 % 68 % 100 % 0 % 40 % 33 % 0 % 0 % 33 % 60 % 51 % 66 %
NORTH 0 0 0 0 790 534 787 536 1 1 1 1 9 5 3 0 0 0 0 0 3 1 5 3 107 47 1,706 1,128 874
0 % 0 % 68 % 68 % 100 % 100 % 56 % 0 % 0 % 0 % 33 % 60 % 44 % 66 %
973 0 0 0 0 0 1 0 0 0 0 0 0 0 0 0 0 0 0 0 0 0 0 0 0 0 0 0 1 973
0 % 0 % 0 % 0 % 0 % 0 % 0 % 0 % 0 % 0 % 0 % 0 % 0 % 0 %
TOTALS 36 23 38 19 7,946 5,440 7,256 4,967 12 6 9 5 284 136 300 130 3 2 0 0 39 19 46 24 1,262 620 17,231 11,391 973
64 % 50 % 68 % 68 % 50 % 56 % 48 % 43 % 67 % 0 % 49 % 52 % 49 % 66 %