CA 0 0 0 0 0 1 0 1 0 0 0 0 0 0 0 0 0 0 0 0 0 0 0 0 0 0 0 2 CA
0 % 0 % 0 % 0 % 0 % 0 % 0 % 0 % 0 % 0 % 0 % 0 % 0 % 0 %
EL 0 0 0 0 0 0 0 1 0 0 0 0 0 0 0 0 0 0 0 0 0 0 0 0 0 0 0 1 EL
0 % 0 % 0 % 0 % 0 % 0 % 0 % 0 % 0 % 0 % 0 % 0 % 0 % 0 %
JB17 0 0 0 1 0 0 0 0 0 0 0 0 0 0 0 0 0 0 0 0 0 0 0 0 0 0 0 1 JB17
0 % 0 % 0 % 0 % 0 % 0 % 0 % 0 % 0 % 0 % 0 % 0 % 0 % 0 %
L9 0 0 0 0 0 2 0 0 0 0 0 0 0 0 0 0 0 0 0 0 0 0 0 0 0 0 0 2 L9
0 % 0 % 0 % 0 % 0 % 0 % 0 % 0 % 0 % 0 % 0 % 0 % 0 % 0 %
MO4 0 0 0 1 0 0 0 0 0 0 0 0 0 0 0 0 0 0 0 0 0 0 0 0 0 0 0 1 MO4
0 % 0 % 0 % 0 % 0 % 0 % 0 % 0 % 0 % 0 % 0 % 0 % 0 % 0 %
MZ 0 1 0 0 0 0 0 0 0 0 0 0 0 0 0 0 0 0 0 0 0 0 0 0 0 0 0 1 MZ
0 % 0 % 0 % 0 % 0 % 0 % 0 % 0 % 0 % 0 % 0 % 0 % 0 % 0 %
PP01 0 0 0 0 0 1 0 0 0 0 0 0 0 0 0 0 0 0 0 0 0 0 0 0 0 0 0 1 PP01
0 % 0 % 0 % 0 % 0 % 0 % 0 % 0 % 0 % 0 % 0 % 0 % 0 % 0 %
SS11A 0 0 0 0 0 0 0 1 0 0 0 0 0 0 0 0 0 0 0 0 0 0 0 0 0 0 0 1 SS11A
0 % 0 % 0 % 0 % 0 % 0 % 0 % 0 % 0 % 0 % 0 % 0 % 0 % 0 %
UC01A 0 1 0 0 0 0 0 0 0 0 0 0 0 0 0 0 0 0 0 0 0 0 0 0 0 0 0 1 UC01A
0 % 0 % 0 % 0 % 0 % 0 % 0 % 0 % 0 % 0 % 0 % 0 % 0 % 0 %
W-27 0 0 0 0 0 0 0 1 0 0 0 0 0 0 0 0 0 0 0 0 0 0 0 0 0 0 0 1 W-27
0 % 0 % 0 % 0 % 0 % 0 % 0 % 0 % 0 % 0 % 0 % 0 % 0 % 0 %
WA 0 0 0 0 0 1 0 0 0 0 0 0 0 0 0 0 0 0 0 0 0 0 0 0 0 0 0 1 WA
0 % 0 % 0 % 0 % 0 % 0 % 0 % 0 % 0 % 0 % 0 % 0 % 0 % 0 %
0017 0 1 0 0 0 0 0 0 0 0 0 0 0 0 0 0 0 0 0 0 0 0 0 0 0 0 0 1 0017
0 % 0 % 0 % 0 % 0 % 0 % 0 % 0 % 0 % 0 % 0 % 0 % 0 % 0 %
009 0 0 0 0 0 0 0 1 0 0 0 0 0 0 0 0 0 0 0 0 0 0 0 0 0 0 0 1 009
0 % 0 % 0 % 0 % 0 % 0 % 0 % 0 % 0 % 0 % 0 % 0 % 0 % 0 %
01 0 0 0 1 0 0 0 0 0 0 0 0 0 1 0 0 0 0 0 0 0 0 0 0 0 0 0 2 01
0 % 0 % 0 % 0 % 0 % 0 % 0 % 0 % 0 % 0 % 0 % 0 % 0 % 0 %
033 0 0 0 0 0 0 0 1 0 0 0 0 0 0 0 0 0 0 0 0 0 0 0 0 0 0 0 1 033
0 % 0 % 0 % 0 % 0 % 0 % 0 % 0 % 0 % 0 % 0 % 0 % 0 % 0 %
07 0 0 0 1 0 0 0 0 0 0 0 0 0 0 0 0 0 0 0 0 0 0 0 0 0 0 0 1 07
0 % 0 % 0 % 0 % 0 % 0 % 0 % 0 % 0 % 0 % 0 % 0 % 0 % 0 %
08 0 0 0 1 0 0 0 0 0 0 0 0 0 0 0 0 0 0 0 0 0 0 0 0 0 0 0 1 08
0 % 0 % 0 % 0 % 0 % 0 % 0 % 0 % 0 % 0 % 0 % 0 % 0 % 0 %
1 0 0 0 1 0 1 0 0 0 0 0 0 0 0 0 0 0 0 0 0 0 0 0 0 0 1 0 3 1
0 % 0 % 0 % 0 % 0 % 0 % 0 % 0 % 0 % 0 % 0 % 0 % 0 % 0 %
10 0 1 0 0 0 0 0 1 0 0 0 0 0 0 0 0 0 0 0 0 0 0 0 0 0 0 0 2 10
0 % 0 % 0 % 0 % 0 % 0 % 0 % 0 % 0 % 0 % 0 % 0 % 0 % 0 %
10B 0 1 0 0 0 0 0 0 0 0 0 0 0 0 0 0 0 0 0 0 0 0 0 0 0 0 0 1 10B
0 % 0 % 0 % 0 % 0 % 0 % 0 % 0 % 0 % 0 % 0 % 0 % 0 % 0 %
WYNNTON/BR 1,881 1,331 1,107 638 742 533 628 454 7 2 4 4 20 12 24 9 0 0 0 0 16 10 18 7 194 98 4,641 3,098 101
71 % 58 % 72 % 72 % 29 % 100 % 60 % 38 % 0 % 0 % 63 % 39 % 51 % 67 %
CARVER/MAC 2,156 1,573 1,326 810 126 53 86 30 8 3 5 0 26 10 16 4 0 0 0 0 20 12 11 7 154 75 3,934 2,577 102
73 % 61 % 42 % 35 % 38 % 0 % 38 % 25 % 0 % 0 % 60 % 64 % 49 % 66 %
ST_JOHN/BE 2,359 1,918 1,653 1,172 210 137 148 95 8 3 5 3 22 7 19 10 0 0 0 0 20 9 21 14 167 107 4,632 3,475 103
81 % 71 % 65 % 64 % 38 % 60 % 32 % 53 % 0 % 0 % 45 % 67 % 64 % 75 %
BRITT_DAVI 212 154 123 68 950 644 709 480 22 13 10 3 33 22 32 17 1 0 0 0 19 10 10 5 97 58 2,218 1,474 104
73 % 55 % 68 % 68 % 59 % 30 % 67 % 53 % 0 % 0 % 53 % 50 % 60 % 66 %
ST._PETER 213 170 158 111 1,257 930 934 712 17 12 12 6 31 23 31 15 0 0 0 0 18 8 13 7 131 74 2,815 2,068 105
80 % 70 % 74 % 76 % 71 % 50 % 74 % 48 % 0 % 0 % 44 % 54 % 56 % 73 %
CORNERSTON 405 313 296 191 1,673 1,172 1,393 990 53 28 45 18 75 42 71 33 1 1 2 0 26 17 16 9 243 151 4,299 2,965 106
77 % 65 % 70 % 71 % 53 % 40 % 56 % 46 % 100 % 0 % 65 % 56 % 62 % 69 %
NORTHSIDE 185 144 134 83 791 536 598 388 6 4 1 1 14 9 13 9 1 0 1 0 10 4 9 3 77 40 1,840 1,221 107
78 % 62 % 68 % 65 % 67 % 100 % 64 % 69 % 0 % 0 % 40 % 33 % 52 % 66 %
ST_MARK/HE 251 216 207 144 1,911 1,509 1,662 1,284 52 30 43 24 45 25 45 24 1 1 1 0 23 15 19 12 168 84 4,428 3,368 108
86 % 70 % 79 % 77 % 58 % 56 % 56 % 53 % 100 % 0 % 65 % 63 % 50 % 76 %
WYNNBROOK 121 95 76 53 1,486 1,221 1,224 1,003 40 27 38 24 14 9 10 4 0 0 0 0 23 19 14 9 104 65 3,150 2,529 109
79 % 70 % 82 % 82 % 68 % 63 % 64 % 40 % 0 % 0 % 83 % 64 % 63 % 80 %
11A1 0 0 0 0 0 1 0 0 0 0 0 0 0 0 0 0 0 0 0 0 0 0 0 0 0 0 0 1 11A1
0 % 0 % 0 % 0 % 0 % 0 % 0 % 0 % 0 % 0 % 0 % 0 % 0 % 0 %
CUSSETA_RD 2,684 1,825 1,600 892 207 96 128 62 8 5 5 1 41 10 26 3 0 0 0 0 30 10 9 5 211 109 4,949 3,018 110
68 % 56 % 46 % 48 % 63 % 20 % 24 % 12 % 0 % 0 % 33 % 56 % 52 % 61 %
MUSCOGEE/S 2,074 1,412 1,309 737 409 129 344 110 23 10 8 4 86 25 66 18 2 2 1 1 40 15 24 5 267 120 4,653 2,588 111
68 % 56 % 32 % 32 % 43 % 50 % 29 % 27 % 100 % 100 % 38 % 21 % 45 % 56 %
EDDY/KEY 1,275 836 878 460 459 267 390 228 50 33 27 17 55 20 55 15 1 0 2 1 41 20 18 13 163 78 3,414 1,988 112
66 % 52 % 58 % 58 % 66 % 63 % 36 % 27 % 0 % 50 % 49 % 72 % 48 % 58 %
MT_PILGRIM 2,443 1,907 1,620 1,090 171 91 121 57 11 7 11 4 39 13 30 13 1 0 0 0 22 12 15 9 206 131 4,690 3,334 113
78 % 67 % 53 % 47 % 64 % 36 % 33 % 43 % 0 % 0 % 55 % 60 % 64 % 71 %
FAITH_TABE 2,027 1,618 1,343 851 232 130 193 106 8 4 5 2 38 23 29 16 0 0 1 0 21 10 13 4 158 92 4,068 2,856 114
80 % 63 % 56 % 55 % 50 % 40 % 61 % 55 % 0 % 0 % 48 % 31 % 58 % 70 %
FORT/WADDE 2,267 1,758 1,414 937 868 424 602 319 36 15 20 5 80 32 68 27 1 1 1 0 43 22 33 12 292 170 5,725 3,722 115
78 % 66 % 49 % 53 % 42 % 25 % 40 % 40 % 100 % 0 % 51 % 36 % 58 % 65 %
ROTHSCHILD 2,594 1,815 1,755 1,040 536 284 431 237 35 14 15 4 65 28 76 28 0 0 0 0 59 31 23 11 265 140 5,854 3,632 116
70 % 59 % 53 % 55 % 40 % 27 % 43 % 37 % 0 % 0 % 53 % 48 % 53 % 62 %
GENTIAN/RE 672 471 461 293 1,733 1,195 1,276 902 45 29 36 20 56 30 41 19 0 0 1 1 43 24 32 16 168 96 4,564 3,096 117
70 % 64 % 69 % 71 % 64 % 56 % 54 % 46 % 0 % 100 % 56 % 50 % 57 % 68 %
ST_PAUL/CL 425 299 313 158 2,058 1,553 1,642 1,213 19 8 13 6 38 24 34 16 0 0 0 0 25 13 9 3 186 104 4,762 3,397 118
70 % 50 % 75 % 74 % 42 % 46 % 63 % 47 % 0 % 0 % 52 % 33 % 56 % 71 %
MOON/MORNI 412 299 299 183 1,949 1,394 1,499 1,039 38 17 23 11 74 37 53 24 0 0 0 0 27 17 30 18 200 126 4,604 3,165 119
73 % 61 % 72 % 69 % 45 % 48 % 50 % 45 % 0 % 0 % 63 % 60 % 63 % 69 %
1199 0 0 0 0 0 1 0 0 0 0 0 0 0 0 0 0 0 0 0 0 0 0 0 0 0 0 0 1 1199
0 % 0 % 0 % 0 % 0 % 0 % 0 % 0 % 0 % 0 % 0 % 0 % 0 % 0 %
ST_ANDREWS 685 541 556 384 2,163 1,533 1,869 1,335 121 65 94 50 101 58 97 48 1 0 0 0 51 26 36 20 303 181 6,077 4,241 120
79 % 69 % 71 % 71 % 54 % 53 % 57 % 49 % 0 % 0 % 51 % 56 % 60 % 70 %
BLACKMON 424 313 258 162 867 601 730 509 42 20 24 13 41 22 44 17 2 2 0 0 19 13 12 7 145 93 2,608 1,772 121
74 % 63 % 69 % 70 % 48 % 54 % 54 % 39 % 100 % 0 % 68 % 58 % 64 % 68 %
FIRST_AFRI 698 392 372 168 266 140 289 149 5 2 2 1 9 0 10 6 2 0 0 0 9 6 10 3 73 33 1,745 900 122
56 % 45 % 53 % 52 % 40 % 50 % 0 % 60 % 0 % 0 % 67 % 30 % 45 % 52 %
FOX 464 275 255 90 487 211 375 181 0 0 2 1 26 6 11 5 3 1 1 0 12 3 6 2 92 39 1,734 814 123
59 % 35 % 43 % 48 % 0 % 50 % 23 % 45 % 33 % 0 % 25 % 33 % 42 % 47 %
EPWORTH 500 305 366 185 1,509 983 1,127 698 15 6 12 5 38 21 29 11 0 0 0 0 21 9 10 4 158 73 3,785 2,300 124
61 % 51 % 65 % 62 % 40 % 42 % 55 % 38 % 0 % 0 % 43 % 40 % 46 % 61 %
GALLOPS/HA 800 487 539 228 482 260 419 207 6 2 5 2 14 2 14 4 0 0 1 1 12 5 13 2 124 59 2,429 1,259 125
61 % 42 % 54 % 49 % 33 % 40 % 14 % 29 % 0 % 100 % 42 % 15 % 48 % 52 %
EDGEWOOD_B 647 500 517 341 688 431 540 344 8 5 5 4 34 19 24 14 1 0 0 0 21 11 8 3 105 63 2,598 1,735 126
77 % 66 % 63 % 64 % 63 % 80 % 56 % 58 % 0 % 0 % 52 % 38 % 60 % 67 %
PSALMOND/M 654 556 573 447 1,798 1,397 1,644 1,257 59 37 29 17 52 31 52 30 0 0 0 0 33 24 22 14 194 132 5,110 3,942 127
85 % 78 % 78 % 76 % 63 % 59 % 60 % 58 % 0 % 0 % 73 % 64 % 68 % 77 %
28 0 1 0 0 0 0 0 0 0 0 0 0 0 0 0 0 0 0 0 0 0 0 0 0 0 0 0 1 28
0 % 0 % 0 % 0 % 0 % 0 % 0 % 0 % 0 % 0 % 0 % 0 % 0 % 0 %
714A3 0 1 0 0 0 0 0 0 0 0 0 0 0 0 0 0 0 0 0 0 0 0 0 0 0 0 0 1 714A3
0 % 0 % 0 % 0 % 0 % 0 % 0 % 0 % 0 % 0 % 0 % 0 % 0 % 0 %
9 0 1 0 0 0 0 0 0 0 0 0 0 0 0 0 0 0 0 0 0 0 0 0 0 0 0 0 1 9
0 % 0 % 0 % 0 % 0 % 0 % 0 % 0 % 0 % 0 % 0 % 0 % 0 % 0 %
948 0 0 0 0 0 1 0 0 0 0 0 0 0 0 0 0 0 0 0 0 0 0 0 0 0 0 0 1 948
0 % 0 % 0 % 0 % 0 % 0 % 0 % 0 % 0 % 0 % 0 % 0 % 0 % 0 %
TOTALS 29,528 21,531 19,508 11,922 26,028 17,863 21,001 14,396 742 401 499 250 1,167 561 1,020 439 18 8 12 4 704 375 454 224 4,645 2,592 105,326 70,566 948
73 % 61 % 69 % 69 % 54 % 50 % 48 % 43 % 44 % 33 % 53 % 49 % 56 % 67 %