HUL 0 0 0 0 0 0 0 1 0 0 0 0 0 0 0 0 0 0 0 0 0 0 0 0 0 0 0 1 HUL
0 % 0 % 0 % 0 % 0 % 0 % 0 % 0 % 0 % 0 % 0 % 0 % 0 % 0 %
ANNEX 42 33 30 24 876 734 805 651 13 9 9 7 7 4 9 8 0 0 0 0 8 6 2 1 109 81 1,910 1,558 01
79 % 80 % 84 % 81 % 69 % 78 % 57 % 89 % 0 % 0 % 75 % 50 % 74 % 82 %
COLHAM_FER 12 8 10 5 640 544 605 497 4 1 1 0 4 3 5 3 0 0 0 0 4 3 5 3 86 56 1,376 1,123 02
67 % 50 % 85 % 82 % 25 % 0 % 75 % 60 % 0 % 0 % 75 % 60 % 65 % 82 %
ANTIOCH 27 24 19 13 500 402 470 390 0 0 0 0 3 0 0 0 0 0 0 0 3 3 3 1 57 41 1,082 874 03
89 % 68 % 80 % 83 % 0 % 0 % 0 % 0 % 0 % 0 % 100 % 33 % 72 % 81 %
FARMINGTON 21 15 24 15 245 191 227 176 0 0 0 0 1 0 1 1 0 0 0 0 0 0 0 0 31 19 550 417 04
71 % 63 % 78 % 78 % 0 % 0 % 0 % 100 % 0 % 0 % 0 % 0 % 61 % 76 %
BISHOP 47 42 38 26 557 455 504 397 4 0 6 3 11 9 4 3 0 0 0 0 3 1 5 3 104 70 1,283 1,009 05
89 % 68 % 82 % 79 % 0 % 50 % 82 % 75 % 0 % 0 % 33 % 60 % 67 % 79 %
HIGH_SHOAL 19 17 15 12 674 551 628 511 7 3 2 1 5 4 5 3 0 0 0 0 0 0 2 2 115 87 1,472 1,191 06
89 % 80 % 82 % 81 % 43 % 50 % 80 % 60 % 0 % 0 % 0 % 100 % 76 % 81 %
NORTH_OCON 13 10 9 6 358 295 313 247 13 6 10 5 9 4 3 1 0 0 0 0 4 2 2 2 64 46 798 624 07
77 % 67 % 82 % 79 % 46 % 50 % 44 % 33 % 0 % 0 % 50 % 100 % 72 % 78 %
DARK_CORNE 21 18 21 17 867 689 793 639 7 1 0 0 4 2 7 6 0 0 0 0 1 1 2 1 157 106 1,880 1,480 08
86 % 81 % 79 % 81 % 14 % 0 % 50 % 86 % 0 % 0 % 100 % 50 % 68 % 79 %
BOGART 53 41 25 17 815 627 690 542 14 9 15 9 15 12 19 11 1 1 0 0 3 2 7 2 141 99 1,798 1,372 09
77 % 68 % 77 % 79 % 64 % 60 % 80 % 58 % 100 % 0 % 67 % 29 % 70 % 76 %
1B 0 0 0 0 0 0 0 1 0 0 0 0 0 0 0 0 0 0 0 0 0 0 0 0 0 0 0 1 1B
0 % 0 % 0 % 0 % 0 % 0 % 0 % 0 % 0 % 0 % 0 % 0 % 0 % 0 %
MALCOM_BRI 48 39 38 33 1,397 1,159 1,191 953 28 22 27 23 17 12 18 9 0 0 0 0 6 3 10 5 225 158 3,005 2,416 10
81 % 87 % 83 % 80 % 79 % 85 % 71 % 50 % 0 % 0 % 50 % 50 % 70 % 80 %
ATHENS_ACA 72 59 47 25 995 815 903 755 25 14 24 18 16 9 14 7 0 0 0 0 11 6 10 8 141 82 2,258 1,798 11
82 % 53 % 82 % 84 % 56 % 75 % 56 % 50 % 0 % 0 % 55 % 80 % 58 % 80 %
CIVIC_CENT 66 55 50 33 1,602 1,348 1,426 1,162 23 16 27 16 16 14 12 9 0 0 0 0 7 5 11 7 199 125 3,439 2,790 12
83 % 66 % 84 % 81 % 70 % 59 % 88 % 75 % 0 % 0 % 71 % 64 % 63 % 81 %
CITY_HALL 60 46 48 33 695 569 564 466 11 8 6 5 6 4 7 4 0 0 0 0 4 5 6 4 99 65 1,506 1,209 13
77 % 69 % 82 % 83 % 73 % 83 % 67 % 57 % 0 % 0 % 125 % 67 % 66 % 80 %
147 0 0 0 0 0 0 0 1 0 0 0 0 0 0 0 0 0 0 0 0 0 0 0 0 0 0 0 1 147
0 % 0 % 0 % 0 % 0 % 0 % 0 % 0 % 0 % 0 % 0 % 0 % 0 % 0 %
2B 0 1 0 0 0 0 0 0 0 0 0 0 0 0 0 0 0 0 0 0 0 0 0 0 0 0 0 1 2B
0 % 0 % 0 % 0 % 0 % 0 % 0 % 0 % 0 % 0 % 0 % 0 % 0 % 0 %
43 0 0 0 0 0 1 0 0 0 0 0 0 0 0 0 0 0 0 0 0 0 0 0 0 0 0 0 1 43
0 % 0 % 0 % 0 % 0 % 0 % 0 % 0 % 0 % 0 % 0 % 0 % 0 % 0 %
5C 0 0 0 0 0 1 0 0 0 0 0 0 0 0 0 0 0 0 0 0 0 0 0 0 0 0 0 1 5C
0 % 0 % 0 % 0 % 0 % 0 % 0 % 0 % 0 % 0 % 0 % 0 % 0 % 0 %
6B 0 0 0 0 0 1 0 0 0 0 0 0 0 1 0 0 0 0 0 0 0 0 0 0 0 0 0 2 6B
0 % 0 % 0 % 0 % 0 % 0 % 0 % 0 % 0 % 0 % 0 % 0 % 0 % 0 %
7C 0 0 0 0 0 0 0 1 0 0 0 0 0 0 0 0 0 0 0 0 0 0 0 0 0 0 0 1 7C
0 % 0 % 0 % 0 % 0 % 0 % 0 % 0 % 0 % 0 % 0 % 0 % 0 % 0 %
8A 0 0 0 0 0 0 0 0 0 0 0 0 0 0 0 0 0 0 0 0 0 0 0 0 0 1 0 1 8A
0 % 0 % 0 % 0 % 0 % 0 % 0 % 0 % 0 % 0 % 0 % 0 % 0 % 0 %