UNKNOWN 0 0 0 0 1 1 0 0 0 0 0 0 0 0 0 0 0 0 0 0 0 0 0 0 0 0 1 1 UNKNOWN
0 % 0 % 100 % 0 % 0 % 0 % 0 % 0 % 0 % 0 % 0 % 0 % 0 % 100 %
BEAVERDAM 52 45 58 46 696 601 646 538 0 0 0 0 11 5 7 4 0 0 0 0 4 2 4 2 92 64 1,570 1,307 BV
87 % 79 % 86 % 83 % 0 % 0 % 45 % 57 % 0 % 0 % 50 % 50 % 70 % 83 %
CRAWFORD 191 161 120 96 581 479 506 416 2 2 1 1 5 4 3 1 0 0 0 0 4 3 1 0 84 46 1,498 1,209 CR
84 % 80 % 82 % 82 % 100 % 100 % 80 % 33 % 0 % 0 % 75 % 0 % 55 % 81 %
FALLING_CR 58 44 49 34 177 156 186 162 0 0 1 0 3 2 1 0 0 0 0 0 2 2 1 1 23 15 501 416 FC
76 % 69 % 88 % 87 % 0 % 0 % 67 % 0 % 0 % 0 % 100 % 100 % 65 % 83 %
GROVE_CREE 48 40 27 21 155 120 140 116 1 1 0 0 1 1 0 0 0 0 0 0 0 0 1 1 18 13 391 313 GC
83 % 78 % 77 % 83 % 100 % 0 % 100 % 0 % 0 % 0 % 0 % 100 % 72 % 80 %
GLADE 56 46 36 29 103 80 88 78 0 0 0 0 0 0 0 0 0 0 0 0 0 0 0 0 10 6 293 239 GL
82 % 81 % 78 % 89 % 0 % 0 % 0 % 0 % 0 % 0 % 0 % 0 % 60 % 82 %
GOOSEPOND 51 43 52 31 163 134 151 132 1 1 0 0 3 2 2 1 0 0 0 0 2 1 0 0 19 12 444 357 GS
84 % 60 % 82 % 87 % 100 % 0 % 67 % 50 % 0 % 0 % 50 % 0 % 63 % 80 %
HUL 0 0 0 0 0 0 0 1 0 0 0 0 0 0 0 0 0 0 0 0 0 0 0 0 0 0 0 1 HUL
0 % 0 % 0 % 0 % 0 % 0 % 0 % 0 % 0 % 0 % 0 % 0 % 0 % 0 %
HY01 0 0 0 0 0 1 0 0 0 0 0 0 0 0 0 0 0 0 0 0 0 0 0 0 0 0 0 1 HY01
0 % 0 % 0 % 0 % 0 % 0 % 0 % 0 % 0 % 0 % 0 % 0 % 0 % 0 %
LEXINGTON 147 124 106 71 610 522 551 479 5 4 1 0 1 1 2 1 0 0 0 0 4 3 0 0 38 23 1,465 1,228 LX
84 % 67 % 86 % 87 % 80 % 0 % 100 % 50 % 0 % 0 % 75 % 0 % 61 % 84 %
PLEASANT_H 18 11 14 8 330 258 305 243 1 1 2 1 2 1 0 0 1 1 0 0 1 1 3 1 41 19 718 545 PH
61 % 57 % 78 % 80 % 100 % 50 % 50 % 0 % 100 % 0 % 100 % 33 % 46 % 76 %
PIT 0 0 0 0 0 0 0 1 0 0 0 0 0 0 0 0 0 0 0 0 0 0 0 0 0 0 0 1 PIT
0 % 0 % 0 % 0 % 0 % 0 % 0 % 0 % 0 % 0 % 0 % 0 % 0 % 0 %
WOLFSKIN 5 5 10 6 281 238 225 198 0 0 0 0 0 0 3 2 0 0 0 0 0 0 0 0 37 23 561 472 WF
100 % 60 % 85 % 88 % 0 % 0 % 0 % 67 % 0 % 0 % 0 % 0 % 62 % 84 %
WOODSTOCK 42 41 32 27 73 64 80 71 0 0 0 0 0 0 1 0 0 0 0 0 0 0 0 0 14 9 242 212 WS
98 % 84 % 88 % 89 % 0 % 0 % 0 % 0 % 0 % 0 % 0 % 0 % 64 % 88 %
02 0 0 0 0 0 0 0 0 0 0 0 0 0 0 0 0 0 0 0 0 0 0 0 0 0 1 0 1 02
0 % 0 % 0 % 0 % 0 % 0 % 0 % 0 % 0 % 0 % 0 % 0 % 0 % 0 %
TOTALS 668 560 504 369 3,170 2,654 2,878 2,435 10 9 5 2 26 16 19 9 1 1 0 0 17 12 10 5 376 231 7,684 6,303 02
84 % 73 % 84 % 85 % 90 % 40 % 62 % 47 % 100 % 0 % 71 % 50 % 61 % 82 %