008 0 0 0 0 0 0 0 1 0 0 0 0 0 0 0 0 0 0 0 0 0 0 0 0 0 0 0 1 008
0 % 0 % 0 % 0 % 0 % 0 % 0 % 0 % 0 % 0 % 0 % 0 % 0 % 0 %
YELLOW_CRE 0 0 0 0 1,270 1,001 1,113 879 1 1 1 1 7 5 8 4 0 0 0 0 5 2 2 2 54 40 2,461 1,935 1
0 % 0 % 79 % 79 % 100 % 100 % 71 % 50 % 0 % 0 % 40 % 100 % 74 % 79 %
SHARPTOP 2 1 4 3 1,025 874 945 785 2 2 1 0 10 10 2 2 0 0 0 0 1 0 5 4 28 15 2,025 1,696 10
50 % 75 % 85 % 83 % 100 % 0 % 100 % 100 % 0 % 0 % 0 % 80 % 54 % 84 %
APPALACHIA 6 5 1 1 777 550 675 492 2 1 1 0 9 7 10 7 0 0 1 1 0 0 2 1 27 18 1,511 1,083 11
83 % 100 % 71 % 73 % 50 % 0 % 78 % 70 % 0 % 100 % 0 % 50 % 67 % 72 %
REFUGE 6 3 9 4 976 710 835 591 3 2 1 0 6 3 8 0 0 0 1 1 3 1 0 0 36 18 1,884 1,333 12
50 % 44 % 73 % 71 % 67 % 0 % 50 % 0 % 0 % 100 % 33 % 0 % 50 % 71 %
HILL 1 0 4 2 661 477 601 452 3 1 2 1 9 9 4 3 1 2 2 1 3 1 3 1 47 23 1,341 973 2
0 % 50 % 72 % 75 % 33 % 50 % 100 % 75 % 200 % 50 % 33 % 33 % 49 % 73 %
HINTON 0 0 0 0 308 225 262 199 1 1 0 0 1 0 0 0 0 0 0 0 1 1 0 0 13 6 586 432 3
0 % 0 % 73 % 76 % 100 % 0 % 0 % 0 % 0 % 0 % 100 % 0 % 46 % 74 %
JERUSALEM 1 0 2 0 397 306 370 277 1 0 0 0 4 2 1 1 0 0 0 0 0 0 0 0 11 6 787 592 4
0 % 0 % 77 % 75 % 0 % 0 % 50 % 100 % 0 % 0 % 0 % 0 % 55 % 75 %
LUDVILLE 2 0 2 0 245 168 216 149 1 0 2 2 2 2 1 1 0 0 0 0 1 1 1 1 8 4 481 328 5
0 % 0 % 69 % 69 % 0 % 100 % 100 % 100 % 0 % 0 % 100 % 100 % 50 % 68 %
NELSON 10 7 9 4 556 402 531 392 8 2 2 1 3 2 2 2 0 0 0 0 1 0 2 2 29 19 1,153 833 6
70 % 44 % 72 % 74 % 25 % 50 % 67 % 100 % 0 % 0 % 0 % 100 % 66 % 72 %
TALKING_RO 2 2 3 2 678 483 614 448 0 0 2 0 5 2 3 3 0 0 0 0 2 2 3 1 22 6 1,334 949 7
100 % 67 % 71 % 73 % 0 % 0 % 40 % 100 % 0 % 0 % 100 % 33 % 27 % 71 %
JASPER 24 19 20 11 959 630 703 495 6 4 3 0 12 7 9 6 2 2 0 0 4 1 7 4 41 18 1,790 1,197 8
79 % 55 % 66 % 70 % 67 % 0 % 58 % 67 % 100 % 0 % 25 % 57 % 44 % 67 %
TOWNSEND 9 6 8 4 1,000 684 856 598 0 0 1 2 6 3 4 2 1 1 0 0 2 2 2 1 54 29 1,943 1,332 9
67 % 50 % 68 % 70 % 0 % 200 % 50 % 50 % 100 % 0 % 100 % 50 % 54 % 69 %
TOTALS 63 43 62 31 8,852 6,510 7,721 5,758 28 14 16 7 74 52 52 31 4 5 4 3 23 11 27 17 370 202 17,296 12,684 9
68 % 50 % 74 % 75 % 50 % 44 % 70 % 60 % 125 % 75 % 48 % 63 % 55 % 73 %