HACKLEBARN 311 222 228 136 987 717 860 628 1 1 1 1 3 0 3 1 1 1 0 0 0 0 6 3 181 94 2,582 1,804 0001
71 % 60 % 73 % 73 % 100 % 100 % 0 % 33 % 100 % 0 % 0 % 50 % 52 % 70 %
BLACKSHEAR 59 41 47 26 1,211 835 975 678 2 1 1 0 9 3 5 2 0 0 1 0 3 2 1 0 156 74 2,470 1,662 0002
69 % 55 % 69 % 70 % 50 % 0 % 33 % 40 % 0 % 0 % 67 % 0 % 47 % 67 %
100 0 0 0 1 0 0 0 0 0 0 0 0 0 0 0 0 0 0 0 0 0 0 0 0 0 0 0 1 100
0 % 0 % 0 % 0 % 0 % 0 % 0 % 0 % 0 % 0 % 0 % 0 % 0 % 0 %
200A 0 0 0 0 0 0 0 1 0 0 0 0 0 0 0 0 0 0 0 0 0 0 0 0 0 0 0 1 200A
0 % 0 % 0 % 0 % 0 % 0 % 0 % 0 % 0 % 0 % 0 % 0 % 0 % 0 %
ST_JOHNS/B 9 8 5 4 647 462 551 408 3 2 1 0 2 1 1 0 0 0 0 0 0 1 2 2 75 35 1,296 923 3A
89 % 80 % 71 % 74 % 67 % 0 % 50 % 0 % 0 % 0 % 0 % 100 % 47 % 71 %
OTTER_CREE 15 12 8 5 511 377 439 339 1 0 1 1 3 2 2 1 0 0 0 0 3 0 1 0 52 25 1,036 762 3B
80 % 63 % 74 % 77 % 0 % 100 % 67 % 50 % 0 % 0 % 0 % 0 % 48 % 74 %
300 0 0 0 0 0 0 0 1 0 0 0 0 0 0 0 0 0 0 0 0 0 0 0 0 0 0 0 1 300
0 % 0 % 0 % 0 % 0 % 0 % 0 % 0 % 0 % 0 % 0 % 0 % 0 % 0 %
PATTERSON 84 61 59 34 412 309 355 263 0 1 1 0 3 0 1 0 0 0 0 0 2 2 1 1 61 39 979 710 4A
73 % 58 % 75 % 74 % 0 % 0 % 0 % 0 % 0 % 0 % 100 % 100 % 64 % 73 %
MERSHON 8 5 4 2 162 129 148 117 1 0 0 0 4 1 2 0 0 0 0 0 1 0 0 0 16 8 346 262 4B
63 % 50 % 80 % 79 % 0 % 0 % 25 % 0 % 0 % 0 % 0 % 0 % 50 % 76 %
ALABAHA 13 10 7 5 325 237 317 229 2 1 0 0 5 0 2 0 0 0 0 0 0 0 0 0 40 15 711 497 4C
77 % 71 % 73 % 72 % 50 % 0 % 0 % 0 % 0 % 0 % 0 % 0 % 38 % 70 %
SUNSET/SWE 0 0 1 0 113 96 109 97 0 0 0 0 2 0 2 1 0 0 0 0 0 0 1 1 12 9 240 204 4D
0 % 0 % 85 % 89 % 0 % 0 % 0 % 50 % 0 % 0 % 0 % 100 % 75 % 85 %
TOTALS 499 359 359 213 4,368 3,162 3,754 2,761 10 6 5 2 31 7 18 5 1 1 1 0 9 5 12 7 593 299 9,660 6,827 4D
72 % 59 % 72 % 74 % 60 % 40 % 23 % 28 % 100 % 0 % 56 % 58 % 50 % 71 %