01 0 0 0 0 0 0 0 2 0 0 0 0 0 0 0 0 0 0 0 0 0 0 0 0 0 0 0 2 01
0 % 0 % 0 % 0 % 0 % 0 % 0 % 0 % 0 % 0 % 0 % 0 % 0 % 0 %
0555 0 0 0 0 0 0 0 1 0 0 0 0 0 0 0 0 0 0 0 0 0 0 0 0 0 0 0 1 0555
0 % 0 % 0 % 0 % 0 % 0 % 0 % 0 % 0 % 0 % 0 % 0 % 0 % 0 %
07 0 0 0 0 0 1 0 0 0 0 0 0 0 0 0 0 0 0 0 0 0 0 0 0 0 0 0 1 07
0 % 0 % 0 % 0 % 0 % 0 % 0 % 0 % 0 % 0 % 0 % 0 % 0 % 0 %
09 0 0 0 0 0 0 0 1 0 0 0 0 0 0 0 0 0 0 0 0 0 0 0 0 0 0 0 1 09
0 % 0 % 0 % 0 % 0 % 0 % 0 % 0 % 0 % 0 % 0 % 0 % 0 % 0 %
CONCORD 124 94 111 75 445 355 396 308 0 0 0 0 2 2 2 0 0 0 0 0 2 0 1 1 70 45 1,153 880 1
76 % 68 % 80 % 78 % 0 % 0 % 100 % 0 % 0 % 0 % 0 % 100 % 64 % 76 %
11 0 0 0 0 0 0 0 1 0 0 0 0 0 0 0 0 0 0 0 0 0 0 0 0 0 0 0 1 11
0 % 0 % 0 % 0 % 0 % 0 % 0 % 0 % 0 % 0 % 0 % 0 % 0 % 0 %
12 0 0 0 0 0 1 0 0 0 0 0 0 0 0 0 0 0 0 0 0 0 0 0 0 0 0 0 1 12
0 % 0 % 0 % 0 % 0 % 0 % 0 % 0 % 0 % 0 % 0 % 0 % 0 % 0 %
14 0 0 0 0 0 1 0 1 0 0 0 0 0 0 0 0 0 0 0 0 0 0 0 0 0 0 0 2 14
0 % 0 % 0 % 0 % 0 % 0 % 0 % 0 % 0 % 0 % 0 % 0 % 0 % 0 %
1712A 0 0 0 0 0 0 0 1 0 0 0 0 0 0 0 0 0 0 0 0 0 0 0 0 0 0 0 1 1712A
0 % 0 % 0 % 0 % 0 % 0 % 0 % 0 % 0 % 0 % 0 % 0 % 0 % 0 %
HOLLONVILL 19 17 20 9 628 497 566 451 0 0 1 1 2 2 3 2 0 0 0 0 3 2 2 1 75 49 1,319 1,031 2
89 % 45 % 79 % 80 % 0 % 100 % 100 % 67 % 0 % 0 % 67 % 50 % 65 % 78 %
20 0 0 0 0 0 1 0 0 0 0 0 0 0 0 0 0 0 0 0 0 0 0 0 0 0 0 0 1 20
0 % 0 % 0 % 0 % 0 % 0 % 0 % 0 % 0 % 0 % 0 % 0 % 0 % 0 %
29 0 0 0 0 0 1 0 0 0 0 0 0 0 0 0 0 0 0 0 0 0 0 0 0 0 0 0 1 29
0 % 0 % 0 % 0 % 0 % 0 % 0 % 0 % 0 % 0 % 0 % 0 % 0 % 0 %
MEANSVILLE 48 39 44 27 461 372 431 340 1 0 2 1 1 1 1 1 0 0 0 0 4 2 2 2 62 39 1,057 824 3
81 % 61 % 81 % 79 % 0 % 50 % 100 % 100 % 0 % 0 % 50 % 100 % 63 % 78 %
34 0 0 0 0 0 1 0 1 0 0 0 0 0 0 0 0 0 0 0 0 0 0 0 0 0 0 0 2 34
0 % 0 % 0 % 0 % 0 % 0 % 0 % 0 % 0 % 0 % 0 % 0 % 0 % 0 %
MOLENA 86 67 53 38 483 352 473 336 1 1 0 0 2 2 5 4 0 0 1 1 4 4 1 1 72 44 1,181 850 4
78 % 72 % 73 % 71 % 100 % 0 % 100 % 80 % 0 % 100 % 100 % 100 % 61 % 72 %
SECOND_DIS 62 48 55 39 945 756 844 667 9 6 2 0 1 0 1 1 0 0 0 0 6 2 4 1 112 77 2,041 1,597 5
77 % 71 % 80 % 79 % 67 % 0 % 0 % 100 % 0 % 0 % 33 % 25 % 69 % 78 %
5610 0 1 0 0 0 0 0 0 0 0 0 0 0 0 0 0 0 0 0 0 0 0 0 0 0 0 0 1 5610
0 % 0 % 0 % 0 % 0 % 0 % 0 % 0 % 0 % 0 % 0 % 0 % 0 % 0 %
57 0 0 0 0 0 1 0 1 0 0 0 0 0 0 0 0 0 0 0 0 0 0 0 0 0 0 0 2 57
0 % 0 % 0 % 0 % 0 % 0 % 0 % 0 % 0 % 0 % 0 % 0 % 0 % 0 %
LIFSEY_SPR 35 32 39 23 403 329 376 289 2 2 2 1 3 2 1 1 0 0 0 0 1 1 1 1 56 37 919 718 6
91 % 59 % 82 % 77 % 100 % 50 % 67 % 100 % 0 % 0 % 100 % 100 % 66 % 78 %
WILLIAMSON 31 24 19 12 560 449 542 419 1 1 1 1 3 2 1 0 1 0 0 0 3 3 2 0 75 52 1,239 963 7
77 % 63 % 80 % 77 % 100 % 100 % 67 % 0 % 0 % 0 % 100 % 0 % 69 % 78 %
ZEBULON 189 152 158 104 665 513 602 452 2 2 1 1 2 1 3 3 0 0 0 0 4 3 2 1 100 55 1,728 1,287 8
80 % 66 % 77 % 75 % 100 % 100 % 50 % 100 % 0 % 0 % 75 % 50 % 55 % 74 %
TOTALS 594 474 499 327 4,590 3,630 4,230 3,271 16 12 9 5 16 12 17 12 1 0 1 1 27 17 15 8 622 398 10,637 8,167 8
80 % 66 % 79 % 77 % 75 % 56 % 75 % 71 % 0 % 100 % 63 % 53 % 64 % 77 %