HL01 0 1 0 0 0 0 0 0 0 0 0 0 0 0 0 0 0 0 0 0 0 0 0 0 0 0 0 1 HL01
0 % 0 % 0 % 0 % 0 % 0 % 0 % 0 % 0 % 0 % 0 % 0 % 0 % 0 %
LM03 0 0 0 0 0 1 0 0 0 0 0 0 0 0 0 0 0 0 0 0 0 0 0 0 0 0 0 1 LM03
0 % 0 % 0 % 0 % 0 % 0 % 0 % 0 % 0 % 0 % 0 % 0 % 0 % 0 %
ARAGON 118 88 80 50 1,076 762 1,029 702 1 0 0 0 3 3 7 5 0 0 1 0 4 3 4 2 60 41 2,383 1,656 01
75 % 63 % 71 % 68 % 0 % 0 % 100 % 71 % 0 % 0 % 75 % 50 % 68 % 69 %
BLOOMING_G 73 48 60 36 654 460 585 396 2 2 0 0 7 3 11 4 0 0 0 0 2 0 3 2 17 13 1,414 964 02
66 % 60 % 70 % 68 % 100 % 0 % 43 % 36 % 0 % 0 % 0 % 67 % 76 % 68 %
CEDARTOWN 578 396 340 196 2,184 1,535 1,697 1,244 9 5 8 5 86 32 96 34 1 1 0 0 11 6 8 2 117 76 5,135 3,532 03
69 % 58 % 70 % 73 % 56 % 63 % 37 % 35 % 100 % 0 % 55 % 25 % 65 % 69 %
FISH_CREEK 93 71 57 40 962 691 883 650 3 3 2 1 6 3 4 3 0 0 0 0 2 1 2 0 50 40 2,064 1,503 04
76 % 70 % 72 % 74 % 100 % 50 % 50 % 75 % 0 % 0 % 50 % 0 % 80 % 73 %
LAKE_CREEK 70 47 65 40 1,066 733 1,022 697 3 3 0 0 7 4 18 10 0 0 0 0 5 3 4 3 50 33 2,310 1,573 05
67 % 62 % 69 % 68 % 100 % 0 % 57 % 56 % 0 % 0 % 60 % 75 % 66 % 68 %
ROCKMART 406 322 261 178 1,892 1,360 1,620 1,198 7 5 3 2 13 5 6 4 1 0 0 0 13 7 4 0 135 84 4,361 3,165 06
79 % 68 % 72 % 74 % 71 % 67 % 38 % 67 % 0 % 0 % 54 % 0 % 62 % 73 %
YOUNGS_GRO 36 24 20 14 727 534 729 499 2 2 0 0 9 3 4 1 0 0 0 0 1 1 1 1 38 26 1,567 1,105 07
67 % 70 % 73 % 68 % 100 % 0 % 33 % 25 % 0 % 0 % 100 % 100 % 68 % 71 %
08 0 0 0 0 0 0 0 1 0 0 0 0 0 0 0 0 0 0 0 0 0 0 0 0 0 0 0 1 08
0 % 0 % 0 % 0 % 0 % 0 % 0 % 0 % 0 % 0 % 0 % 0 % 0 % 0 %
08B 0 0 0 0 0 2 0 1 0 0 0 0 0 0 0 0 0 0 0 0 0 0 0 0 0 0 0 3 08B
0 % 0 % 0 % 0 % 0 % 0 % 0 % 0 % 0 % 0 % 0 % 0 % 0 % 0 %
09B 0 0 0 0 0 0 0 1 0 0 0 0 0 0 0 0 0 0 0 0 0 0 0 0 0 0 0 1 09B
0 % 0 % 0 % 0 % 0 % 0 % 0 % 0 % 0 % 0 % 0 % 0 % 0 % 0 %
10 0 1 0 0 0 1 0 0 0 0 0 0 0 0 0 0 0 0 0 0 0 0 0 0 0 0 0 2 10
0 % 0 % 0 % 0 % 0 % 0 % 0 % 0 % 0 % 0 % 0 % 0 % 0 % 0 %
1056 0 0 0 0 0 0 0 1 0 0 0 0 0 0 0 0 0 0 0 0 0 0 0 0 0 0 0 1 1056
0 % 0 % 0 % 0 % 0 % 0 % 0 % 0 % 0 % 0 % 0 % 0 % 0 % 0 %
12 0 0 0 0 0 0 0 1 0 0 0 0 0 0 0 0 0 0 0 0 0 0 0 0 0 0 0 1 12
0 % 0 % 0 % 0 % 0 % 0 % 0 % 0 % 0 % 0 % 0 % 0 % 0 % 0 %
135 0 0 0 0 0 0 0 1 0 0 0 0 0 0 0 0 0 0 0 0 0 0 0 0 0 0 0 1 135
0 % 0 % 0 % 0 % 0 % 0 % 0 % 0 % 0 % 0 % 0 % 0 % 0 % 0 %
14 0 0 0 0 0 1 0 1 0 0 0 0 0 0 0 0 0 0 0 0 0 0 0 0 0 0 0 2 14
0 % 0 % 0 % 0 % 0 % 0 % 0 % 0 % 0 % 0 % 0 % 0 % 0 % 0 %
849-A 0 0 0 0 0 0 0 1 0 0 0 0 0 0 0 0 0 0 0 0 0 0 0 0 0 0 0 1 849-A
0 % 0 % 0 % 0 % 0 % 0 % 0 % 0 % 0 % 0 % 0 % 0 % 0 % 0 %
TOTALS 1,374 998 883 554 8,561 6,080 7,565 5,394 27 20 13 8 131 53 146 61 2 1 1 0 38 21 26 10 467 313 19,234 13,513 849-A
73 % 63 % 71 % 71 % 74 % 62 % 40 % 42 % 50 % 0 % 55 % 38 % 67 % 70 %