CORDE 0 1 0 0 0 0 0 0 0 0 0 0 0 0 0 0 0 0 0 0 0 0 0 0 0 0 0 1 CORDE
0 % 0 % 0 % 0 % 0 % 0 % 0 % 0 % 0 % 0 % 0 % 0 % 0 % 0 %
EAST_PRECI 101 74 67 46 337 230 336 238 2 1 0 0 2 1 6 0 0 0 0 0 0 0 2 2 7 4 860 596 EAST
73 % 69 % 68 % 71 % 50 % 0 % 50 % 0 % 0 % 0 % 0 % 100 % 57 % 69 %
FMMS 0 0 0 0 0 2 0 0 0 0 0 0 0 0 0 0 0 0 0 0 0 0 0 0 0 0 0 2 FMMS
0 % 0 % 0 % 0 % 0 % 0 % 0 % 0 % 0 % 0 % 0 % 0 % 0 % 0 %
NORTH_PREC 472 352 324 206 688 505 617 459 5 4 6 4 3 1 1 0 0 0 0 0 3 2 2 2 47 19 2,168 1,554 NORTH
75 % 64 % 73 % 74 % 80 % 67 % 33 % 0 % 0 % 0 % 67 % 100 % 40 % 72 %
SOUTH_PREC 268 183 185 102 887 635 780 592 3 2 3 3 5 4 3 1 0 0 0 0 3 2 7 3 36 21 2,180 1,548 SOUTH
68 % 55 % 72 % 76 % 67 % 100 % 80 % 33 % 0 % 0 % 67 % 43 % 58 % 71 %
02 0 0 0 0 0 0 0 1 0 0 0 0 0 0 0 0 0 0 0 0 0 0 0 0 0 0 0 1 02
0 % 0 % 0 % 0 % 0 % 0 % 0 % 0 % 0 % 0 % 0 % 0 % 0 % 0 %
8 0 0 0 0 0 1 0 0 0 0 0 0 0 0 0 0 0 0 0 0 0 0 0 0 0 0 0 1 8
0 % 0 % 0 % 0 % 0 % 0 % 0 % 0 % 0 % 0 % 0 % 0 % 0 % 0 %
TOTALS 841 610 576 354 1,912 1,373 1,733 1,290 10 7 9 7 10 6 10 1 0 0 0 0 6 4 11 7 90 44 5,208 3,703 8
73 % 61 % 72 % 74 % 70 % 78 % 60 % 10 % 0 % 0 % 67 % 64 % 49 % 71 %