B2 0 0 0 0 0 1 0 0 0 0 0 0 0 0 0 0 0 0 0 0 0 0 0 0 0 0 0 1 B2
0 % 0 % 0 % 0 % 0 % 0 % 0 % 0 % 0 % 0 % 0 % 0 % 0 % 0 %
F1 0 1 0 0 0 0 0 0 0 0 0 0 0 0 0 0 0 0 0 0 0 0 0 0 0 0 0 1 F1
0 % 0 % 0 % 0 % 0 % 0 % 0 % 0 % 0 % 0 % 0 % 0 % 0 % 0 %
HO3 0 0 0 0 0 1 0 0 0 0 0 0 0 0 0 0 0 0 0 0 0 0 0 0 0 0 0 1 HO3
0 % 0 % 0 % 0 % 0 % 0 % 0 % 0 % 0 % 0 % 0 % 0 % 0 % 0 %
SM01 0 0 0 0 0 1 0 1 0 0 0 0 0 0 0 0 0 0 0 0 0 0 0 0 0 0 0 2 SM01
0 % 0 % 0 % 0 % 0 % 0 % 0 % 0 % 0 % 0 % 0 % 0 % 0 % 0 %
VV6 0 0 0 1 0 0 0 0 0 0 0 0 0 0 0 0 0 0 0 0 0 0 0 0 0 0 0 1 VV6
0 % 0 % 0 % 0 % 0 % 0 % 0 % 0 % 0 % 0 % 0 % 0 % 0 % 0 %
001 0 1 0 0 0 0 0 0 0 0 0 0 0 0 0 0 0 0 0 0 0 0 0 0 0 0 0 1 001
0 % 0 % 0 % 0 % 0 % 0 % 0 % 0 % 0 % 0 % 0 % 0 % 0 % 0 %
02 0 0 0 0 0 1 0 0 0 0 0 0 0 0 0 0 0 0 0 0 0 0 0 0 0 0 0 1 02
0 % 0 % 0 % 0 % 0 % 0 % 0 % 0 % 0 % 0 % 0 % 0 % 0 % 0 %
06 0 0 0 0 0 0 0 1 0 0 0 0 0 0 0 0 0 0 0 0 0 0 0 0 0 0 0 1 06
0 % 0 % 0 % 0 % 0 % 0 % 0 % 0 % 0 % 0 % 0 % 0 % 0 % 0 %
07 0 0 0 0 0 1 0 0 0 0 0 0 0 0 0 0 0 0 0 0 0 0 0 0 0 0 0 1 07
0 % 0 % 0 % 0 % 0 % 0 % 0 % 0 % 0 % 0 % 0 % 0 % 0 % 0 %
1 0 1 0 0 0 0 0 0 0 0 0 0 0 0 0 0 0 0 0 0 0 0 0 0 0 0 0 1 1
0 % 0 % 0 % 0 % 0 % 0 % 0 % 0 % 0 % 0 % 0 % 0 % 0 % 0 %
101 262 211 168 106 548 460 477 382 1 0 1 0 11 5 5 3 0 0 0 0 1 1 5 1 55 24 1,534 1,193 101
81 % 63 % 84 % 80 % 0 % 0 % 45 % 60 % 0 % 0 % 100 % 20 % 44 % 78 %
102 340 296 241 179 147 123 145 118 3 2 3 1 1 1 2 1 0 0 0 0 1 0 3 0 21 16 907 737 102
87 % 74 % 84 % 81 % 67 % 33 % 100 % 50 % 0 % 0 % 0 % 0 % 76 % 81 %
103 144 122 110 82 497 408 400 312 3 2 10 4 3 2 3 2 0 0 0 0 1 1 4 3 42 27 1,217 965 103
85 % 75 % 82 % 78 % 67 % 40 % 67 % 67 % 0 % 0 % 100 % 75 % 64 % 79 %
104 599 510 410 288 167 140 133 121 1 0 0 0 0 0 1 0 0 0 0 0 1 0 0 0 34 20 1,346 1,079 104
85 % 70 % 84 % 91 % 0 % 0 % 0 % 0 % 0 % 0 % 0 % 0 % 59 % 80 %
105 46 36 26 21 1,191 1,049 1,102 966 5 5 2 1 6 7 6 4 0 0 1 1 5 3 9 5 113 84 2,512 2,182 105
78 % 81 % 88 % 88 % 100 % 50 % 117 % 67 % 0 % 100 % 60 % 56 % 74 % 87 %
106 16 12 14 10 464 364 417 340 2 2 0 0 1 0 0 0 0 0 0 0 1 1 0 0 25 18 940 747 106
75 % 71 % 78 % 82 % 100 % 0 % 0 % 0 % 0 % 0 % 100 % 0 % 72 % 79 %
107 77 64 47 35 688 593 665 538 2 1 3 1 4 1 8 5 0 0 0 0 3 2 1 1 42 26 1,540 1,267 107
83 % 74 % 86 % 81 % 50 % 33 % 25 % 63 % 0 % 0 % 67 % 100 % 62 % 82 %
108 54 49 34 23 644 525 560 455 3 2 3 1 5 1 6 4 0 0 0 0 0 0 3 1 31 21 1,343 1,082 108
91 % 68 % 82 % 81 % 67 % 33 % 20 % 67 % 0 % 0 % 0 % 33 % 68 % 81 %
3C 0 0 0 1 0 0 0 0 0 0 0 0 0 0 0 0 0 0 0 0 0 0 0 0 0 0 0 1 3C
0 % 0 % 0 % 0 % 0 % 0 % 0 % 0 % 0 % 0 % 0 % 0 % 0 % 0 %
TOTALS 1,538 1,303 1,050 746 4,346 3,667 3,899 3,234 20 14 22 8 31 17 31 19 0 0 1 1 13 8 25 11 363 236 11,339 9,264 3C
85 % 71 % 84 % 83 % 70 % 36 % 55 % 61 % 0 % 100 % 62 % 44 % 65 % 82 %