COLEMAN 55 39 33 24 59 44 63 46 0 0 0 0 0 0 0 0 0 0 0 0 0 0 0 0 7 4 217 157 131
71 % 73 % 75 % 73 % 0 % 0 % 0 % 0 % 0 % 0 % 0 % 0 % 57 % 72 %
SHELLMAN 243 211 159 100 134 105 102 86 0 0 0 0 0 0 0 0 0 0 0 0 0 0 0 0 6 6 644 508 334
87 % 63 % 78 % 84 % 0 % 0 % 0 % 0 % 0 % 0 % 0 % 0 % 100 % 79 %
BENEVOLENC 62 48 37 25 112 81 112 89 0 0 0 0 0 0 0 0 0 0 0 0 1 1 0 0 8 3 332 247 566
77 % 68 % 72 % 79 % 0 % 0 % 0 % 0 % 0 % 0 % 100 % 0 % 38 % 74 %
CUTHBERT/C 679 444 444 250 342 229 298 183 2 1 2 0 1 1 0 0 0 0 0 0 4 3 3 1 23 11 1,798 1,123 718A
65 % 56 % 67 % 61 % 50 % 0 % 100 % 0 % 0 % 0 % 75 % 33 % 48 % 62 %
CUTHBERT 219 170 110 73 5 2 2 1 0 0 0 0 0 0 0 0 0 0 0 0 0 0 1 0 6 3 343 249 718B
78 % 66 % 40 % 50 % 0 % 0 % 0 % 0 % 0 % 0 % 0 % 0 % 50 % 73 %
CARNEGIE 18 12 13 6 123 105 129 113 0 0 0 0 0 0 0 0 0 0 0 0 0 0 0 0 5 2 288 238 934
67 % 46 % 85 % 88 % 0 % 0 % 0 % 0 % 0 % 0 % 0 % 0 % 40 % 83 %
FOUNTAIN_B 7 6 10 5 40 31 40 36 0 0 0 0 0 0 0 0 0 0 0 0 0 0 0 0 1 1 98 79 947
86 % 50 % 78 % 90 % 0 % 0 % 0 % 0 % 0 % 0 % 0 % 0 % 100 % 81 %
SPRINGVALE 91 73 60 44 40 30 41 36 0 0 0 0 0 0 1 1 0 0 0 0 0 0 0 0 2 2 235 186 954
80 % 73 % 75 % 88 % 0 % 0 % 0 % 100 % 0 % 0 % 0 % 0 % 100 % 79 %
4TH_DISTRI 10 3 7 5 45 32 34 27 0 0 0 0 0 0 0 0 0 0 0 0 0 0 0 0 2 2 98 69 998
30 % 71 % 71 % 79 % 0 % 0 % 0 % 0 % 0 % 0 % 0 % 0 % 100 % 70 %
TOTALS 1,384 1,006 873 532 900 659 821 617 2 1 2 0 1 1 1 1 0 0 0 0 5 4 4 1 60 34 4,053 2,856 998
73 % 61 % 73 % 75 % 50 % 0 % 100 % 100 % 0 % 0 % 80 % 25 % 57 % 70 %