F3 0 1 0 0 0 0 0 0 0 0 0 0 0 0 0 0 0 0 0 0 0 0 0 0 0 0 0 1 F3
0 % 0 % 0 % 0 % 0 % 0 % 0 % 0 % 0 % 0 % 0 % 0 % 0 % 0 %
0006 0 0 0 0 0 1 0 0 0 0 0 0 0 0 0 0 0 0 0 0 0 0 0 0 0 0 0 1 0006
0 % 0 % 0 % 0 % 0 % 0 % 0 % 0 % 0 % 0 % 0 % 0 % 0 % 0 %
0014 0 1 0 0 0 0 0 0 0 0 0 0 0 0 0 0 0 0 0 0 0 0 0 0 0 0 0 1 0014
0 % 0 % 0 % 0 % 0 % 0 % 0 % 0 % 0 % 0 % 0 % 0 % 0 % 0 %
015 0 1 0 0 0 0 0 0 0 0 0 0 0 0 0 0 0 0 0 0 0 0 0 0 0 0 0 1 015
0 % 0 % 0 % 0 % 0 % 0 % 0 % 0 % 0 % 0 % 0 % 0 % 0 % 0 %
025 0 0 0 0 0 0 0 1 0 0 0 0 0 0 0 0 0 0 0 0 0 0 0 0 0 0 0 1 025
0 % 0 % 0 % 0 % 0 % 0 % 0 % 0 % 0 % 0 % 0 % 0 % 0 % 0 %
075 0 0 0 0 0 0 0 1 0 0 0 0 0 0 0 0 0 0 0 0 0 0 0 0 0 0 0 1 075
0 % 0 % 0 % 0 % 0 % 0 % 0 % 0 % 0 % 0 % 0 % 0 % 0 % 0 %
1 0 1 0 0 0 0 0 0 0 0 0 0 0 0 0 0 0 0 0 0 0 0 0 0 0 0 0 1 1
0 % 0 % 0 % 0 % 0 % 0 % 0 % 0 % 0 % 0 % 0 % 0 % 0 % 0 %
101 87 64 61 39 289 219 242 180 3 2 1 1 2 1 1 0 0 0 0 0 1 1 0 0 61 35 748 542 101
74 % 64 % 76 % 74 % 67 % 100 % 50 % 0 % 0 % 0 % 100 % 0 % 57 % 72 %
102 250 163 206 115 201 120 172 111 4 2 1 0 2 0 3 2 0 0 0 0 6 3 3 3 87 43 935 562 102
65 % 56 % 60 % 65 % 50 % 0 % 0 % 67 % 0 % 0 % 50 % 100 % 49 % 60 %
103 723 548 501 304 7 3 7 2 1 0 0 0 0 0 2 1 0 0 0 0 5 4 0 0 71 38 1,317 900 103
76 % 61 % 43 % 29 % 0 % 0 % 0 % 50 % 0 % 0 % 80 % 0 % 54 % 68 %
104 1,345 1,057 821 559 66 50 53 51 0 0 0 0 6 4 1 0 2 2 0 0 5 4 2 1 149 89 2,450 1,817 104
79 % 68 % 76 % 96 % 0 % 0 % 67 % 0 % 100 % 0 % 80 % 50 % 60 % 74 %
105 167 159 119 82 5 2 1 0 0 0 0 0 0 0 0 0 0 0 1 1 1 1 2 1 15 11 311 257 105
95 % 69 % 40 % 0 % 0 % 0 % 0 % 0 % 0 % 100 % 100 % 50 % 73 % 83 %
106 322 202 172 83 158 87 124 82 0 0 0 0 2 0 1 0 1 1 1 0 3 1 5 3 77 41 866 500 106
63 % 48 % 55 % 66 % 0 % 0 % 0 % 0 % 100 % 0 % 33 % 60 % 53 % 58 %
107 324 232 236 164 516 412 428 359 5 4 3 1 3 1 5 2 0 0 0 0 9 6 6 4 99 74 1,634 1,259 107
72 % 69 % 80 % 84 % 80 % 33 % 33 % 40 % 0 % 0 % 67 % 67 % 75 % 77 %
108 237 193 142 102 48 38 30 22 1 0 1 1 1 0 1 0 0 0 0 0 0 0 2 1 46 24 509 381 108
81 % 72 % 79 % 73 % 0 % 100 % 0 % 0 % 0 % 0 % 0 % 50 % 52 % 75 %
109 357 271 271 169 151 99 145 108 1 1 1 1 3 2 5 1 0 0 0 0 5 4 4 3 93 55 1,036 714 109
76 % 62 % 66 % 74 % 100 % 100 % 67 % 20 % 0 % 0 % 80 % 75 % 59 % 69 %
110 108 78 92 47 38 17 25 14 0 0 4 0 1 1 0 0 0 0 0 0 1 2 1 1 26 20 296 180 110
72 % 51 % 45 % 56 % 0 % 0 % 100 % 0 % 0 % 0 % 200 % 100 % 77 % 61 %
111 404 236 233 115 173 105 134 86 1 1 1 1 5 1 6 2 0 0 0 0 9 4 2 0 62 37 1,030 588 111
58 % 49 % 61 % 64 % 100 % 100 % 20 % 33 % 0 % 0 % 44 % 0 % 60 % 57 %
112 134 93 160 87 221 149 196 130 1 1 2 0 4 3 3 2 0 0 1 0 6 4 1 0 61 38 790 507 112
69 % 54 % 67 % 66 % 100 % 0 % 75 % 67 % 0 % 0 % 67 % 0 % 62 % 64 %
113 669 492 378 252 34 27 17 11 1 1 0 0 0 0 1 0 0 0 0 0 8 4 0 0 59 36 1,167 823 113
74 % 67 % 79 % 65 % 100 % 0 % 0 % 0 % 0 % 0 % 50 % 0 % 61 % 71 %
114 354 268 237 166 58 36 40 25 0 0 1 0 0 0 2 0 0 0 0 0 2 1 3 3 60 27 757 526 114
76 % 70 % 62 % 63 % 0 % 0 % 0 % 0 % 0 % 0 % 50 % 100 % 45 % 69 %
115 99 71 53 28 98 57 73 52 1 0 0 0 2 1 0 0 0 0 1 1 3 0 0 0 26 11 356 221 115
72 % 53 % 58 % 71 % 0 % 0 % 50 % 0 % 0 % 100 % 0 % 0 % 42 % 62 %
189 0 0 0 0 0 1 0 0 0 0 0 0 0 0 0 0 0 0 0 0 0 0 0 0 0 0 0 1 189
0 % 0 % 0 % 0 % 0 % 0 % 0 % 0 % 0 % 0 % 0 % 0 % 0 % 0 %
201 660 533 382 259 47 34 26 14 1 1 1 1 1 0 1 1 0 0 0 0 2 1 5 1 87 38 1,213 883 201
81 % 68 % 72 % 54 % 100 % 100 % 0 % 100 % 0 % 0 % 50 % 20 % 44 % 73 %
202 1,039 779 576 337 373 255 337 230 7 3 4 0 21 13 10 6 1 0 0 0 8 4 3 2 212 106 2,591 1,735 202
75 % 59 % 68 % 68 % 43 % 0 % 62 % 60 % 0 % 0 % 50 % 67 % 50 % 67 %
203 515 408 401 251 6 3 5 3 1 0 0 0 0 0 1 0 0 0 0 0 1 1 2 0 43 15 975 681 203
79 % 63 % 50 % 60 % 0 % 0 % 0 % 0 % 0 % 0 % 100 % 0 % 35 % 70 %
204 46 34 50 32 309 224 239 180 1 0 3 1 3 1 3 2 0 0 0 0 5 4 2 1 58 44 719 523 204
74 % 64 % 72 % 75 % 0 % 33 % 33 % 67 % 0 % 0 % 80 % 50 % 76 % 73 %
205 215 164 140 94 272 196 221 159 5 3 1 0 2 0 3 1 0 0 0 0 6 7 3 3 63 37 931 664 205
76 % 67 % 72 % 72 % 60 % 0 % 0 % 33 % 0 % 0 % 117 % 100 % 59 % 71 %
206 89 76 69 42 187 147 178 136 3 2 1 1 2 2 3 1 0 0 0 0 5 3 3 1 54 33 594 444 206
85 % 61 % 79 % 76 % 67 % 100 % 100 % 33 % 0 % 0 % 60 % 33 % 61 % 75 %
207 861 649 543 366 5 2 5 2 1 1 0 0 3 2 0 0 0 0 0 0 3 2 3 1 84 51 1,508 1,076 207
75 % 67 % 40 % 40 % 100 % 0 % 67 % 0 % 0 % 0 % 67 % 33 % 61 % 71 %
208 849 678 533 358 243 173 209 131 5 4 4 1 9 7 2 2 0 0 0 0 11 8 4 2 159 96 2,028 1,460 208
80 % 67 % 71 % 63 % 80 % 25 % 78 % 100 % 0 % 0 % 73 % 50 % 60 % 72 %
209 356 269 262 165 139 91 123 77 2 1 0 0 1 1 1 0 0 0 0 0 8 3 2 0 59 29 953 636 209
76 % 63 % 65 % 63 % 50 % 0 % 100 % 0 % 0 % 0 % 38 % 0 % 49 % 67 %
210 739 575 400 275 156 110 108 70 3 1 0 0 11 6 10 5 0 0 1 1 13 7 4 4 109 62 1,554 1,116 210
78 % 69 % 71 % 65 % 33 % 0 % 55 % 50 % 0 % 100 % 54 % 100 % 57 % 72 %
301 241 190 155 107 943 778 813 671 5 2 7 3 11 6 10 9 0 0 0 0 8 7 7 7 143 100 2,343 1,880 301
79 % 69 % 83 % 83 % 40 % 43 % 55 % 90 % 0 % 0 % 88 % 100 % 70 % 80 %
302 335 229 223 129 112 83 84 61 2 2 3 2 7 2 5 2 0 0 0 0 5 1 4 2 88 43 868 556 302
68 % 58 % 74 % 73 % 100 % 67 % 29 % 40 % 0 % 0 % 20 % 50 % 49 % 64 %
303 41 36 28 13 621 524 480 415 3 3 1 0 4 2 3 2 0 0 0 0 1 0 0 0 81 51 1,263 1,046 303
88 % 46 % 84 % 86 % 100 % 0 % 50 % 67 % 0 % 0 % 0 % 0 % 63 % 83 %
304 13 11 9 6 144 118 130 116 1 1 1 1 1 1 2 2 0 0 0 0 4 1 1 1 25 16 331 274 304
85 % 67 % 82 % 89 % 100 % 100 % 100 % 100 % 0 % 0 % 25 % 100 % 64 % 83 %
305 7 7 10 8 195 172 186 163 0 0 0 0 2 2 2 2 0 0 0 0 3 2 1 1 23 14 429 371 305
100 % 80 % 88 % 88 % 0 % 0 % 100 % 100 % 0 % 0 % 67 % 100 % 61 % 86 %
306 738 609 449 326 879 628 592 386 25 8 12 4 22 12 22 10 1 0 0 0 20 10 11 7 324 191 3,095 2,191 306
83 % 73 % 71 % 65 % 32 % 33 % 55 % 45 % 0 % 0 % 50 % 64 % 59 % 71 %
307 104 95 87 63 582 486 511 421 7 6 2 2 5 4 4 3 0 0 0 0 7 6 4 4 101 66 1,414 1,156 307
91 % 72 % 84 % 82 % 86 % 100 % 80 % 75 % 0 % 0 % 86 % 100 % 65 % 82 %
308 80 63 52 36 114 78 84 55 3 1 3 0 3 1 4 1 0 0 0 0 3 2 3 2 50 29 399 268 308
79 % 69 % 68 % 65 % 33 % 0 % 33 % 25 % 0 % 0 % 67 % 67 % 58 % 67 %
310 1,570 1,370 1,224 963 552 360 521 345 44 23 32 18 50 28 30 14 1 0 0 0 34 22 18 10 468 311 4,544 3,464 310
87 % 79 % 65 % 66 % 52 % 56 % 56 % 47 % 0 % 0 % 65 % 56 % 66 % 76 %
401 813 686 625 478 59 35 33 19 8 3 1 2 18 12 11 6 0 0 0 0 13 8 9 4 126 80 1,716 1,333 401
84 % 76 % 59 % 58 % 38 % 200 % 67 % 55 % 0 % 0 % 62 % 44 % 63 % 78 %
402 1,349 959 748 448 217 78 144 54 9 4 5 2 41 11 16 5 0 0 1 0 17 7 4 2 269 131 2,820 1,701 402
71 % 60 % 36 % 38 % 44 % 40 % 27 % 31 % 0 % 0 % 41 % 50 % 49 % 60 %
403 0 0 0 1 0 0 0 0 0 0 0 0 0 0 0 0 0 0 0 0 0 0 0 0 0 0 0 1 403
0 % 0 % 0 % 0 % 0 % 0 % 0 % 0 % 0 % 0 % 0 % 0 % 0 % 0 %
404 1,306 1,089 935 685 188 127 163 119 32 22 9 3 23 10 15 10 0 0 0 0 32 17 19 13 204 130 2,926 2,225 404
83 % 73 % 68 % 73 % 69 % 33 % 43 % 67 % 0 % 0 % 53 % 68 % 64 % 76 %
405 826 700 658 520 62 42 42 27 10 4 3 0 11 4 11 5 1 1 1 1 18 10 6 1 150 92 1,799 1,407 405
85 % 79 % 68 % 64 % 40 % 0 % 36 % 45 % 100 % 100 % 56 % 17 % 61 % 78 %
406 949 802 765 586 61 42 48 35 18 13 7 3 16 9 13 8 0 0 2 2 26 14 14 10 150 106 2,069 1,630 406
85 % 77 % 69 % 73 % 72 % 43 % 56 % 62 % 0 % 100 % 54 % 71 % 71 % 79 %
407 5 0 8 2 8 2 11 3 1 0 2 0 0 0 2 1 0 0 0 0 1 1 1 0 6 2 45 11 407
0 % 25 % 25 % 27 % 0 % 0 % 0 % 50 % 0 % 0 % 100 % 0 % 33 % 24 %
408 196 158 138 95 24 16 26 18 2 0 1 1 4 4 7 4 0 0 0 0 4 4 2 1 39 24 443 325 408
81 % 69 % 67 % 69 % 0 % 100 % 100 % 57 % 0 % 0 % 100 % 50 % 62 % 73 %
5-11C 0 1 0 0 0 0 0 0 0 0 0 0 0 0 0 0 0 0 0 0 0 0 0 0 0 0 0 1 5-11C
0 % 0 % 0 % 0 % 0 % 0 % 0 % 0 % 0 % 0 % 0 % 0 % 0 % 0 %
501 633 519 448 315 108 80 81 62 6 3 4 1 8 3 4 2 0 0 1 0 10 6 4 1 70 45 1,377 1,037 501
82 % 70 % 74 % 77 % 50 % 25 % 38 % 50 % 0 % 0 % 60 % 25 % 64 % 75 %
502 1,060 866 779 563 124 85 106 62 7 4 2 1 9 6 9 7 0 0 0 0 11 6 10 8 137 87 2,254 1,695 502
82 % 72 % 69 % 58 % 57 % 50 % 67 % 78 % 0 % 0 % 55 % 80 % 64 % 75 %
503 1,419 1,180 964 703 375 260 269 178 15 7 4 1 20 9 14 6 1 0 0 0 13 9 10 5 213 123 3,317 2,481 503
83 % 73 % 69 % 66 % 47 % 25 % 45 % 43 % 0 % 0 % 69 % 50 % 58 % 75 %
504 239 195 144 106 142 97 117 86 3 1 3 0 3 2 6 3 0 0 0 0 8 7 1 0 51 31 717 528 504
82 % 74 % 68 % 74 % 33 % 0 % 67 % 50 % 0 % 0 % 88 % 0 % 61 % 74 %
505 644 533 458 336 43 26 34 21 3 2 2 0 5 4 6 3 0 0 0 0 11 9 1 1 104 67 1,311 1,002 505
83 % 73 % 60 % 62 % 67 % 0 % 80 % 50 % 0 % 0 % 82 % 100 % 64 % 76 %
506 145 111 70 45 65 48 56 37 1 1 0 0 1 1 1 0 0 0 1 1 8 3 1 0 33 19 382 266 506
77 % 64 % 74 % 66 % 100 % 0 % 100 % 0 % 0 % 100 % 38 % 0 % 58 % 70 %
507 258 208 147 96 162 103 130 78 5 4 1 1 6 3 6 3 0 0 0 0 8 5 6 4 75 38 804 543 507
81 % 65 % 64 % 60 % 80 % 100 % 50 % 50 % 0 % 0 % 63 % 67 % 51 % 68 %
508 316 229 204 125 208 125 157 87 1 0 2 0 6 2 3 0 0 0 0 0 6 1 4 0 89 50 996 619 508
72 % 61 % 60 % 55 % 0 % 0 % 33 % 0 % 0 % 0 % 17 % 0 % 56 % 62 %
509 770 654 571 425 114 78 103 77 8 8 6 5 17 15 13 8 1 0 0 0 24 12 11 7 122 80 1,760 1,369 509
85 % 74 % 68 % 75 % 100 % 83 % 88 % 62 % 0 % 0 % 50 % 64 % 66 % 78 %
510 684 560 470 320 76 50 59 36 5 2 3 2 6 1 2 1 0 0 0 0 16 9 7 7 90 48 1,418 1,036 510
82 % 68 % 66 % 61 % 40 % 67 % 17 % 50 % 0 % 0 % 56 % 100 % 53 % 73 %
601 953 729 703 475 466 285 402 242 18 6 16 9 28 16 15 7 1 0 1 0 13 7 13 8 215 113 2,844 1,897 601
76 % 68 % 61 % 60 % 33 % 56 % 57 % 47 % 0 % 0 % 54 % 62 % 53 % 67 %
602 204 155 139 73 402 322 346 276 5 4 5 5 5 4 6 4 1 1 0 0 12 8 2 2 79 48 1,206 902 602
76 % 53 % 80 % 80 % 80 % 100 % 80 % 67 % 100 % 0 % 67 % 100 % 61 % 75 %
603 490 355 262 174 435 351 380 291 1 0 2 1 8 5 9 3 0 0 0 0 8 7 6 7 100 63 1,701 1,257 603
72 % 66 % 81 % 77 % 0 % 50 % 63 % 33 % 0 % 0 % 88 % 117 % 63 % 74 %
604 431 358 269 189 248 152 202 133 4 3 3 2 9 7 9 7 0 0 0 0 11 8 5 1 102 63 1,293 923 604
83 % 70 % 61 % 66 % 75 % 67 % 78 % 78 % 0 % 0 % 73 % 20 % 62 % 71 %
605 504 410 350 248 200 156 188 135 7 4 1 0 7 7 2 1 1 1 0 0 6 4 10 4 75 45 1,351 1,015 605
81 % 71 % 78 % 72 % 57 % 0 % 100 % 50 % 100 % 0 % 67 % 40 % 60 % 75 %
606 425 338 302 178 511 345 384 254 5 3 2 0 7 4 6 1 0 0 1 1 9 6 8 2 126 70 1,786 1,202 606
80 % 59 % 68 % 66 % 60 % 0 % 57 % 17 % 0 % 100 % 67 % 25 % 56 % 67 %
607 746 619 568 438 52 27 38 27 5 3 1 1 13 8 7 4 0 0 0 0 6 3 14 7 109 70 1,559 1,207 607
83 % 77 % 52 % 71 % 60 % 100 % 62 % 57 % 0 % 0 % 50 % 50 % 64 % 77 %
608 118 100 103 77 427 325 377 274 1 1 1 1 9 5 2 2 0 0 0 0 6 5 9 2 58 35 1,111 827 608
85 % 75 % 76 % 73 % 100 % 100 % 56 % 100 % 0 % 0 % 83 % 22 % 60 % 74 %
701 281 222 184 139 850 711 670 545 7 5 4 4 4 1 8 4 0 0 0 0 4 3 2 2 173 117 2,187 1,753 701
79 % 76 % 84 % 81 % 71 % 100 % 25 % 50 % 0 % 0 % 75 % 100 % 68 % 80 %
702 253 157 160 88 799 601 711 522 10 7 13 9 19 7 7 5 0 0 0 0 16 10 5 1 173 94 2,166 1,501 702
62 % 55 % 75 % 73 % 70 % 69 % 37 % 71 % 0 % 0 % 63 % 20 % 54 % 69 %
703 783 581 453 272 1,156 815 911 609 37 25 23 10 25 13 14 7 1 1 0 0 26 15 14 9 420 240 3,863 2,597 703
74 % 60 % 71 % 67 % 68 % 43 % 52 % 50 % 100 % 0 % 58 % 64 % 57 % 67 %
705 289 218 173 116 704 553 627 507 7 3 10 4 7 3 14 7 0 0 0 0 13 8 7 3 185 123 2,036 1,545 705
75 % 67 % 79 % 81 % 43 % 40 % 43 % 50 % 0 % 0 % 62 % 43 % 66 % 76 %
706 285 238 201 146 1,186 939 902 708 20 11 15 7 26 14 8 5 0 0 0 0 18 11 9 4 216 134 2,886 2,217 706
84 % 73 % 79 % 78 % 55 % 47 % 54 % 63 % 0 % 0 % 61 % 44 % 62 % 77 %
707 432 330 227 164 660 453 565 382 12 6 17 7 19 11 8 3 2 2 0 0 12 6 12 6 252 141 2,218 1,511 707
76 % 72 % 69 % 68 % 50 % 41 % 58 % 38 % 100 % 0 % 50 % 50 % 56 % 68 %
708 21 16 11 8 100 86 92 75 1 0 2 2 1 1 3 1 0 0 0 0 0 0 0 0 23 13 254 202 708
76 % 73 % 86 % 82 % 0 % 100 % 100 % 33 % 0 % 0 % 0 % 0 % 57 % 80 %
801 35 32 36 28 136 114 146 96 2 2 0 0 4 4 0 0 0 0 0 0 1 1 0 0 26 18 386 295 801
91 % 78 % 84 % 66 % 100 % 0 % 100 % 0 % 0 % 0 % 100 % 0 % 69 % 76 %
801B 28 27 27 18 155 108 151 109 1 1 0 0 2 1 3 2 0 0 0 0 1 1 4 2 28 17 400 286 801B
96 % 67 % 70 % 72 % 100 % 0 % 50 % 67 % 0 % 0 % 100 % 50 % 61 % 72 %
802 303 254 253 169 889 635 757 530 6 5 4 3 9 5 9 6 2 0 1 1 10 6 9 6 168 96 2,420 1,716 802
84 % 67 % 71 % 70 % 83 % 75 % 56 % 67 % 0 % 100 % 60 % 67 % 57 % 71 %
803 20 8 36 22 26 6 23 9 1 0 1 0 3 1 1 0 0 0 0 0 0 0 1 0 18 4 130 50 803
40 % 61 % 23 % 39 % 0 % 0 % 33 % 0 % 0 % 0 % 0 % 0 % 22 % 38 %
804 399 328 322 232 359 252 327 217 3 3 4 2 12 5 5 5 0 0 1 0 21 18 13 4 119 64 1,585 1,130 804
82 % 72 % 70 % 66 % 100 % 50 % 42 % 100 % 0 % 0 % 86 % 31 % 54 % 71 %
804H 462 395 352 264 692 521 613 462 5 2 4 2 12 9 9 5 1 1 0 0 11 7 6 4 135 84 2,302 1,756 804H
85 % 75 % 75 % 75 % 40 % 50 % 75 % 56 % 100 % 0 % 64 % 67 % 62 % 76 %
805 156 136 116 85 101 75 82 66 3 3 4 3 4 3 2 1 1 2 0 0 7 5 6 4 38 26 520 409 805
87 % 73 % 74 % 80 % 100 % 75 % 75 % 50 % 200 % 0 % 71 % 67 % 68 % 79 %
806 132 106 106 77 320 259 292 231 4 3 4 3 6 5 5 3 1 1 0 0 6 5 3 2 51 38 930 733 806
80 % 73 % 81 % 79 % 75 % 75 % 83 % 60 % 100 % 0 % 83 % 67 % 75 % 79 %
807 376 305 278 217 180 103 148 97 10 7 2 1 9 4 1 0 0 0 0 0 10 10 7 4 86 49 1,107 797 807
81 % 78 % 57 % 66 % 70 % 50 % 44 % 0 % 0 % 0 % 100 % 57 % 57 % 72 %
808 328 286 234 180 572 449 524 402 11 7 9 6 10 4 9 5 1 1 1 1 19 14 8 6 156 107 1,882 1,468 808
87 % 77 % 78 % 77 % 64 % 67 % 40 % 56 % 100 % 100 % 74 % 75 % 69 % 78 %
809 352 298 274 206 20 9 19 13 0 0 0 0 5 2 6 4 0 0 0 0 4 3 5 6 55 38 740 579 809
85 % 75 % 45 % 68 % 0 % 0 % 40 % 67 % 0 % 0 % 75 % 120 % 69 % 78 %
810 39 35 33 25 87 63 72 58 2 1 0 0 1 0 0 0 0 0 0 0 1 1 0 0 21 13 256 196 810
90 % 76 % 72 % 81 % 50 % 0 % 0 % 0 % 0 % 0 % 100 % 0 % 62 % 77 %