UNKNOWN 0 0 2 1 0 0 0 0 0 0 0 0 0 0 0 0 0 0 0 0 0 0 0 0 0 0 2 1 UNKNOWN
0 % 50 % 0 % 0 % 0 % 0 % 0 % 0 % 0 % 0 % 0 % 0 % 0 % 50 %
SYLVANIA 262 193 176 88 370 281 264 202 6 5 3 1 6 4 2 1 0 0 0 0 1 1 2 1 15 9 1,107 786 01
74 % 50 % 76 % 77 % 83 % 33 % 67 % 50 % 0 % 0 % 100 % 50 % 60 % 71 %
HUNTERS 80 66 51 28 145 107 133 103 1 1 0 0 0 0 0 0 0 0 0 0 1 1 0 0 5 1 416 307 02
83 % 55 % 74 % 77 % 100 % 0 % 0 % 0 % 0 % 0 % 100 % 0 % 20 % 74 %
NEWINGTON 205 145 155 79 315 227 274 188 1 1 1 1 0 0 1 0 0 0 0 0 1 1 0 0 18 7 971 649 03
71 % 51 % 72 % 69 % 100 % 100 % 0 % 0 % 0 % 0 % 100 % 0 % 39 % 67 %
JENK_HILL 344 255 255 177 223 173 201 158 1 1 1 1 0 0 1 0 0 0 0 0 0 0 0 0 12 7 1,038 772 04
74 % 69 % 78 % 79 % 100 % 100 % 0 % 0 % 0 % 0 % 0 % 0 % 58 % 74 %
ROCKY_FORD 72 53 57 35 164 128 167 124 0 0 0 0 0 0 0 0 0 0 0 0 1 0 1 1 3 2 465 343 05
74 % 61 % 78 % 74 % 0 % 0 % 0 % 0 % 0 % 0 % 0 % 100 % 67 % 74 %
BAY_BRANCH 50 38 28 15 345 273 324 250 0 0 0 0 1 1 2 1 1 1 0 0 2 2 0 0 13 7 766 588 06
76 % 54 % 79 % 77 % 0 % 0 % 100 % 50 % 100 % 0 % 100 % 0 % 54 % 77 %
HILTONIA 263 209 183 110 187 154 181 149 0 0 0 0 0 0 0 0 0 0 0 0 0 0 1 0 20 16 835 638 07
79 % 60 % 82 % 82 % 0 % 0 % 0 % 0 % 0 % 0 % 0 % 0 % 80 % 76 %
SCREVEN_RE 118 94 90 61 64 49 69 52 0 0 0 0 1 1 0 0 0 0 0 0 0 0 0 0 3 2 345 259 08
80 % 68 % 77 % 75 % 0 % 0 % 100 % 0 % 0 % 0 % 0 % 0 % 67 % 75 %
GREENHILL 85 57 73 44 334 267 310 238 0 0 0 0 0 0 0 0 0 0 0 0 0 0 0 0 9 6 811 612 09
67 % 60 % 80 % 77 % 0 % 0 % 0 % 0 % 0 % 0 % 0 % 0 % 67 % 75 %
SR_CITIZEN 425 316 269 162 195 152 165 134 3 1 2 2 1 0 0 0 1 0 0 0 1 0 1 0 11 8 1,074 775 10
74 % 60 % 78 % 81 % 33 % 100 % 0 % 0 % 0 % 0 % 0 % 0 % 73 % 72 %
JACKSON_FI 32 27 29 18 139 108 121 93 0 0 0 0 0 0 0 0 0 0 0 0 0 0 1 1 5 3 327 250 11
84 % 62 % 78 % 77 % 0 % 0 % 0 % 0 % 0 % 0 % 0 % 100 % 60 % 76 %
FOY'S_STOR 87 62 74 48 32 25 25 18 0 0 0 0 1 0 0 0 0 0 0 0 0 0 0 0 5 3 224 156 12
71 % 65 % 78 % 72 % 0 % 0 % 0 % 0 % 0 % 0 % 0 % 0 % 60 % 70 %
3C 0 0 0 0 0 0 0 0 0 0 0 0 0 0 0 0 0 0 0 0 0 0 0 0 0 1 0 1 3C
0 % 0 % 0 % 0 % 0 % 0 % 0 % 0 % 0 % 0 % 0 % 0 % 0 % 0 %
TOTALS 2,023 1,515 1,442 866 2,513 1,944 2,234 1,709 12 9 7 5 10 6 6 2 2 1 0 0 7 5 6 3 119 72 8,381 6,137 3C
75 % 60 % 77 % 76 % 75 % 71 % 60 % 33 % 50 % 0 % 71 % 50 % 61 % 73 %