BCCC 0 0 0 0 0 1 0 0 0 0 0 0 0 0 0 0 0 0 0 0 0 0 0 0 0 0 0 1 BCCC
0 % 0 % 0 % 0 % 0 % 0 % 0 % 0 % 0 % 0 % 0 % 0 % 0 % 0 %
C05 0 0 0 0 0 1 0 0 0 0 0 0 0 0 0 0 0 0 0 0 0 0 0 0 0 0 0 1 C05
0 % 0 % 0 % 0 % 0 % 0 % 0 % 0 % 0 % 0 % 0 % 0 % 0 % 0 %
PRECINCT_1 168 132 141 95 443 362 373 296 1 1 0 0 4 3 2 1 0 0 0 0 1 0 0 0 24 16 1,157 906 1
79 % 67 % 82 % 79 % 100 % 0 % 75 % 50 % 0 % 0 % 0 % 0 % 67 % 78 %
1613 0 1 0 0 0 0 0 0 0 0 0 0 0 0 0 0 0 0 0 0 0 0 0 0 0 0 0 1 1613
0 % 0 % 0 % 0 % 0 % 0 % 0 % 0 % 0 % 0 % 0 % 0 % 0 % 0 %
PRECINCT_2 165 126 125 81 353 288 295 235 1 0 2 1 4 4 3 0 0 0 0 0 5 2 3 1 14 7 970 745 2
76 % 65 % 82 % 80 % 0 % 50 % 100 % 0 % 0 % 0 % 40 % 33 % 50 % 77 %
PRECINCT_3 504 396 303 184 79 58 56 37 0 0 0 0 1 1 2 2 0 0 0 0 1 0 0 0 18 8 964 686 3
79 % 61 % 73 % 66 % 0 % 0 % 100 % 100 % 0 % 0 % 0 % 0 % 44 % 71 %
PRECINCT_4 119 90 83 44 391 308 337 272 0 0 0 0 5 2 4 2 0 0 0 0 2 2 1 0 14 7 956 727 4
76 % 53 % 79 % 81 % 0 % 0 % 40 % 50 % 0 % 0 % 100 % 0 % 50 % 76 %
PRECINCT_5 4 3 8 7 475 349 444 339 0 0 0 0 2 0 2 1 0 0 0 0 2 1 2 0 27 21 966 721 5
75 % 88 % 73 % 76 % 0 % 0 % 0 % 50 % 0 % 0 % 50 % 0 % 78 % 75 %
TOTALS 960 748 660 411 1,741 1,367 1,505 1,179 2 1 2 1 16 10 13 6 0 0 0 0 11 5 6 1 97 59 5,013 3,788 5
78 % 62 % 79 % 78 % 50 % 50 % 63 % 46 % 0 % 0 % 45 % 17 % 61 % 76 %