JENK 0 0 0 0 0 0 0 0 0 0 0 0 0 0 0 0 0 0 0 0 0 0 0 1 0 0 0 1 JENK
0 % 0 % 0 % 0 % 0 % 0 % 0 % 0 % 0 % 0 % 0 % 0 % 0 % 0 %
MI 0 1 0 0 0 0 0 0 0 0 0 0 0 0 0 0 0 0 0 0 0 0 0 0 0 0 0 1 MI
0 % 0 % 0 % 0 % 0 % 0 % 0 % 0 % 0 % 0 % 0 % 0 % 0 % 0 %
RABUN 0 0 0 0 0 0 0 0 0 0 0 0 0 0 0 1 0 0 0 0 0 0 0 0 0 0 0 1 RABUN
0 % 0 % 0 % 0 % 0 % 0 % 0 % 0 % 0 % 0 % 0 % 0 % 0 % 0 %
01_SECOND 875 610 567 317 137 55 97 45 1 0 0 0 5 1 2 0 2 1 0 0 6 2 2 1 70 26 1,764 1,058 01
70 % 56 % 40 % 46 % 0 % 0 % 20 % 0 % 50 % 0 % 33 % 50 % 37 % 60 %
02_FAIRMON 862 646 562 304 86 49 67 32 1 0 0 0 2 1 0 0 0 0 0 0 4 1 2 2 51 23 1,637 1,058 02
75 % 54 % 57 % 48 % 0 % 0 % 50 % 0 % 0 % 0 % 25 % 100 % 45 % 65 %
02C 0 1 0 0 0 0 0 0 0 0 0 0 0 0 0 0 0 0 0 0 0 0 0 0 0 0 0 1 02C
0 % 0 % 0 % 0 % 0 % 0 % 0 % 0 % 0 % 0 % 0 % 0 % 0 % 0 %
03_MEMORIA 45 36 31 17 613 489 485 381 0 0 2 2 3 3 2 2 0 0 0 0 0 0 1 0 45 26 1,227 956 03
80 % 55 % 80 % 79 % 0 % 100 % 100 % 100 % 0 % 0 % 0 % 0 % 58 % 78 %
04_THIRD_W 44 32 41 15 543 422 461 356 2 0 0 0 5 3 3 3 0 0 0 0 4 3 0 0 24 10 1,127 844 04
73 % 37 % 78 % 77 % 0 % 0 % 60 % 100 % 0 % 0 % 75 % 0 % 42 % 75 %
05_GA_EXP 779 555 481 310 820 531 689 442 25 11 19 13 19 9 13 6 1 1 0 0 10 5 11 2 98 43 2,965 1,928 05
71 % 64 % 65 % 64 % 44 % 68 % 47 % 46 % 100 % 0 % 50 % 18 % 44 % 65 %
06_CITY_PA 878 621 514 272 313 189 199 104 2 2 1 0 12 3 2 1 1 1 1 0 3 1 3 0 70 29 1,999 1,223 06
71 % 53 % 60 % 52 % 100 % 0 % 25 % 50 % 100 % 0 % 33 % 0 % 41 % 61 %
07_FIRST_M 58 47 42 31 650 520 590 459 6 4 1 1 6 4 2 2 0 0 1 1 7 7 8 8 37 19 1,408 1,103 07
81 % 74 % 80 % 78 % 67 % 100 % 67 % 100 % 0 % 100 % 100 % 100 % 51 % 78 %
08_BOY_SCO 127 106 74 50 675 514 552 415 2 0 0 0 1 0 2 1 0 0 1 1 1 0 1 0 46 29 1,482 1,116 08
83 % 68 % 76 % 75 % 0 % 0 % 0 % 50 % 0 % 100 % 0 % 0 % 63 % 75 %
09_CABIN 61 46 44 30 696 494 647 461 2 1 1 0 9 6 8 5 0 0 0 0 3 2 7 4 37 17 1,515 1,066 09
75 % 68 % 71 % 71 % 50 % 0 % 67 % 63 % 0 % 0 % 67 % 57 % 46 % 70 %
10_CARVER 229 191 161 111 564 427 499 367 9 9 4 2 10 5 4 2 0 0 0 0 4 3 2 2 40 21 1,526 1,140 10
83 % 69 % 76 % 74 % 100 % 50 % 50 % 50 % 0 % 0 % 75 % 100 % 53 % 75 %
11_FIRST_P 268 227 179 129 751 583 685 533 2 2 2 1 4 0 9 5 0 0 0 0 4 3 3 1 69 27 1,976 1,511 11
85 % 72 % 78 % 78 % 100 % 50 % 0 % 56 % 0 % 0 % 75 % 33 % 39 % 76 %
12_LIBERTY 70 58 57 44 589 427 516 375 2 1 2 2 4 1 1 1 0 0 0 0 3 3 0 0 45 19 1,289 931 12
83 % 77 % 72 % 73 % 50 % 100 % 25 % 100 % 0 % 0 % 100 % 0 % 42 % 72 %
13_COUNTY 56 42 45 25 986 680 921 646 4 2 2 1 6 3 11 6 0 0 0 0 9 2 4 1 66 25 2,110 1,433 13
75 % 56 % 69 % 70 % 50 % 50 % 50 % 55 % 0 % 0 % 22 % 25 % 38 % 68 %
139 0 1 0 0 0 0 0 0 0 0 0 0 0 0 0 0 0 0 0 0 0 0 0 0 0 0 0 1 139
0 % 0 % 0 % 0 % 0 % 0 % 0 % 0 % 0 % 0 % 0 % 0 % 0 % 0 %
14_SUNNYSI 135 101 97 66 591 402 535 341 3 1 3 1 20 10 8 4 0 0 0 0 3 0 8 2 53 23 1,456 951 14
75 % 68 % 68 % 64 % 33 % 33 % 50 % 50 % 0 % 0 % 0 % 25 % 43 % 65 %
15_BLALOCK 3 1 0 0 238 185 244 188 0 0 0 0 5 4 4 3 0 0 0 0 0 0 1 0 20 11 515 392 15
33 % 0 % 78 % 77 % 0 % 0 % 80 % 75 % 0 % 0 % 0 % 0 % 55 % 76 %
16_GARY_RE 657 517 446 289 563 361 455 291 14 6 10 5 12 8 11 7 0 0 0 0 8 4 7 5 73 36 2,256 1,529 16
79 % 65 % 64 % 64 % 43 % 50 % 67 % 64 % 0 % 0 % 50 % 71 % 49 % 68 %
17_AMBUCS 251 196 176 117 561 353 530 350 3 2 0 0 5 3 6 1 0 0 0 0 2 1 7 5 61 26 1,602 1,054 17
78 % 66 % 63 % 66 % 67 % 0 % 60 % 17 % 0 % 0 % 50 % 71 % 43 % 66 %
18_COMMUNI 731 582 426 280 130 79 98 55 1 0 0 0 5 5 1 0 0 0 0 0 4 1 2 1 47 25 1,445 1,028 18
80 % 66 % 61 % 56 % 0 % 0 % 100 % 0 % 0 % 0 % 25 % 50 % 53 % 71 %
19_FIRST_A 221 188 150 106 858 647 793 600 10 7 4 1 13 7 10 2 0 0 1 1 3 0 6 5 71 36 2,140 1,600 19
85 % 71 % 75 % 76 % 70 % 25 % 54 % 20 % 0 % 100 % 0 % 83 % 51 % 75 %
20_ROBERTS 122 101 89 58 796 586 750 533 7 5 3 3 7 5 4 2 0 0 0 0 8 5 4 4 57 28 1,847 1,330 20
83 % 65 % 74 % 71 % 71 % 100 % 71 % 50 % 0 % 0 % 63 % 100 % 49 % 72 %
21_SUN_CIT 232 191 169 128 959 758 863 687 8 4 2 2 12 6 10 2 1 0 1 1 11 6 9 5 148 117 2,425 1,907 21
82 % 76 % 79 % 80 % 50 % 100 % 50 % 20 % 0 % 100 % 55 % 56 % 79 % 79 %
28 0 0 0 1 0 0 0 0 0 0 0 0 0 0 0 0 0 0 0 0 0 0 0 0 0 0 0 1 28
0 % 0 % 0 % 0 % 0 % 0 % 0 % 0 % 0 % 0 % 0 % 0 % 0 % 0 %
TOTALS 6,704 5,097 4,351 2,700 12,119 8,751 10,676 7,661 104 57 56 34 165 87 113 56 5 3 5 4 97 49 88 49 1,228 616 35,711 25,164 28
76 % 62 % 72 % 72 % 55 % 61 % 53 % 50 % 60 % 80 % 51 % 56 % 50 % 70 %