FO02 0 1 0 0 0 0 0 0 0 0 0 0 0 0 0 0 0 0 0 0 0 0 0 0 0 0 0 1 FO02
0 % 0 % 0 % 0 % 0 % 0 % 0 % 0 % 0 % 0 % 0 % 0 % 0 % 0 %
HAR 0 0 0 0 0 1 0 1 0 0 0 0 0 0 0 0 0 0 0 0 0 0 0 0 0 0 0 2 HAR
0 % 0 % 0 % 0 % 0 % 0 % 0 % 0 % 0 % 0 % 0 % 0 % 0 % 0 %
RABUN 0 0 0 0 0 1 0 0 0 0 0 0 0 0 0 0 0 0 0 0 0 0 0 0 0 0 0 1 RABUN
0 % 0 % 0 % 0 % 0 % 0 % 0 % 0 % 0 % 0 % 0 % 0 % 0 % 0 %
017 0 0 0 0 0 1 0 0 0 0 0 0 0 0 0 0 0 0 0 0 0 0 0 0 0 0 0 1 017
0 % 0 % 0 % 0 % 0 % 0 % 0 % 0 % 0 % 0 % 0 % 0 % 0 % 0 %
03 0 0 0 0 0 1 0 1 0 0 0 0 0 0 0 0 0 0 0 0 0 0 0 0 0 0 0 2 03
0 % 0 % 0 % 0 % 0 % 0 % 0 % 0 % 0 % 0 % 0 % 0 % 0 % 0 %
031 0 0 0 0 0 0 0 1 0 0 0 0 0 0 0 0 0 0 0 0 0 0 0 0 0 0 0 1 031
0 % 0 % 0 % 0 % 0 % 0 % 0 % 0 % 0 % 0 % 0 % 0 % 0 % 0 %
06 0 0 0 0 0 1 0 1 0 0 0 0 0 0 0 0 0 0 0 0 0 0 0 0 0 0 0 2 06
0 % 0 % 0 % 0 % 0 % 0 % 0 % 0 % 0 % 0 % 0 % 0 % 0 % 0 %
TOCCOA_1 314 200 204 112 1,305 836 1,118 730 16 6 11 6 11 5 4 2 3 1 0 0 3 1 3 1 72 28 3,064 1,928 1
64 % 55 % 64 % 65 % 38 % 55 % 45 % 50 % 33 % 0 % 33 % 33 % 39 % 63 %
10 0 0 0 0 0 0 0 1 0 0 0 0 0 0 0 0 0 0 0 0 0 0 0 0 0 0 0 1 10
0 % 0 % 0 % 0 % 0 % 0 % 0 % 0 % 0 % 0 % 0 % 0 % 0 % 0 %
14 0 0 0 0 0 1 0 1 0 0 0 0 0 0 0 0 0 0 0 0 0 0 0 0 0 0 0 2 14
0 % 0 % 0 % 0 % 0 % 0 % 0 % 0 % 0 % 0 % 0 % 0 % 0 % 0 %
148 0 0 0 0 0 0 0 1 0 0 0 0 0 0 0 0 0 0 0 0 0 0 0 0 0 0 0 1 148
0 % 0 % 0 % 0 % 0 % 0 % 0 % 0 % 0 % 0 % 0 % 0 % 0 % 0 %
TOCCOA_2 197 114 123 61 931 627 665 442 7 3 8 4 4 1 4 1 0 0 0 0 8 3 1 0 62 31 2,010 1,287 2
58 % 50 % 67 % 66 % 43 % 50 % 25 % 25 % 0 % 0 % 38 % 0 % 50 % 64 %
TOCCOA_3 68 48 68 39 1,287 959 1,151 859 8 6 4 1 2 0 2 2 0 0 0 0 8 5 1 1 77 45 2,676 1,965 3
71 % 57 % 75 % 75 % 75 % 25 % 0 % 100 % 0 % 0 % 63 % 100 % 58 % 73 %
BROAD_RIVE 9 8 5 3 428 308 385 273 0 0 0 0 1 1 0 0 0 0 0 0 0 0 2 0 11 5 841 598 4
89 % 60 % 72 % 71 % 0 % 0 % 100 % 0 % 0 % 0 % 0 % 0 % 45 % 71 %
CURRAHEE 0 0 1 1 152 136 164 137 0 0 0 0 0 0 0 0 0 0 0 0 0 0 0 0 9 7 326 281 5
0 % 100 % 89 % 84 % 0 % 0 % 0 % 0 % 0 % 0 % 0 % 0 % 78 % 86 %
559 0 0 0 0 0 0 0 1 0 0 0 0 0 0 0 0 0 0 0 0 0 0 0 0 0 0 0 1 559
0 % 0 % 0 % 0 % 0 % 0 % 0 % 0 % 0 % 0 % 0 % 0 % 0 % 0 %
MARTIN 59 44 43 28 375 261 348 255 7 2 6 1 4 3 5 3 0 0 0 0 0 0 0 0 23 7 870 604 6
75 % 65 % 70 % 73 % 29 % 17 % 75 % 60 % 0 % 0 % 0 % 0 % 30 % 69 %
WOLF_PIT 31 24 44 31 866 608 762 544 1 1 1 1 2 2 4 2 0 0 0 0 0 0 1 0 37 19 1,749 1,232 7
77 % 70 % 70 % 71 % 100 % 100 % 100 % 50 % 0 % 0 % 0 % 0 % 51 % 70 %
BIG_SMITH 113 85 93 56 1,074 759 994 720 0 0 1 0 9 6 1 0 0 0 1 1 3 2 1 0 60 33 2,350 1,662 8
75 % 60 % 71 % 72 % 0 % 0 % 67 % 0 % 0 % 100 % 67 % 0 % 55 % 71 %
TOTALS 791 524 581 331 6,418 4,500 5,587 3,968 39 18 31 13 33 18 20 10 3 1 1 1 22 11 9 2 351 175 13,886 9,572 8
66 % 57 % 70 % 71 % 46 % 42 % 55 % 50 % 33 % 100 % 50 % 22 % 50 % 69 %