RICHLAND 422 329 313 181 267 180 233 161 2 0 1 0 4 2 1 1 0 0 0 0 5 2 1 1 8 2 1,257 859 02
78 % 58 % 67 % 69 % 0 % 0 % 50 % 100 % 0 % 0 % 40 % 100 % 25 % 68 %
034 0 0 0 1 0 0 0 0 0 0 0 0 0 0 0 0 0 0 0 0 0 0 0 0 0 0 0 1 034
0 % 0 % 0 % 0 % 0 % 0 % 0 % 0 % 0 % 0 % 0 % 0 % 0 % 0 %
LOUVALE 106 75 83 48 59 40 53 38 0 0 0 0 0 0 1 0 0 0 0 0 0 0 0 0 6 4 308 205 04
71 % 58 % 68 % 72 % 0 % 0 % 0 % 0 % 0 % 0 % 0 % 0 % 67 % 67 %
LUMPKIN 422 323 309 191 221 170 228 171 1 1 0 0 2 0 4 2 0 0 0 0 1 0 0 0 13 7 1,201 865 05
77 % 62 % 77 % 75 % 100 % 0 % 0 % 50 % 0 % 0 % 0 % 0 % 54 % 72 %
OMAHA 49 36 48 34 50 36 39 30 0 0 0 0 1 0 0 0 0 0 0 0 1 0 1 1 5 1 194 138 06
73 % 71 % 72 % 77 % 0 % 0 % 0 % 0 % 0 % 0 % 0 % 100 % 20 % 71 %
101 0 1 0 0 0 0 0 0 0 0 0 0 0 0 0 0 0 0 0 0 0 0 0 0 0 0 0 1 101
0 % 0 % 0 % 0 % 0 % 0 % 0 % 0 % 0 % 0 % 0 % 0 % 0 % 0 %
TOTALS 999 764 753 455 597 426 553 400 3 1 1 0 7 2 6 3 0 0 0 0 7 2 2 2 32 14 2,960 2,069 101
76 % 60 % 71 % 72 % 33 % 0 % 29 % 50 % 0 % 0 % 29 % 100 % 44 % 70 %