CORDE 0 0 0 1 0 0 0 0 0 0 0 0 0 0 0 0 0 0 0 0 0 0 0 0 0 0 0 1 CORDE
0 % 0 % 0 % 0 % 0 % 0 % 0 % 0 % 0 % 0 % 0 % 0 % 0 % 0 %
REES_PARK 1,162 816 665 372 382 277 302 223 10 5 10 7 11 6 4 0 0 0 0 0 10 8 9 4 54 33 2,619 1,751 C1-27
70 % 56 % 73 % 74 % 50 % 70 % 55 % 0 % 0 % 0 % 80 % 44 % 61 % 67 %
GSW_CONF_C 531 363 345 195 1,027 807 748 581 8 3 4 1 10 3 8 4 0 0 0 0 13 7 8 6 57 43 2,759 2,013 C2-27
68 % 57 % 79 % 78 % 38 % 25 % 30 % 50 % 0 % 0 % 54 % 75 % 75 % 73 %
REC_DEPT 1,298 972 744 469 235 171 209 159 4 2 3 1 4 2 4 3 0 0 0 0 3 2 2 1 45 19 2,551 1,801 C3-27
75 % 63 % 73 % 76 % 50 % 33 % 50 % 75 % 0 % 0 % 67 % 50 % 42 % 71 %
AIRPORT 369 303 253 174 491 411 397 340 3 2 6 3 12 3 8 5 1 1 0 0 3 2 2 1 28 15 1,573 1,260 E-27
82 % 69 % 84 % 86 % 67 % 50 % 25 % 63 % 100 % 0 % 67 % 50 % 54 % 80 %
FMMS 0 0 0 0 0 0 0 0 0 0 0 0 0 0 0 0 0 0 0 0 0 0 0 0 0 1 0 1 FMMS
0 % 0 % 0 % 0 % 0 % 0 % 0 % 0 % 0 % 0 % 0 % 0 % 0 % 0 %
CONCORD 16 11 17 11 147 116 151 127 1 1 0 0 1 1 2 1 0 0 0 0 2 1 2 0 2 1 341 270 N-26
69 % 65 % 79 % 84 % 100 % 0 % 100 % 50 % 0 % 0 % 50 % 0 % 50 % 79 %
PLAINS 280 230 189 115 287 219 269 208 1 1 0 0 3 1 2 1 0 0 0 0 1 1 4 2 25 15 1,061 793 O-26
82 % 61 % 76 % 77 % 100 % 0 % 33 % 50 % 0 % 0 % 100 % 50 % 60 % 75 %
AG_CENTER 357 284 273 197 601 430 530 394 2 1 1 0 6 0 7 0 0 0 0 0 5 2 2 1 40 19 1,824 1,328 W-27
80 % 72 % 72 % 74 % 50 % 0 % 0 % 0 % 0 % 0 % 40 % 50 % 48 % 73 %
01 0 2 0 0 0 0 0 1 0 0 0 0 0 0 0 0 0 0 0 0 0 0 0 0 0 0 0 3 01
0 % 0 % 0 % 0 % 0 % 0 % 0 % 0 % 0 % 0 % 0 % 0 % 0 % 0 %
03 0 1 0 0 0 0 0 0 0 0 0 0 0 0 0 0 0 0 0 0 0 0 0 0 0 0 0 1 03
0 % 0 % 0 % 0 % 0 % 0 % 0 % 0 % 0 % 0 % 0 % 0 % 0 % 0 %
04 0 1 0 0 0 0 0 0 0 0 0 0 0 0 0 0 0 0 0 0 0 0 0 0 0 0 0 1 04
0 % 0 % 0 % 0 % 0 % 0 % 0 % 0 % 0 % 0 % 0 % 0 % 0 % 0 %
05 0 0 0 0 0 0 0 1 0 0 0 0 0 0 0 0 0 0 0 0 0 0 0 0 0 0 0 1 05
0 % 0 % 0 % 0 % 0 % 0 % 0 % 0 % 0 % 0 % 0 % 0 % 0 % 0 %
06 0 0 0 0 0 1 0 0 0 0 0 0 0 0 0 0 0 0 0 0 0 0 0 0 0 0 0 1 06
0 % 0 % 0 % 0 % 0 % 0 % 0 % 0 % 0 % 0 % 0 % 0 % 0 % 0 %
10 0 0 0 0 0 1 0 0 0 0 0 0 0 0 0 0 0 0 0 0 0 0 0 0 0 0 0 1 10
0 % 0 % 0 % 0 % 0 % 0 % 0 % 0 % 0 % 0 % 0 % 0 % 0 % 0 %
LESLIE 321 254 255 172 481 381 466 351 4 2 2 1 10 5 5 0 0 0 0 0 4 4 1 1 21 9 1,570 1,180 15
79 % 67 % 79 % 75 % 50 % 50 % 50 % 0 % 0 % 0 % 100 % 100 % 43 % 75 %
THOMSON 179 140 125 73 172 134 159 126 0 0 0 0 2 2 1 1 0 0 0 0 2 2 5 2 15 8 660 488 17
78 % 58 % 78 % 79 % 0 % 0 % 100 % 100 % 0 % 0 % 100 % 40 % 53 % 74 %
CHAMBLISS 171 137 136 95 268 230 233 202 3 2 1 1 2 0 4 0 0 0 0 0 3 1 3 2 19 12 843 682 28
80 % 70 % 86 % 87 % 67 % 100 % 0 % 0 % 0 % 0 % 33 % 67 % 63 % 81 %
ANDERSONVI 50 36 41 28 130 105 147 107 1 0 0 0 1 1 6 0 0 0 0 0 1 2 0 0 14 9 391 288 29
72 % 68 % 81 % 73 % 0 % 0 % 100 % 0 % 0 % 0 % 200 % 0 % 64 % 74 %
8 0 0 0 0 0 0 0 1 0 0 0 0 0 0 0 0 0 0 0 0 0 0 0 0 0 0 0 1 8
0 % 0 % 0 % 0 % 0 % 0 % 0 % 0 % 0 % 0 % 0 % 0 % 0 % 0 %
TOTALS 4,734 3,550 3,043 1,902 4,221 3,283 3,611 2,821 37 19 27 14 62 24 51 15 1 1 0 0 47 32 38 20 320 184 16,192 11,865 8
75 % 63 % 78 % 78 % 51 % 52 % 39 % 29 % 100 % 0 % 68 % 53 % 58 % 73 %