ONEAL 168 134 112 84 103 82 105 82 0 0 1 0 1 1 1 1 0 0 0 0 1 1 1 1 16 12 509 398 01
80 % 75 % 80 % 78 % 0 % 0 % 100 % 100 % 0 % 0 % 100 % 100 % 75 % 78 %
VALLEY 197 161 139 102 167 133 163 131 0 0 0 0 1 0 0 0 1 1 0 0 1 0 0 0 19 15 688 543 02
82 % 73 % 80 % 80 % 0 % 0 % 0 % 0 % 100 % 0 % 0 % 0 % 79 % 79 %
JUNCTION_C 133 115 126 102 80 66 83 70 0 0 0 0 1 0 0 0 0 0 0 0 0 0 0 0 8 8 431 361 03
86 % 81 % 83 % 84 % 0 % 0 % 0 % 0 % 0 % 0 % 0 % 0 % 100 % 84 %
GENEVA 155 124 126 96 105 81 111 78 0 0 0 0 2 2 1 1 0 0 0 0 0 0 0 0 9 5 509 387 04
80 % 76 % 77 % 70 % 0 % 0 % 100 % 100 % 0 % 0 % 0 % 0 % 56 % 76 %
TALBOTTON 418 354 316 224 113 88 113 76 0 0 0 0 0 0 0 0 0 0 0 0 1 0 1 0 19 14 981 756 05
85 % 71 % 78 % 67 % 0 % 0 % 0 % 0 % 0 % 0 % 0 % 0 % 74 % 77 %
BOX_SPRING 104 79 76 43 124 96 122 80 2 1 0 0 1 0 0 0 0 0 0 0 1 1 0 0 16 9 446 309 06
76 % 57 % 77 % 66 % 50 % 0 % 0 % 0 % 0 % 0 % 100 % 0 % 56 % 69 %
FLINT_HILL 314 258 219 176 225 166 182 142 0 0 1 1 3 0 0 0 0 0 0 0 3 3 1 1 25 14 973 761 08
82 % 80 % 74 % 78 % 0 % 100 % 0 % 0 % 0 % 0 % 100 % 100 % 56 % 78 %
7B 0 0 0 0 0 0 0 1 0 0 0 0 0 0 0 0 0 0 0 0 0 0 0 0 0 0 0 1 7B
0 % 0 % 0 % 0 % 0 % 0 % 0 % 0 % 0 % 0 % 0 % 0 % 0 % 0 %
TOTALS 1,489 1,225 1,114 827 917 712 879 660 2 1 2 1 9 3 2 2 1 1 0 0 7 5 3 2 112 77 4,537 3,516 7B
82 % 74 % 78 % 75 % 50 % 50 % 33 % 100 % 100 % 0 % 71 % 67 % 69 % 77 %