COBBTOWN 44 34 29 14 278 189 262 176 0 0 0 0 8 5 4 3 0 0 0 0 0 0 1 1 23 14 649 436 1
77 % 48 % 68 % 67 % 0 % 0 % 63 % 75 % 0 % 0 % 0 % 100 % 61 % 67 %
10 0 0 0 1 0 0 0 0 0 0 0 0 0 0 0 0 0 0 0 0 0 0 0 0 0 0 0 1 10
0 % 0 % 0 % 0 % 0 % 0 % 0 % 0 % 0 % 0 % 0 % 0 % 0 % 0 %
15361 0 0 1 0 0 0 0 0 0 0 0 0 0 0 0 0 0 0 0 0 0 0 0 0 0 0 1 0 15361
0 % 0 % 0 % 0 % 0 % 0 % 0 % 0 % 0 % 0 % 0 % 0 % 0 % 0 %
LONGVIEW 5 2 1 1 98 83 91 74 0 0 0 0 0 1 1 0 0 0 0 0 1 1 0 0 4 3 201 165 2
40 % 100 % 85 % 81 % 0 % 0 % 0 % 0 % 0 % 0 % 100 % 0 % 75 % 82 %
COLLINS 121 92 98 56 406 297 341 253 0 0 1 0 9 0 5 0 0 0 0 0 0 0 1 0 29 17 1,011 715 3
76 % 57 % 73 % 74 % 0 % 0 % 0 % 0 % 0 % 0 % 0 % 0 % 59 % 71 %
MANASSAS 26 19 27 19 67 61 72 57 0 0 0 0 1 1 1 0 0 0 0 0 0 0 0 0 3 3 197 160 4
73 % 70 % 91 % 79 % 0 % 0 % 100 % 0 % 0 % 0 % 0 % 0 % 100 % 81 %
DISTRICT_I 352 252 234 143 741 509 622 417 2 2 3 2 25 7 27 8 0 0 1 0 7 4 3 1 58 32 2,075 1,377 5
72 % 61 % 69 % 67 % 100 % 67 % 28 % 30 % 0 % 0 % 57 % 33 % 55 % 66 %
5923 0 0 0 0 0 1 0 0 0 0 0 0 0 0 0 0 0 0 0 0 0 0 0 0 0 0 0 1 5923
0 % 0 % 0 % 0 % 0 % 0 % 0 % 0 % 0 % 0 % 0 % 0 % 0 % 0 %
BIRDFORD 17 15 11 10 231 183 203 160 0 0 0 0 4 2 6 2 0 0 0 0 0 0 2 1 11 4 485 377 6
88 % 91 % 79 % 79 % 0 % 0 % 50 % 33 % 0 % 0 % 0 % 50 % 36 % 78 %
EAST_GLENN 126 86 86 50 657 485 497 370 8 3 7 1 26 10 8 2 0 0 0 0 6 3 7 3 42 28 1,470 1,041 7
68 % 58 % 74 % 74 % 38 % 14 % 38 % 25 % 0 % 0 % 50 % 43 % 67 % 71 %
DISTRICT_I 370 283 229 129 717 555 618 490 3 2 3 2 9 4 9 4 1 1 0 0 1 2 3 2 50 31 2,013 1,505 8
76 % 56 % 77 % 79 % 67 % 67 % 44 % 44 % 100 % 0 % 200 % 67 % 62 % 75 %
DISTRICT_V 117 84 108 65 617 396 537 342 3 3 0 0 29 11 24 5 0 0 0 0 6 1 2 2 63 25 1,506 934 9
72 % 60 % 64 % 64 % 100 % 0 % 38 % 21 % 0 % 0 % 17 % 100 % 40 % 62 %
TOTALS 1,178 867 824 488 3,812 2,759 3,243 2,339 16 10 14 5 111 41 85 24 1 1 1 0 21 11 19 10 283 157 9,608 6,712 9
74 % 59 % 72 % 72 % 63 % 36 % 37 % 28 % 100 % 0 % 52 % 53 % 55 % 70 %