0589 0 1 0 0 0 0 0 0 0 0 0 0 0 0 0 0 0 0 0 0 0 0 0 0 0 0 0 1 0589
0 % 0 % 0 % 0 % 0 % 0 % 0 % 0 % 0 % 0 % 0 % 0 % 0 % 0 %
PRECINCT_1 462 394 329 241 81 60 62 50 0 0 0 0 1 0 0 0 0 0 0 0 2 2 0 0 57 35 994 782 1
85 % 73 % 74 % 81 % 0 % 0 % 0 % 0 % 0 % 0 % 100 % 0 % 61 % 79 %
PRECINCT_3 14 12 9 6 137 107 133 113 0 0 0 0 2 2 2 2 0 0 0 0 0 0 0 0 11 5 308 247 3
86 % 67 % 78 % 85 % 0 % 0 % 100 % 100 % 0 % 0 % 0 % 0 % 45 % 80 %
PRECINCT_5 132 97 86 55 641 509 572 450 4 2 1 0 1 1 2 0 0 0 0 0 1 0 0 0 38 21 1,478 1,135 5
73 % 64 % 79 % 79 % 50 % 0 % 100 % 0 % 0 % 0 % 0 % 0 % 55 % 77 %
PRECINCT_6 437 360 282 213 528 417 474 380 2 2 1 1 6 3 2 1 0 0 0 0 1 1 0 0 81 47 1,814 1,425 6
82 % 76 % 79 % 80 % 100 % 100 % 50 % 50 % 0 % 0 % 100 % 0 % 58 % 79 %
TOTALS 1,045 864 706 515 1,387 1,093 1,241 993 6 4 2 1 10 6 6 3 0 0 0 0 4 3 0 0 187 108 4,594 3,590 6
83 % 73 % 79 % 80 % 67 % 50 % 60 % 50 % 0 % 0 % 75 % 0 % 58 % 78 %