HELENA 158 122 128 89 321 244 299 218 0 0 1 1 2 1 0 0 0 0 0 0 1 0 1 0 34 17 945 692 HE
77 % 70 % 76 % 73 % 0 % 100 % 50 % 0 % 0 % 0 % 0 % 0 % 50 % 73 %
JACKSONVIL 92 79 73 50 233 166 231 171 0 0 1 0 1 1 2 0 0 0 0 0 0 1 0 0 15 11 648 479 JA
86 % 68 % 71 % 74 % 0 % 0 % 100 % 0 % 0 % 0 % 0 % 0 % 73 % 74 %
LUMBER-CIT 219 180 161 107 308 213 250 184 0 0 0 0 0 0 3 2 0 0 0 0 0 0 1 1 29 18 971 705 LU
82 % 66 % 69 % 74 % 0 % 0 % 0 % 67 % 0 % 0 % 0 % 100 % 62 % 73 %
MCRAE 536 439 375 277 598 479 533 437 4 0 6 2 9 4 7 3 0 0 0 0 1 0 1 0 73 46 2,143 1,687 MC
82 % 74 % 80 % 82 % 0 % 33 % 44 % 43 % 0 % 0 % 0 % 0 % 63 % 79 %
MILAN 31 22 48 21 319 247 341 259 0 0 0 0 0 0 0 0 0 0 0 0 1 1 0 0 18 13 758 563 MI
71 % 44 % 77 % 76 % 0 % 0 % 0 % 0 % 0 % 0 % 100 % 0 % 72 % 74 %
SCOTLAND 34 24 25 20 122 96 125 95 0 0 0 0 1 0 2 1 0 0 0 0 0 0 0 0 6 4 315 240 SC
71 % 80 % 79 % 76 % 0 % 0 % 0 % 50 % 0 % 0 % 0 % 0 % 67 % 76 %
11G 0 0 0 1 0 0 0 0 0 0 0 0 0 0 0 0 0 0 0 0 0 0 0 0 0 0 0 1 11G
0 % 0 % 0 % 0 % 0 % 0 % 0 % 0 % 0 % 0 % 0 % 0 % 0 % 0 %
3B 0 0 0 0 0 1 0 0 0 0 0 0 0 0 0 0 0 0 0 0 0 0 0 0 0 0 0 1 3B
0 % 0 % 0 % 0 % 0 % 0 % 0 % 0 % 0 % 0 % 0 % 0 % 0 % 0 %
TOTALS 1,070 866 810 565 1,901 1,446 1,779 1,364 4 0 8 3 13 6 14 6 0 0 0 0 3 2 3 1 175 109 5,780 4,368 3B
81 % 70 % 76 % 77 % 0 % 38 % 46 % 43 % 0 % 0 % 67 % 33 % 62 % 76 %