C1-27 0 1 0 0 0 0 0 0 0 0 0 0 0 0 0 0 0 0 0 0 0 0 0 0 0 0 0 1 C1-27
0 % 0 % 0 % 0 % 0 % 0 % 0 % 0 % 0 % 0 % 0 % 0 % 0 % 0 %
DAWSON 1,328 1,006 826 470 323 259 269 212 1 1 1 1 3 1 4 3 0 0 0 0 5 2 5 2 57 37 2,822 1,994 01
76 % 57 % 80 % 79 % 100 % 100 % 33 % 75 % 0 % 0 % 40 % 40 % 65 % 71 %
SASSER 213 158 171 113 380 316 358 301 1 1 0 0 0 0 1 1 0 0 0 0 3 2 2 2 46 31 1,175 925 02
74 % 66 % 83 % 84 % 100 % 0 % 0 % 100 % 0 % 0 % 67 % 100 % 67 % 79 %
BRONWOOD 225 173 178 114 177 155 158 132 1 1 0 0 2 1 0 0 0 0 0 0 0 1 2 2 14 10 757 589 03
77 % 64 % 88 % 84 % 100 % 0 % 50 % 0 % 0 % 0 % 0 % 100 % 71 % 78 %
PARROTT 81 68 62 42 111 90 123 94 0 0 0 0 0 0 1 1 0 0 0 0 0 0 0 0 5 3 383 298 04
84 % 68 % 81 % 76 % 0 % 0 % 0 % 100 % 0 % 0 % 0 % 0 % 60 % 78 %
GRAVES 112 82 101 58 154 124 166 125 1 1 1 1 0 0 0 0 0 0 0 0 0 0 0 0 10 8 545 399 05
73 % 57 % 81 % 75 % 100 % 100 % 0 % 0 % 0 % 0 % 0 % 0 % 80 % 73 %
HEROD-DOVE 71 61 59 37 58 54 73 61 0 0 0 0 1 1 1 1 0 0 0 0 0 0 1 1 5 5 269 221 06
86 % 63 % 93 % 84 % 0 % 0 % 100 % 100 % 0 % 0 % 0 % 100 % 100 % 82 %
25 0 0 0 0 0 0 0 1 0 0 0 0 0 0 0 0 0 0 0 0 0 0 0 0 0 0 0 1 25
0 % 0 % 0 % 0 % 0 % 0 % 0 % 0 % 0 % 0 % 0 % 0 % 0 % 0 %
TOTALS 2,030 1,549 1,397 834 1,203 998 1,147 926 4 4 2 2 6 3 7 6 0 0 0 0 8 5 10 7 137 94 5,951 4,428 25
76 % 60 % 83 % 81 % 100 % 100 % 50 % 86 % 0 % 0 % 63 % 70 % 69 % 74 %