BV 0 0 0 0 0 1 0 0 0 0 0 0 0 0 0 0 0 0 0 0 0 0 0 0 0 0 0 1 BV
0 % 0 % 0 % 0 % 0 % 0 % 0 % 0 % 0 % 0 % 0 % 0 % 0 % 0 %
H 0 0 0 0 0 1 0 0 0 0 0 0 0 0 0 0 0 0 0 0 0 0 0 0 0 0 0 1 H
0 % 0 % 0 % 0 % 0 % 0 % 0 % 0 % 0 % 0 % 0 % 0 % 0 % 0 %
M 0 0 0 0 0 0 0 0 0 0 0 0 0 0 0 0 0 0 0 0 0 0 0 0 0 1 0 1 M
0 % 0 % 0 % 0 % 0 % 0 % 0 % 0 % 0 % 0 % 0 % 0 % 0 % 0 %
P 0 0 0 0 0 1 0 0 0 0 0 0 0 0 0 0 0 0 0 0 0 0 0 0 0 0 0 1 P
0 % 0 % 0 % 0 % 0 % 0 % 0 % 0 % 0 % 0 % 0 % 0 % 0 % 0 %
S 0 0 0 0 0 1 0 0 0 0 0 0 0 0 0 0 0 0 0 0 0 0 0 0 0 0 0 1 S
0 % 0 % 0 % 0 % 0 % 0 % 0 % 0 % 0 % 0 % 0 % 0 % 0 % 0 %
0017 0 0 0 0 0 0 0 1 0 0 0 0 0 0 0 0 0 0 0 0 0 0 0 0 0 0 0 1 0017
0 % 0 % 0 % 0 % 0 % 0 % 0 % 0 % 0 % 0 % 0 % 0 % 0 % 0 %
04 0 1 0 0 0 0 0 0 0 0 0 0 0 0 0 0 0 0 0 0 0 0 0 0 0 0 0 1 04
0 % 0 % 0 % 0 % 0 % 0 % 0 % 0 % 0 % 0 % 0 % 0 % 0 % 0 %
07 0 0 0 1 0 0 0 0 0 0 0 0 0 0 0 0 0 0 0 0 0 0 0 0 0 0 0 1 07
0 % 0 % 0 % 0 % 0 % 0 % 0 % 0 % 0 % 0 % 0 % 0 % 0 % 0 %
08 0 0 0 0 0 1 0 0 0 0 0 0 0 0 0 0 0 0 0 0 0 0 0 0 0 0 0 1 08
0 % 0 % 0 % 0 % 0 % 0 % 0 % 0 % 0 % 0 % 0 % 0 % 0 % 0 %
1 0 0 0 1 0 0 0 0 0 0 0 0 0 0 0 0 0 0 0 0 0 0 0 0 0 0 0 1 1
0 % 0 % 0 % 0 % 0 % 0 % 0 % 0 % 0 % 0 % 0 % 0 % 0 % 0 %
BARWICK 74 52 48 30 199 166 196 166 0 0 0 0 2 1 0 0 0 0 0 0 0 0 1 1 20 15 540 431 101
70 % 63 % 83 % 85 % 0 % 0 % 50 % 0 % 0 % 0 % 0 % 100 % 75 % 80 %
BOSTON 426 318 277 161 386 297 341 264 1 1 0 0 3 1 3 3 0 0 0 0 2 1 3 0 68 40 1,510 1,086 102
75 % 58 % 77 % 77 % 100 % 0 % 33 % 100 % 0 % 0 % 50 % 0 % 59 % 72 %
CENTRAL 359 265 246 148 992 749 814 614 7 5 5 2 8 7 8 5 0 0 0 0 7 6 5 3 107 71 2,558 1,875 103
74 % 60 % 76 % 75 % 71 % 40 % 88 % 63 % 0 % 0 % 86 % 60 % 66 % 73 %
COOLIDGE 112 70 87 47 333 251 276 204 2 2 3 3 6 2 4 2 0 0 0 0 3 2 1 0 27 14 854 597 104
63 % 54 % 75 % 74 % 100 % 100 % 33 % 50 % 0 % 0 % 67 % 0 % 52 % 70 %
DOUGLASS 901 685 567 348 190 132 134 81 0 0 1 1 2 1 5 3 1 1 0 0 7 4 2 1 97 61 1,907 1,318 105
76 % 61 % 69 % 60 % 0 % 100 % 50 % 60 % 100 % 0 % 57 % 50 % 63 % 69 %
ELLABELLE 53 41 39 28 453 365 374 293 0 0 0 0 1 1 2 1 1 1 0 0 1 1 3 1 33 20 960 752 106
77 % 72 % 81 % 78 % 0 % 0 % 100 % 50 % 100 % 0 % 100 % 33 % 61 % 78 %
FIRE_STATI 105 81 72 52 537 437 461 384 6 4 6 5 8 5 7 4 0 0 0 0 5 2 3 3 55 35 1,265 1,012 107
77 % 72 % 81 % 83 % 67 % 83 % 63 % 57 % 0 % 0 % 40 % 100 % 64 % 80 %
GATLIN_CRE 142 115 92 64 790 604 699 539 2 1 1 1 9 7 7 4 0 0 0 0 5 2 1 0 78 47 1,826 1,384 108
81 % 70 % 76 % 77 % 50 % 100 % 78 % 57 % 0 % 0 % 40 % 0 % 60 % 76 %
HARPER 763 609 493 291 197 152 174 143 1 1 4 2 3 1 3 1 0 0 0 0 3 2 1 1 72 52 1,714 1,255 109
80 % 59 % 77 % 82 % 100 % 50 % 33 % 33 % 0 % 0 % 67 % 100 % 72 % 73 %
JERGER 305 241 190 122 619 512 527 436 1 0 1 0 4 2 4 1 1 0 0 0 3 1 2 0 68 44 1,725 1,359 110
79 % 64 % 83 % 83 % 0 % 0 % 50 % 25 % 0 % 0 % 33 % 0 % 65 % 79 %
MEIGS 207 149 129 72 190 141 170 124 1 0 0 0 5 2 1 1 0 0 0 0 2 2 0 0 39 28 744 519 111
72 % 56 % 74 % 73 % 0 % 0 % 40 % 100 % 0 % 0 % 100 % 0 % 72 % 70 %
MERRILLVIL 112 94 62 45 223 161 209 160 0 0 0 0 0 0 2 0 0 0 0 0 1 0 2 0 23 12 634 472 112
84 % 73 % 72 % 77 % 0 % 0 % 0 % 0 % 0 % 0 % 0 % 0 % 52 % 74 %
METCALFE 34 25 28 19 101 80 93 79 0 0 0 0 0 0 0 0 0 0 0 0 2 2 1 0 5 3 264 208 113
74 % 68 % 79 % 85 % 0 % 0 % 0 % 0 % 0 % 0 % 100 % 0 % 60 % 79 %
NEW_COVENA 143 111 97 64 756 583 669 510 5 4 2 0 5 3 0 0 0 0 0 0 3 2 2 1 74 46 1,756 1,324 114
78 % 66 % 77 % 76 % 80 % 0 % 60 % 0 % 0 % 0 % 67 % 50 % 62 % 75 %
OCHLOCKNEE 80 61 40 19 408 315 387 286 1 1 2 1 3 3 2 0 0 0 1 1 0 0 2 1 49 30 975 718 115
76 % 48 % 77 % 74 % 100 % 50 % 100 % 0 % 0 % 100 % 0 % 50 % 61 % 74 %
PATTEN 21 18 21 12 149 125 132 98 0 0 0 0 0 0 0 0 0 0 0 0 0 0 1 1 9 7 333 261 116
86 % 57 % 84 % 74 % 0 % 0 % 0 % 0 % 0 % 0 % 0 % 100 % 78 % 78 %
PAVO 54 35 36 21 265 204 216 166 1 1 0 0 1 0 0 0 0 0 0 0 2 1 2 2 27 21 604 451 117
65 % 58 % 77 % 77 % 100 % 0 % 0 % 0 % 0 % 0 % 50 % 100 % 78 % 75 %
REMINGTON 239 174 159 91 742 523 572 413 7 4 8 3 5 3 9 3 1 0 0 0 2 2 3 0 89 55 1,836 1,271 118
73 % 57 % 70 % 72 % 57 % 38 % 60 % 33 % 0 % 0 % 100 % 0 % 62 % 69 %
RESOURCE_C 729 578 486 330 41 32 42 34 0 0 0 0 4 3 1 0 0 0 0 0 2 0 1 1 53 31 1,359 1,009 119
79 % 68 % 78 % 81 % 0 % 0 % 75 % 0 % 0 % 0 % 0 % 100 % 58 % 74 %
SCOTT 251 188 111 78 962 801 733 603 4 3 3 1 11 8 10 7 0 0 0 0 9 6 4 3 91 61 2,189 1,759 120
75 % 70 % 83 % 82 % 75 % 33 % 73 % 70 % 0 % 0 % 67 % 75 % 67 % 80 %
1712 0 1 0 0 0 0 0 0 0 0 0 0 0 0 0 0 0 0 0 0 0 0 0 0 0 0 0 1 1712
0 % 0 % 0 % 0 % 0 % 0 % 0 % 0 % 0 % 0 % 0 % 0 % 0 % 0 %
TOTALS 5,110 3,912 3,280 2,044 8,533 6,635 7,219 5,598 39 27 36 19 80 50 68 35 4 2 1 1 59 36 40 19 1,084 694 25,553 19,072 1712
77 % 62 % 78 % 78 % 69 % 53 % 63 % 51 % 50 % 100 % 61 % 48 % 64 % 75 %