0002 0 0 0 0 0 0 0 1 0 0 0 0 0 0 0 0 0 0 0 0 0 0 0 0 0 0 0 1 0002
0 % 0 % 0 % 0 % 0 % 0 % 0 % 0 % 0 % 0 % 0 % 0 % 0 % 0 %
0003 0 0 0 0 0 1 0 0 0 0 0 0 0 0 0 0 0 0 0 0 0 0 0 0 0 0 0 1 0003
0 % 0 % 0 % 0 % 0 % 0 % 0 % 0 % 0 % 0 % 0 % 0 % 0 % 0 %
0018 0 0 0 0 0 0 0 1 0 0 0 0 0 0 0 0 0 0 0 0 0 0 0 0 0 0 0 1 0018
0 % 0 % 0 % 0 % 0 % 0 % 0 % 0 % 0 % 0 % 0 % 0 % 0 % 0 %
TIFTON_NOR 428 266 219 109 1,134 771 843 562 19 10 9 6 33 19 32 15 0 0 0 0 10 6 11 4 74 33 2,812 1,801 01
62 % 50 % 68 % 67 % 53 % 67 % 58 % 47 % 0 % 0 % 60 % 36 % 45 % 64 %
BRIGHTON 60 49 56 33 838 681 842 664 2 1 2 0 11 4 11 7 0 0 0 0 2 0 1 1 28 17 1,853 1,457 02
82 % 59 % 81 % 79 % 50 % 0 % 36 % 64 % 0 % 0 % 0 % 100 % 61 % 79 %
BROOKFIELD 29 21 32 15 564 423 492 363 0 0 4 1 6 3 6 2 0 0 0 0 1 0 1 1 33 16 1,168 845 03
72 % 47 % 75 % 74 % 0 % 25 % 50 % 33 % 0 % 0 % 0 % 100 % 48 % 72 %
CHULA 53 43 30 22 545 444 493 407 2 2 2 1 1 0 1 1 0 0 0 0 1 1 2 1 14 11 1,144 933 04
81 % 73 % 81 % 83 % 100 % 50 % 0 % 100 % 0 % 0 % 100 % 50 % 79 % 82 %
DOCIA 7 5 9 5 472 369 414 326 1 0 0 0 6 3 5 0 0 0 0 0 3 2 2 1 17 7 936 718 05
71 % 56 % 78 % 79 % 0 % 0 % 50 % 0 % 0 % 0 % 67 % 50 % 41 % 77 %
ELDORADO 49 33 32 16 436 307 397 286 1 0 0 0 12 5 10 3 0 0 0 0 2 1 2 1 36 14 977 666 06
67 % 50 % 70 % 72 % 0 % 0 % 42 % 30 % 0 % 0 % 50 % 50 % 39 % 68 %
OMEGA 60 43 35 20 267 185 203 143 2 2 0 0 30 12 15 2 0 0 0 0 4 3 0 0 19 9 635 419 07
72 % 57 % 69 % 70 % 100 % 0 % 40 % 13 % 0 % 0 % 75 % 0 % 47 % 66 %
TY_TY 112 84 83 37 410 295 347 251 1 1 1 0 9 3 4 0 0 0 0 0 3 2 3 0 17 7 990 680 08
75 % 45 % 72 % 72 % 100 % 0 % 33 % 0 % 0 % 0 % 67 % 0 % 41 % 69 %
TIFTON_NOR 249 179 164 90 1,125 842 909 673 15 5 16 3 28 16 32 13 0 0 0 0 9 8 10 3 48 20 2,605 1,852 09
72 % 55 % 75 % 74 % 33 % 19 % 57 % 41 % 0 % 0 % 89 % 30 % 42 % 71 %
1 0 1 0 0 0 0 0 0 0 0 0 0 0 0 0 0 0 0 0 0 0 0 0 0 0 0 0 1 1
0 % 0 % 0 % 0 % 0 % 0 % 0 % 0 % 0 % 0 % 0 % 0 % 0 % 0 %
TIFTON_SOU 853 559 526 279 264 186 221 158 9 3 5 5 3 1 11 3 0 0 0 0 8 4 4 3 57 22 1,961 1,223 10
66 % 53 % 70 % 71 % 33 % 100 % 33 % 27 % 0 % 0 % 50 % 75 % 39 % 62 %
MOTT-LITMA 1,248 858 788 423 185 110 178 109 0 0 0 0 13 3 12 3 0 0 0 0 5 3 5 3 88 37 2,522 1,549 11
69 % 54 % 59 % 61 % 0 % 0 % 23 % 25 % 0 % 0 % 60 % 60 % 42 % 61 %
11062 0 0 0 0 0 1 0 0 0 0 0 0 0 0 0 0 0 0 0 0 0 0 0 0 0 0 0 1 11062
0 % 0 % 0 % 0 % 0 % 0 % 0 % 0 % 0 % 0 % 0 % 0 % 0 % 0 %
1157 0 2 0 0 0 2 0 0 0 0 0 0 0 0 0 0 0 0 0 0 0 0 0 0 0 0 0 4 1157
0 % 0 % 0 % 0 % 0 % 0 % 0 % 0 % 0 % 0 % 0 % 0 % 0 % 0 %
TIFTON_LOD 298 215 204 121 1,099 823 821 601 17 5 9 6 27 5 21 9 1 0 0 0 9 4 8 6 64 33 2,578 1,828 12
72 % 59 % 75 % 73 % 29 % 67 % 19 % 43 % 0 % 0 % 44 % 75 % 52 % 71 %
1529 0 0 0 0 0 1 0 0 0 0 0 0 0 0 0 0 0 0 0 0 0 0 0 0 0 0 0 1 1529
0 % 0 % 0 % 0 % 0 % 0 % 0 % 0 % 0 % 0 % 0 % 0 % 0 % 0 %
1670 0 1 0 0 0 3 0 1 0 0 0 0 0 0 0 0 0 0 0 0 0 0 0 0 0 0 0 5 1670
0 % 0 % 0 % 0 % 0 % 0 % 0 % 0 % 0 % 0 % 0 % 0 % 0 % 0 %
2 0 0 0 0 0 0 0 1 0 0 0 0 0 0 0 0 0 0 0 0 0 0 0 0 0 0 0 1 2
0 % 0 % 0 % 0 % 0 % 0 % 0 % 0 % 0 % 0 % 0 % 0 % 0 % 0 %
4-15C 0 0 0 0 0 1 0 0 0 0 0 0 0 0 0 0 0 0 0 0 0 0 0 0 0 0 0 1 4-15C
0 % 0 % 0 % 0 % 0 % 0 % 0 % 0 % 0 % 0 % 0 % 0 % 0 % 0 %
