SC23A 0 1 0 0 0 0 0 0 0 0 0 0 0 0 0 0 0 0 0 0 0 0 0 0 0 0 0 1 SC23A
0 % 0 % 0 % 0 % 0 % 0 % 0 % 0 % 0 % 0 % 0 % 0 % 0 % 0 %
0050 0 0 0 0 0 0 0 1 0 0 0 0 0 0 0 0 0 0 0 0 0 0 0 0 0 0 0 1 0050
0 % 0 % 0 % 0 % 0 % 0 % 0 % 0 % 0 % 0 % 0 % 0 % 0 % 0 %
02 0 0 0 0 0 0 0 1 0 0 0 0 0 0 0 0 0 0 0 0 0 0 0 0 0 0 0 1 02
0 % 0 % 0 % 0 % 0 % 0 % 0 % 0 % 0 % 0 % 0 % 0 % 0 % 0 %
03 0 0 0 1 0 1 0 0 0 0 0 0 0 0 0 0 0 0 0 0 0 0 0 0 0 0 0 2 03
0 % 0 % 0 % 0 % 0 % 0 % 0 % 0 % 0 % 0 % 0 % 0 % 0 % 0 %
06 0 0 0 0 0 0 0 1 0 0 0 0 0 0 0 0 0 0 0 0 0 0 0 0 0 0 0 1 06
0 % 0 % 0 % 0 % 0 % 0 % 0 % 0 % 0 % 0 % 0 % 0 % 0 % 0 %
1192_BLUE 16 9 20 5 172 129 169 129 3 3 2 0 15 4 8 4 0 0 0 0 2 2 0 0 9 5 416 290 1192
56 % 25 % 75 % 76 % 100 % 0 % 27 % 50 % 0 % 0 % 100 % 0 % 56 % 70 %
1403_MARVI 47 31 36 24 119 91 106 81 0 0 0 0 0 0 1 0 0 0 0 0 2 1 0 0 6 3 317 231 1403
66 % 67 % 76 % 76 % 0 % 0 % 0 % 0 % 0 % 0 % 50 % 0 % 50 % 73 %
1521_HARDE 3 2 2 2 203 144 186 130 0 0 1 1 8 4 4 2 0 0 0 0 4 1 1 0 8 4 420 290 1521
67 % 100 % 71 % 70 % 0 % 100 % 50 % 50 % 0 % 0 % 25 % 0 % 50 % 69 %
15361_LYON 409 254 213 121 556 410 448 320 2 2 4 2 36 21 18 4 0 0 0 0 4 3 2 0 31 15 1,723 1,152 15361
62 % 57 % 74 % 71 % 100 % 50 % 58 % 22 % 0 % 0 % 75 % 0 % 48 % 67 %
15362_SANT 46 30 33 15 578 425 495 364 1 0 1 1 18 8 16 5 0 0 0 0 6 2 5 1 12 7 1,211 858 15362
65 % 45 % 74 % 74 % 0 % 100 % 44 % 31 % 0 % 0 % 33 % 20 % 58 % 71 %
1715_NORMA 11 7 21 6 188 140 176 127 2 0 0 0 0 0 0 0 0 0 0 0 0 0 0 0 10 5 408 285 1715
64 % 29 % 74 % 72 % 0 % 0 % 0 % 0 % 0 % 0 % 0 % 0 % 50 % 70 %
1770_OHOOP 1 0 3 0 73 54 62 49 0 0 0 0 4 0 3 1 0 0 0 0 0 0 0 0 3 1 149 105 1770
0 % 0 % 74 % 79 % 0 % 0 % 0 % 33 % 0 % 0 % 0 % 0 % 33 % 70 %
1823_CENTE 65 62 55 40 498 392 473 351 2 1 2 1 10 4 6 3 0 0 0 0 2 1 2 0 17 8 1,132 863 1823
95 % 73 % 79 % 74 % 50 % 50 % 40 % 50 % 0 % 0 % 50 % 0 % 47 % 76 %
2-4_C 0 1 0 0 0 0 0 0 0 0 0 0 0 0 0 0 0 0 0 0 0 0 0 0 0 0 0 1 2-4_C
0 % 0 % 0 % 0 % 0 % 0 % 0 % 0 % 0 % 0 % 0 % 0 % 0 % 0 %
39_NEWBRAN 9 5 7 4 194 159 185 136 0 0 0 0 5 1 2 1 0 0 0 0 0 0 1 1 5 2 408 309 39
56 % 57 % 82 % 74 % 0 % 0 % 20 % 50 % 0 % 0 % 0 % 100 % 40 % 76 %
4 0 0 0 0 0 1 0 0 0 0 0 0 0 0 0 0 0 0 0 0 0 0 0 0 0 0 0 1 4
0 % 0 % 0 % 0 % 0 % 0 % 0 % 0 % 0 % 0 % 0 % 0 % 0 % 0 %
43_CEDAR_C 11 7 14 7 388 278 353 255 0 0 0 0 5 0 10 2 0 0 0 0 2 1 0 0 11 5 794 555 43
64 % 50 % 72 % 72 % 0 % 0 % 0 % 20 % 0 % 0 % 50 % 0 % 45 % 70 %
511_OLD_HE 630 454 405 244 480 347 387 283 2 1 2 1 11 4 7 4 0 0 0 0 7 3 4 3 39 24 1,974 1,368 511
72 % 60 % 72 % 73 % 50 % 50 % 36 % 57 % 0 % 0 % 43 % 75 % 62 % 69 %
512_S.T.I. 222 153 129 73 400 299 311 253 6 4 8 5 4 2 7 2 1 1 1 0 7 4 2 0 31 9 1,129 805 512
69 % 57 % 75 % 81 % 67 % 63 % 50 % 29 % 100 % 0 % 57 % 0 % 29 % 71 %
513_V.P.D. 184 132 126 68 597 489 507 412 7 3 6 3 11 5 6 4 0 0 0 0 4 3 5 5 28 23 1,481 1,147 513
72 % 54 % 82 % 81 % 43 % 50 % 45 % 67 % 0 % 0 % 75 % 100 % 82 % 77 %
514_S.T.I. 268 213 156 109 546 420 454 345 0 0 4 1 4 3 3 1 0 0 0 0 2 1 1 1 40 21 1,478 1,115 514
79 % 70 % 77 % 76 % 0 % 25 % 75 % 33 % 0 % 0 % 50 % 100 % 53 % 75 %
TOTALS 1,922 1,361 1,220 719 4,992 3,779 4,312 3,238 25 14 30 15 131 56 91 33 1 1 1 0 42 22 23 11 250 132 13,040 9,381 514
71 % 59 % 76 % 75 % 56 % 50 % 43 % 36 % 100 % 0 % 52 % 48 % 53 % 72 %