HA1 0 1 0 0 0 0 0 0 0 0 0 0 0 0 0 0 0 0 0 0 0 0 0 0 0 0 0 1 HA1
0 % 0 % 0 % 0 % 0 % 0 % 0 % 0 % 0 % 0 % 0 % 0 % 0 % 0 %
LM03 0 0 0 0 0 1 0 0 0 0 0 0 0 0 0 0 0 0 0 0 0 0 0 0 0 0 0 1 LM03
0 % 0 % 0 % 0 % 0 % 0 % 0 % 0 % 0 % 0 % 0 % 0 % 0 % 0 %
09 0 0 0 0 0 1 0 0 0 0 0 0 0 0 0 0 0 0 0 0 0 0 0 0 0 0 0 1 09
0 % 0 % 0 % 0 % 0 % 0 % 0 % 0 % 0 % 0 % 0 % 0 % 0 % 0 %
100 0 1 0 0 0 0 0 0 0 0 0 0 0 0 0 0 0 0 0 0 0 0 0 0 0 0 0 1 100
0 % 0 % 0 % 0 % 0 % 0 % 0 % 0 % 0 % 0 % 0 % 0 % 0 % 0 %
YOUNG_HARR 17 11 11 4 1,315 1,068 1,157 922 1 0 5 3 2 0 4 2 0 0 1 0 1 1 2 0 22 10 2,538 2,021 1468
65 % 36 % 81 % 80 % 0 % 60 % 0 % 50 % 0 % 0 % 100 % 0 % 45 % 80 %
TATE_CITY 0 0 0 0 18 13 19 14 0 0 0 0 0 0 0 0 0 0 0 0 0 0 0 0 0 0 37 27 1581
0 % 0 % 72 % 74 % 0 % 0 % 0 % 0 % 0 % 0 % 0 % 0 % 0 % 73 %
3 0 0 0 0 0 1 0 0 0 0 0 0 0 0 0 0 0 0 0 0 0 0 0 0 0 0 0 1 3
0 % 0 % 0 % 0 % 0 % 0 % 0 % 0 % 0 % 0 % 0 % 0 % 0 % 0 %
8 0 0 0 0 0 1 0 0 0 0 0 0 0 0 0 0 0 0 0 0 0 0 0 0 0 0 0 1 8
0 % 0 % 0 % 0 % 0 % 0 % 0 % 0 % 0 % 0 % 0 % 0 % 0 % 0 %
MACEDONIA 1 1 2 0 1,333 1,061 1,248 1,020 2 2 2 0 0 0 1 1 0 0 1 1 1 0 2 2 40 26 2,633 2,114 833
100 % 0 % 80 % 82 % 100 % 0 % 0 % 100 % 0 % 100 % 0 % 100 % 65 % 80 %
HIAWASSEE 3 1 1 1 1,373 1,099 1,162 939 2 2 2 1 5 1 2 2 0 0 0 0 2 1 1 1 24 16 2,577 2,064 990
33 % 100 % 80 % 81 % 100 % 50 % 20 % 100 % 0 % 0 % 50 % 100 % 67 % 80 %
TOTALS 21 15 14 5 4,039 3,245 3,586 2,895 5 4 9 4 7 1 7 5 0 0 2 1 4 2 5 3 86 52 7,785 6,232 990
71 % 36 % 80 % 81 % 80 % 44 % 14 % 71 % 0 % 50 % 50 % 60 % 60 % 80 %