BLACKVILLE 12 11 6 5 108 86 108 79 0 0 0 0 1 1 4 4 0 0 1 1 0 0 0 0 5 1 245 188 BLAC
92 % 83 % 80 % 73 % 0 % 0 % 100 % 100 % 0 % 100 % 0 % 0 % 20 % 77 %
GILLIS_SPR 6 5 7 2 100 65 104 65 0 0 0 0 1 1 0 0 0 0 0 0 0 0 0 0 2 1 220 139 GILL
83 % 29 % 65 % 63 % 0 % 0 % 100 % 0 % 0 % 0 % 0 % 0 % 50 % 63 %
LOTHAIR 27 24 17 7 213 139 184 120 0 0 0 0 0 0 0 0 0 0 0 0 1 1 0 0 2 2 444 293 LOTH
89 % 41 % 65 % 65 % 0 % 0 % 0 % 0 % 0 % 0 % 100 % 0 % 100 % 66 %
OGLETHORPE 12 9 9 5 80 63 84 54 0 0 0 0 0 0 0 0 0 0 0 0 0 0 0 0 3 0 188 131 OGLE
75 % 56 % 79 % 64 % 0 % 0 % 0 % 0 % 0 % 0 % 0 % 0 % 0 % 70 %
ORLAND 4 4 7 2 125 83 114 76 1 0 0 0 0 0 0 0 0 0 0 0 0 0 0 0 6 2 257 167 ORLA
100 % 29 % 66 % 67 % 0 % 0 % 0 % 0 % 0 % 0 % 0 % 0 % 33 % 65 %
SOPERTON 700 539 477 294 739 526 641 441 3 1 2 1 2 0 0 0 0 0 0 0 0 0 1 0 42 26 2,607 1,828 SOPE
77 % 62 % 71 % 69 % 33 % 50 % 0 % 0 % 0 % 0 % 0 % 0 % 62 % 70 %
1502 0 1 0 0 0 0 0 0 0 0 0 0 0 0 0 0 0 0 0 0 0 0 0 0 0 0 0 1 1502
0 % 0 % 0 % 0 % 0 % 0 % 0 % 0 % 0 % 0 % 0 % 0 % 0 % 0 %
TOTALS 761 593 523 315 1,365 962 1,235 835 4 1 2 1 4 2 4 4 0 0 1 1 1 1 1 0 60 32 3,961 2,747 1502
78 % 60 % 70 % 68 % 25 % 50 % 50 % 100 % 0 % 100 % 100 % 0 % 53 % 69 %