HOLLIS_HAN 249 155 116 51 1,592 1,259 1,245 999 12 6 9 4 8 5 10 5 0 0 0 0 7 4 6 2 84 50 3,338 2,540 01
62 % 44 % 79 % 80 % 50 % 44 % 63 % 50 % 0 % 0 % 57 % 33 % 60 % 76 %
ADMINISTRA 1,089 753 658 314 505 315 413 245 3 3 2 1 5 5 7 5 0 0 1 0 10 3 3 1 118 75 2,814 1,720 02
69 % 48 % 62 % 59 % 100 % 50 % 100 % 71 % 0 % 0 % 30 % 33 % 64 % 61 %
HAMMETT_RD 888 666 569 348 920 616 710 459 10 3 9 3 15 8 18 9 0 0 0 0 17 7 9 3 112 63 3,277 2,185 03
75 % 61 % 67 % 65 % 30 % 33 % 53 % 50 % 0 % 0 % 41 % 33 % 56 % 67 %
GRIGGS_CEN 1,264 895 834 474 62 33 57 20 2 1 0 0 2 1 4 0 0 0 0 0 8 4 6 0 67 31 2,306 1,459 04
71 % 57 % 53 % 35 % 50 % 0 % 50 % 0 % 0 % 0 % 50 % 0 % 46 % 63 %
WEST_POINT 702 523 450 267 361 239 302 202 3 1 11 3 2 2 2 1 0 0 0 0 6 3 4 1 61 47 1,904 1,289 05
75 % 59 % 66 % 67 % 33 % 27 % 100 % 50 % 0 % 0 % 50 % 25 % 77 % 68 %
HOGANSVILL 463 333 314 187 914 615 710 474 3 3 3 0 9 5 6 3 1 1 0 0 10 7 10 8 107 65 2,550 1,701 06
72 % 60 % 67 % 67 % 100 % 0 % 56 % 50 % 100 % 0 % 70 % 80 % 61 % 67 %
EAST_VERNO 125 105 103 74 1,200 932 1,072 800 3 2 2 1 4 3 7 6 0 0 0 0 4 2 5 2 93 65 2,618 1,992 07
84 % 72 % 78 % 75 % 67 % 50 % 75 % 86 % 0 % 0 % 50 % 40 % 70 % 76 %
ROSEMONT 148 123 99 70 1,324 1,021 1,163 899 1 1 0 0 9 7 11 8 0 0 0 0 7 2 5 2 73 49 2,840 2,182 08
83 % 71 % 77 % 77 % 100 % 0 % 78 % 73 % 0 % 0 % 29 % 40 % 67 % 77 %
MOUNTVILLE 259 212 183 115 504 379 479 369 3 0 4 2 6 3 2 1 0 0 0 0 3 1 3 1 45 28 1,491 1,111 09
82 % 63 % 75 % 77 % 0 % 50 % 50 % 50 % 0 % 0 % 33 % 33 % 62 % 75 %
MCLENDON 201 177 150 115 1,263 958 1,138 880 3 1 4 2 16 10 7 5 0 0 0 0 18 9 4 3 114 71 2,918 2,231 10
88 % 77 % 76 % 77 % 33 % 50 % 63 % 71 % 0 % 0 % 50 % 75 % 62 % 76 %
LONG_CANE 216 178 167 123 1,021 794 881 664 2 1 4 2 6 4 3 3 0 0 0 0 3 3 4 1 78 52 2,385 1,825 11
82 % 74 % 78 % 75 % 50 % 50 % 67 % 100 % 0 % 0 % 100 % 25 % 67 % 77 %
111 0 1 0 0 0 0 0 0 0 0 0 0 0 0 0 0 0 0 0 0 0 0 0 0 0 0 0 1 111
0 % 0 % 0 % 0 % 0 % 0 % 0 % 0 % 0 % 0 % 0 % 0 % 0 % 0 %
GARDNER_NE 324 254 207 129 681 468 578 406 14 6 18 7 6 3 5 2 0 0 0 0 4 2 7 3 70 38 1,914 1,318 12
78 % 62 % 69 % 70 % 43 % 39 % 50 % 40 % 0 % 0 % 50 % 43 % 54 % 69 %
GRAY_HILL 202 170 147 97 571 420 508 355 0 0 0 0 3 1 5 2 0 0 0 0 3 2 2 1 59 32 1,500 1,080 13
84 % 66 % 74 % 70 % 0 % 0 % 33 % 40 % 0 % 0 % 67 % 50 % 54 % 72 %
LEE'S_CROS 241 185 136 76 440 287 352 230 3 1 6 1 5 2 1 1 0 0 0 0 3 2 5 1 52 27 1,244 813 14
77 % 56 % 65 % 65 % 33 % 17 % 40 % 100 % 0 % 0 % 67 % 20 % 52 % 65 %
HIGHLAND 346 288 220 157 370 260 318 227 4 2 9 3 4 2 6 3 0 0 0 0 2 1 2 1 47 29 1,328 973 15
83 % 71 % 70 % 71 % 50 % 33 % 50 % 50 % 0 % 0 % 50 % 50 % 62 % 73 %
NORTHSIDE 364 266 294 176 830 621 728 549 8 5 11 4 10 5 8 6 0 0 0 0 5 2 7 4 90 52 2,355 1,690 16
73 % 60 % 75 % 75 % 63 % 36 % 50 % 75 % 0 % 0 % 40 % 57 % 58 % 72 %
TOTALS 7,081 5,284 4,647 2,773 12,558 9,217 10,654 7,778 74 36 92 33 110 66 102 60 1 1 1 0 110 54 82 34 1,270 774 36,782 26,110 16
75 % 60 % 73 % 73 % 49 % 36 % 60 % 59 % 100 % 0 % 49 % 41 % 61 % 71 %