DRY_BRANCH 108 80 107 65 520 351 469 314 3 1 1 1 3 0 1 1 0 0 0 0 5 4 3 3 71 32 1,291 852 DB
74 % 61 % 68 % 67 % 33 % 100 % 0 % 100 % 0 % 0 % 80 % 100 % 45 % 66 %
EM6 0 0 0 0 0 1 0 0 0 0 0 0 0 0 0 0 0 0 0 0 0 0 0 0 0 0 0 1 EM6
0 % 0 % 0 % 0 % 0 % 0 % 0 % 0 % 0 % 0 % 0 % 0 % 0 % 0 %
GOLDEN_ISL 424 352 396 288 307 208 291 199 1 0 1 0 7 6 2 0 0 0 0 0 5 3 0 0 75 39 1,509 1,095 GI
83 % 73 % 68 % 68 % 0 % 0 % 86 % 0 % 0 % 0 % 60 % 0 % 52 % 73 %
HIGGSVILLE 109 82 89 56 259 197 233 168 1 1 0 0 0 0 2 2 0 0 0 0 0 0 0 0 21 12 714 518 HV
75 % 63 % 76 % 72 % 100 % 0 % 0 % 100 % 0 % 0 % 0 % 0 % 57 % 73 %
JEFFERSONV 546 444 425 287 244 187 253 185 2 2 1 1 2 1 0 0 0 0 0 0 2 2 0 0 60 34 1,535 1,143 JV/W
81 % 68 % 77 % 73 % 100 % 100 % 50 % 0 % 0 % 0 % 100 % 0 % 57 % 74 %
NSSH 0 1 0 0 0 0 0 0 0 0 0 0 0 0 0 0 0 0 0 0 0 0 0 0 0 0 0 1 NSSH
0 % 0 % 0 % 0 % 0 % 0 % 0 % 0 % 0 % 0 % 0 % 0 % 0 % 0 %
SHADY_GROV 228 186 184 135 204 133 178 132 0 0 1 0 0 0 1 0 0 0 0 0 0 0 0 0 30 18 826 604 SG/T
82 % 73 % 65 % 74 % 0 % 0 % 0 % 0 % 0 % 0 % 0 % 0 % 60 % 73 %
10 0 0 0 0 0 0 0 1 0 0 0 0 0 0 0 0 0 0 0 0 0 0 0 0 0 0 0 1 10
0 % 0 % 0 % 0 % 0 % 0 % 0 % 0 % 0 % 0 % 0 % 0 % 0 % 0 %
TOTALS 1,415 1,145 1,201 831 1,534 1,077 1,424 999 7 4 4 2 12 7 6 3 0 0 0 0 12 9 3 3 257 135 5,875 4,215 10
81 % 69 % 70 % 70 % 57 % 50 % 58 % 50 % 0 % 0 % 75 % 100 % 53 % 72 %