AP09A 0 0 0 0 0 0 0 1 0 0 0 0 0 0 0 0 0 0 0 0 0 0 0 0 0 0 0 1 AP09A
0 % 0 % 0 % 0 % 0 % 0 % 0 % 0 % 0 % 0 % 0 % 0 % 0 % 0 %
RABUN 0 0 0 0 0 1 0 0 0 0 0 0 0 0 0 0 0 0 0 0 0 0 0 0 0 0 0 1 RABUN
0 % 0 % 0 % 0 % 0 % 0 % 0 % 0 % 0 % 0 % 0 % 0 % 0 % 0 %
01 0 0 0 0 0 1 0 0 0 0 0 0 0 0 0 0 0 0 0 0 0 0 0 0 0 0 0 1 01
0 % 0 % 0 % 0 % 0 % 0 % 0 % 0 % 0 % 0 % 0 % 0 % 0 % 0 %
064 0 0 0 0 0 1 0 0 0 0 0 0 0 0 0 0 0 0 0 0 0 0 0 0 0 0 0 1 064
0 % 0 % 0 % 0 % 0 % 0 % 0 % 0 % 0 % 0 % 0 % 0 % 0 % 0 %
BLAIRSVILL 2 0 3 2 967 806 746 615 3 2 2 0 4 3 3 2 0 0 0 0 1 1 4 3 44 31 1,779 1,465 1
0 % 67 % 83 % 82 % 67 % 0 % 75 % 67 % 0 % 0 % 100 % 75 % 70 % 82 %
COOSA 0 0 0 0 862 731 792 663 1 1 2 1 3 0 1 1 1 1 1 0 2 0 0 0 31 28 1,696 1,426 10
0 % 0 % 85 % 84 % 100 % 50 % 0 % 100 % 100 % 0 % 0 % 0 % 90 % 84 %
106 0 0 0 0 0 0 0 0 0 0 0 0 0 1 0 0 0 0 0 0 0 0 0 0 0 0 0 1 106
0 % 0 % 0 % 0 % 0 % 0 % 0 % 0 % 0 % 0 % 0 % 0 % 0 % 0 %
CHOESTOE 1 1 1 1 429 380 450 387 3 2 0 0 4 4 0 0 0 0 0 0 2 1 1 0 30 20 921 796 11
100 % 100 % 89 % 86 % 67 % 0 % 100 % 0 % 0 % 0 % 50 % 0 % 67 % 86 %
JONES_CREE 0 0 1 0 648 568 610 517 1 0 0 0 5 4 1 1 0 0 0 0 1 0 1 1 36 33 1,304 1,124 2
0 % 0 % 88 % 85 % 0 % 0 % 80 % 100 % 0 % 0 % 0 % 100 % 92 % 86 %
OWLTOWN 0 0 0 0 541 467 497 449 2 2 0 0 2 2 2 1 0 0 0 0 2 2 2 0 19 18 1,067 941 3
0 % 0 % 86 % 90 % 100 % 0 % 100 % 50 % 0 % 0 % 100 % 0 % 95 % 88 %
IVY_LOG 0 0 0 0 684 599 607 526 2 2 1 1 2 2 2 2 0 0 0 0 2 1 0 0 32 29 1,332 1,162 4
0 % 0 % 88 % 87 % 100 % 100 % 100 % 100 % 0 % 0 % 50 % 0 % 91 % 87 %
SUCHES 0 0 0 0 222 187 228 198 1 1 0 0 0 0 0 0 0 0 0 0 0 0 0 0 22 18 473 404 5
0 % 0 % 84 % 87 % 100 % 0 % 0 % 0 % 0 % 0 % 0 % 0 % 82 % 85 %
TRACKROCK 1 0 0 0 389 340 368 317 2 1 0 0 1 1 2 1 0 0 0 0 1 1 0 0 18 12 782 673 6
0 % 0 % 87 % 86 % 50 % 0 % 100 % 50 % 0 % 0 % 100 % 0 % 67 % 86 %
DOOLEY 2 2 2 2 484 400 448 381 3 3 0 0 3 1 3 3 0 0 0 0 1 1 0 0 31 29 977 822 7
100 % 100 % 83 % 85 % 100 % 0 % 33 % 100 % 0 % 0 % 100 % 0 % 94 % 84 %
GUMLOG 1 0 1 0 768 640 664 558 2 1 2 1 6 5 5 2 0 0 0 0 2 2 2 1 28 23 1,481 1,233 8
0 % 0 % 83 % 84 % 50 % 50 % 83 % 40 % 0 % 0 % 100 % 50 % 82 % 83 %
PAT_COLWEL 0 0 0 0 669 609 595 519 2 2 0 0 3 3 0 0 0 0 0 0 3 2 2 2 40 29 1,314 1,166 9
0 % 0 % 91 % 87 % 100 % 0 % 100 % 0 % 0 % 0 % 67 % 100 % 73 % 89 %
990 0 0 0 0 0 2 0 1 0 0 0 0 0 0 0 0 0 0 0 0 0 0 0 0 0 0 0 3 990
0 % 0 % 0 % 0 % 0 % 0 % 0 % 0 % 0 % 0 % 0 % 0 % 0 % 0 %
TOTALS 7 3 8 5 6,663 5,732 6,005 5,132 22 17 7 3 33 26 19 13 1 1 1 0 17 11 12 7 331 270 13,126 11,220 990
43 % 63 % 86 % 85 % 77 % 43 % 79 % 68 % 100 % 0 % 65 % 58 % 82 % 85 %