EL05 0 0 0 0 0 0 0 1 0 0 0 0 0 0 0 0 0 0 0 0 0 0 0 0 0 0 0 1 EL05
0 % 0 % 0 % 0 % 0 % 0 % 0 % 0 % 0 % 0 % 0 % 0 % 0 % 0 %
THE_JUG 77 69 56 49 109 96 109 89 0 0 0 0 3 2 1 1 0 0 0 0 0 0 0 0 13 10 368 316 0470
90 % 88 % 88 % 82 % 0 % 0 % 67 % 100 % 0 % 0 % 0 % 0 % 77 % 86 %
REDBONE 465 391 326 236 1,392 1,109 1,213 964 5 3 5 5 1 1 3 2 0 0 0 0 8 4 5 2 158 87 3,581 2,804 0555
84 % 72 % 80 % 79 % 60 % 100 % 100 % 67 % 0 % 0 % 50 % 40 % 55 % 78 %
LINCOLN_PA 302 258 238 167 30 22 21 16 0 0 0 0 0 0 0 0 0 0 1 1 0 0 0 0 31 22 623 486 0561
85 % 70 % 73 % 76 % 0 % 0 % 0 % 0 % 0 % 100 % 0 % 0 % 71 % 78 %
YATESVILLE 48 37 43 23 319 259 295 236 0 0 0 0 1 0 3 2 0 0 0 0 3 1 2 0 31 14 745 572 0588
77 % 53 % 81 % 80 % 0 % 0 % 0 % 67 % 0 % 0 % 33 % 0 % 45 % 77 %
SALEM 159 143 132 115 27 21 20 15 0 0 0 0 0 0 0 0 0 0 0 0 2 2 1 0 16 9 357 305 0589
90 % 87 % 78 % 75 % 0 % 0 % 0 % 0 % 0 % 0 % 100 % 0 % 56 % 85 %
08 0 0 0 0 0 0 0 1 0 0 0 0 0 0 0 0 0 0 0 0 0 0 0 0 0 0 0 1 08
0 % 0 % 0 % 0 % 0 % 0 % 0 % 0 % 0 % 0 % 0 % 0 % 0 % 0 %
13 0 0 0 0 0 0 0 1 0 0 0 0 0 0 0 0 0 0 0 0 0 0 0 0 0 0 0 1 13
0 % 0 % 0 % 0 % 0 % 0 % 0 % 0 % 0 % 0 % 0 % 0 % 0 % 0 %
REEVES 41 31 33 20 736 618 650 512 2 1 1 0 0 0 0 1 0 0 0 0 2 0 0 0 56 30 1,521 1,213 1336
76 % 61 % 84 % 79 % 50 % 0 % 0 % 0 % 0 % 0 % 0 % 0 % 54 % 80 %
THE_ROCK 16 15 16 12 132 109 134 107 0 0 0 0 1 1 0 0 0 0 0 0 2 1 1 1 14 8 316 254 1577
94 % 75 % 83 % 80 % 0 % 0 % 100 % 0 % 0 % 0 % 50 % 100 % 57 % 80 %
ATWATER 41 35 42 29 502 406 457 357 0 0 1 0 0 0 2 0 0 0 1 0 0 0 1 1 41 24 1,088 852 1610
85 % 69 % 81 % 78 % 0 % 0 % 0 % 0 % 0 % 0 % 0 % 100 % 59 % 78 %
1712C 0 0 0 0 0 1 0 0 0 0 0 0 0 0 0 0 0 0 0 0 0 0 0 0 0 0 0 1 1712C
0 % 0 % 0 % 0 % 0 % 0 % 0 % 0 % 0 % 0 % 0 % 0 % 0 % 0 %
29 0 0 0 0 0 1 0 0 0 0 0 0 0 0 0 0 0 0 0 0 0 0 0 0 0 0 0 1 29
0 % 0 % 0 % 0 % 0 % 0 % 0 % 0 % 0 % 0 % 0 % 0 % 0 % 0 %
3 0 0 0 0 0 1 0 0 0 0 0 0 0 0 0 0 0 0 0 0 0 0 0 0 0 0 0 1 3
0 % 0 % 0 % 0 % 0 % 0 % 0 % 0 % 0 % 0 % 0 % 0 % 0 % 0 %
TOWN 1,223 957 723 442 2,151 1,640 1,649 1,255 5 2 12 6 11 8 11 7 2 2 0 0 16 10 10 6 335 178 6,148 4,513 5610
78 % 61 % 76 % 76 % 40 % 50 % 73 % 64 % 100 % 0 % 63 % 60 % 53 % 73 %
8 0 0 0 0 0 0 0 1 0 0 0 0 0 0 0 0 0 0 0 0 0 0 0 0 0 0 0 1 8
0 % 0 % 0 % 0 % 0 % 0 % 0 % 0 % 0 % 0 % 0 % 0 % 0 % 0 %
TOTALS 2,372 1,936 1,609 1,093 5,398 4,283 4,548 3,555 12 6 19 11 17 12 20 13 2 2 2 1 33 18 20 10 695 382 14,747 11,322 8
82 % 68 % 79 % 78 % 50 % 58 % 71 % 65 % 100 % 50 % 55 % 50 % 55 % 77 %