BOYN 0 0 0 0 0 2 0 1 0 0 0 0 0 0 0 0 0 0 0 0 0 0 0 0 0 0 0 3 BOYN
0 % 0 % 0 % 0 % 0 % 0 % 0 % 0 % 0 % 0 % 0 % 0 % 0 % 0 %
CAKT 0 0 0 0 0 1 0 0 0 0 0 0 0 0 0 0 0 0 0 0 0 0 0 0 0 0 0 1 CAKT
0 % 0 % 0 % 0 % 0 % 0 % 0 % 0 % 0 % 0 % 0 % 0 % 0 % 0 %
CHAM 0 0 0 0 0 1 0 0 0 0 0 0 0 0 0 0 0 0 0 0 0 0 0 0 0 0 0 1 CHAM
0 % 0 % 0 % 0 % 0 % 0 % 0 % 0 % 0 % 0 % 0 % 0 % 0 % 0 %
FT_O 0 0 0 1 0 1 0 1 0 0 0 0 0 0 0 0 0 0 0 0 0 0 0 0 0 0 0 3 FT_O
0 % 0 % 0 % 0 % 0 % 0 % 0 % 0 % 0 % 0 % 0 % 0 % 0 % 0 %
LAKE 0 0 0 0 0 0 0 1 0 0 0 0 0 0 0 0 0 0 0 0 0 0 0 0 0 0 0 1 LAKE
0 % 0 % 0 % 0 % 0 % 0 % 0 % 0 % 0 % 0 % 0 % 0 % 0 % 0 %
MC 0 0 0 0 0 1 0 1 0 0 0 0 0 0 0 0 0 0 0 0 0 0 0 0 0 0 0 2 MC
0 % 0 % 0 % 0 % 0 % 0 % 0 % 0 % 0 % 0 % 0 % 0 % 0 % 0 %
POPS 0 0 0 0 0 1 0 1 0 0 0 0 0 0 0 0 0 0 0 0 0 0 0 0 0 0 0 2 POPS
0 % 0 % 0 % 0 % 0 % 0 % 0 % 0 % 0 % 0 % 0 % 0 % 0 % 0 %
RING 0 0 0 0 0 1 0 1 0 0 0 0 0 0 0 0 0 0 0 0 0 0 0 0 0 0 0 2 RING
0 % 0 % 0 % 0 % 0 % 0 % 0 % 0 % 0 % 0 % 0 % 0 % 0 % 0 %
LAFAYETTE 155 113 105 69 2,236 1,433 1,857 1,162 6 4 10 6 8 4 9 5 1 1 0 0 16 10 7 1 230 128 4,640 2,936 0871
73 % 66 % 64 % 63 % 67 % 60 % 50 % 56 % 100 % 0 % 63 % 14 % 56 % 63 %
CENTER_POS 9 7 12 5 888 575 873 559 2 2 0 0 1 0 0 0 0 0 0 0 4 2 3 2 88 58 1,880 1,210 0917
78 % 42 % 65 % 64 % 100 % 0 % 0 % 0 % 0 % 0 % 50 % 67 % 66 % 64 %
ROCK_SPRIN 91 73 69 46 2,283 1,676 2,017 1,474 2 2 4 1 12 8 7 3 0 0 0 0 11 8 6 2 257 166 4,759 3,459 0944
80 % 67 % 73 % 73 % 100 % 25 % 67 % 43 % 0 % 0 % 73 % 33 % 65 % 73 %
ARMUCHEE_V 15 11 17 7 462 344 419 293 0 0 0 0 2 1 2 2 0 0 1 1 4 1 2 1 48 29 972 690 0953
73 % 41 % 74 % 70 % 0 % 0 % 50 % 100 % 0 % 100 % 25 % 50 % 60 % 71 %
1054 0 0 0 0 0 0 0 1 0 0 0 0 0 0 0 0 0 0 0 0 0 0 0 0 0 0 0 1 1054
0 % 0 % 0 % 0 % 0 % 0 % 0 % 0 % 0 % 0 % 0 % 0 % 0 % 0 %
MOUNTAIN 0 0 1 0 432 313 410 276 0 0 0 0 1 1 1 1 0 0 0 0 3 1 0 0 60 37 908 629 1161
0 % 0 % 72 % 67 % 0 % 0 % 100 % 100 % 0 % 0 % 33 % 0 % 62 % 69 %
CHATTANOOG 86 68 58 40 2,447 1,668 2,096 1,481 8 6 5 5 10 8 12 5 0 0 0 0 13 7 5 3 255 149 4,995 3,440 1501
79 % 69 % 68 % 71 % 75 % 100 % 80 % 42 % 0 % 0 % 54 % 60 % 58 % 69 %
KENSINGTON 55 40 41 26 504 363 479 346 1 0 0 0 0 0 0 0 0 0 0 0 5 2 1 1 55 36 1,141 814 1809
73 % 63 % 72 % 72 % 0 % 0 % 0 % 0 % 0 % 0 % 40 % 100 % 65 % 71 %
ROSSVILLE 112 66 71 35 2,425 1,413 1,846 1,112 4 1 1 1 21 5 15 4 1 0 0 0 18 7 7 3 282 150 4,803 2,797 1812
59 % 49 % 58 % 60 % 25 % 100 % 24 % 27 % 0 % 0 % 39 % 43 % 53 % 58 %
CHICKAMAUG 80 68 51 32 2,626 1,883 2,198 1,517 8 6 7 5 2 1 4 2 0 0 1 0 5 2 6 4 281 184 5,269 3,704 1818
85 % 63 % 72 % 69 % 75 % 71 % 50 % 50 % 0 % 0 % 40 % 67 % 65 % 70 %
FAIRYLAND 2 1 1 1 597 461 509 372 1 1 0 0 2 1 2 0 0 0 0 0 0 0 2 1 60 43 1,176 881 1851
50 % 100 % 77 % 73 % 100 % 0 % 50 % 0 % 0 % 0 % 0 % 50 % 72 % 75 %
1889 0 0 0 0 0 0 0 1 0 0 0 0 0 0 0 0 0 0 0 0 0 0 0 0 0 0 0 1 1889
0 % 0 % 0 % 0 % 0 % 0 % 0 % 0 % 0 % 0 % 0 % 0 % 0 % 0 %
FAIRVIEW 63 42 54 30 1,118 692 910 595 4 1 2 1 5 0 1 1 0 0 0 0 8 6 3 1 152 90 2,320 1,459 1893
67 % 56 % 62 % 65 % 25 % 50 % 0 % 100 % 0 % 0 % 75 % 33 % 59 % 63 %
870 0 0 0 0 0 0 0 2 0 0 0 0 0 0 0 0 0 0 0 0 0 0 0 0 0 0 0 2 870
0 % 0 % 0 % 0 % 0 % 0 % 0 % 0 % 0 % 0 % 0 % 0 % 0 % 0 %