UNKNOWN 0 0 0 0 1 1 0 0 0 0 0 0 0 0 0 0 0 0 0 0 0 0 0 0 0 0 1 1 UNKNOWN
0 % 0 % 100 % 0 % 0 % 0 % 0 % 0 % 0 % 0 % 0 % 0 % 0 % 100 %
FS 0 0 0 0 0 1 0 0 0 0 0 0 0 0 0 0 0 0 0 0 0 0 0 0 0 0 0 1 FS
0 % 0 % 0 % 0 % 0 % 0 % 0 % 0 % 0 % 0 % 0 % 0 % 0 % 0 %
JB08 0 0 0 1 0 0 0 0 0 0 0 0 0 0 0 0 0 0 0 0 0 0 0 0 0 0 0 1 JB08
0 % 0 % 0 % 0 % 0 % 0 % 0 % 0 % 0 % 0 % 0 % 0 % 0 % 0 %
MA 0 0 0 0 0 1 0 0 0 0 0 0 0 0 0 0 0 0 0 0 0 0 0 0 0 0 0 1 MA
0 % 0 % 0 % 0 % 0 % 0 % 0 % 0 % 0 % 0 % 0 % 0 % 0 % 0 %
002 0 0 0 0 0 0 0 1 0 0 0 0 0 0 0 0 0 0 0 0 0 0 0 0 0 0 0 1 002
0 % 0 % 0 % 0 % 0 % 0 % 0 % 0 % 0 % 0 % 0 % 0 % 0 % 0 %
016 0 0 0 0 0 1 0 0 0 0 0 0 0 0 0 0 0 0 0 0 0 0 0 0 0 0 0 1 016
0 % 0 % 0 % 0 % 0 % 0 % 0 % 0 % 0 % 0 % 0 % 0 % 0 % 0 %
017 0 0 0 0 0 0 0 1 0 0 0 0 0 0 0 0 0 0 0 0 0 0 0 0 0 0 0 1 017
0 % 0 % 0 % 0 % 0 % 0 % 0 % 0 % 0 % 0 % 0 % 0 % 0 % 0 %
02 0 0 0 0 0 0 0 1 0 0 0 0 0 0 0 0 0 0 0 0 0 0 0 0 0 0 0 1 02
0 % 0 % 0 % 0 % 0 % 0 % 0 % 0 % 0 % 0 % 0 % 0 % 0 % 0 %
020 0 0 0 0 0 0 0 1 0 0 0 0 0 0 0 0 0 0 0 0 0 0 0 0 0 0 0 1 020
0 % 0 % 0 % 0 % 0 % 0 % 0 % 0 % 0 % 0 % 0 % 0 % 0 % 0 %
04 0 0 0 0 0 1 0 1 0 0 0 0 0 0 0 0 0 0 0 0 0 0 0 0 0 0 0 2 04
0 % 0 % 0 % 0 % 0 % 0 % 0 % 0 % 0 % 0 % 0 % 0 % 0 % 0 %
047 0 0 0 0 0 1 0 0 0 0 0 0 0 0 0 0 0 0 0 0 0 0 0 0 0 0 0 1 047
0 % 0 % 0 % 0 % 0 % 0 % 0 % 0 % 0 % 0 % 0 % 0 % 0 % 0 %
05 0 0 0 1 0 0 0 0 0 0 0 0 0 0 0 0 0 0 0 0 0 0 0 0 0 0 0 1 05
0 % 0 % 0 % 0 % 0 % 0 % 0 % 0 % 0 % 0 % 0 % 0 % 0 % 0 %
061 0 0 0 0 0 1 0 0 0 0 0 0 0 0 0 0 0 0 0 0 0 0 0 0 0 0 0 1 061
0 % 0 % 0 % 0 % 0 % 0 % 0 % 0 % 0 % 0 % 0 % 0 % 0 % 0 %
07 0 1 0 0 0 0 0 0 0 0 0 0 0 0 0 0 0 0 0 0 0 0 0 0 0 0 0 1 07
0 % 0 % 0 % 0 % 0 % 0 % 0 % 0 % 0 % 0 % 0 % 0 % 0 % 0 %
07B 0 0 0 0 0 0 0 1 0 0 0 0 0 0 0 0 0 0 0 0 0 0 0 0 0 0 0 1 07B
0 % 0 % 0 % 0 % 0 % 0 % 0 % 0 % 0 % 0 % 0 % 0 % 0 % 0 %
071 0 0 0 0 0 1 0 0 0 0 0 0 0 0 0 0 0 0 0 0 0 0 0 0 0 0 0 1 071
0 % 0 % 0 % 0 % 0 % 0 % 0 % 0 % 0 % 0 % 0 % 0 % 0 % 0 %
10 0 0 0 0 0 2 0 1 0 0 0 0 0 0 0 0 0 0 0 0 0 0 0 0 0 0 0 3 10
0 % 0 % 0 % 0 % 0 % 0 % 0 % 0 % 0 % 0 % 0 % 0 % 0 % 0 %
12 0 0 0 0 0 1 0 0 0 0 0 0 0 0 0 0 0 0 0 0 0 0 0 0 0 0 0 1 12
0 % 0 % 0 % 0 % 0 % 0 % 0 % 0 % 0 % 0 % 0 % 0 % 0 % 0 %
120 0 0 0 0 0 0 0 0 0 0 0 0 0 0 0 0 0 0 0 0 0 1 0 0 0 0 0 1 120
0 % 0 % 0 % 0 % 0 % 0 % 0 % 0 % 0 % 0 % 0 % 0 % 0 % 0 %
146 0 0 0 0 0 0 0 0 0 0 0 0 0 0 0 0 0 0 0 0 0 0 0 0 0 1 0 1 146
0 % 0 % 0 % 0 % 0 % 0 % 0 % 0 % 0 % 0 % 0 % 0 % 0 % 0 %
BOLD_SPRIN 76 64 71 50 1,434 1,193 1,305 1,064 5 2 0 0 13 8 13 7 0 0 0 0 6 5 10 4 448 332 3,381 2,729 1663
84 % 70 % 83 % 82 % 40 % 0 % 62 % 54 % 0 % 0 % 83 % 40 % 74 % 81 %
WHATLEY 34 26 26 20 350 299 344 278 2 0 2 0 2 2 0 0 0 0 0 0 1 1 2 2 96 67 859 695 1675
76 % 77 % 85 % 81 % 0 % 0 % 100 % 0 % 0 % 0 % 100 % 100 % 70 % 81 %
17 0 0 0 0 0 1 0 1 0 0 0 0 0 0 0 0 0 0 0 0 0 0 0 0 0 0 0 2 17
0 % 0 % 0 % 0 % 0 % 0 % 0 % 0 % 0 % 0 % 0 % 0 % 0 % 0 %
18 0 0 0 0 0 0 0 1 0 0 0 0 0 0 0 0 0 0 0 0 0 0 0 0 0 0 0 1 18
0 % 0 % 0 % 0 % 0 % 0 % 0 % 0 % 0 % 0 % 0 % 0 % 0 % 0 %
WALKER_PAR 107 93 95 74 1,166 942 996 790 21 5 19 5 3 2 6 1 0 0 0 0 6 4 11 8 388 249 2,818 2,173 250
87 % 78 % 81 % 79 % 24 % 26 % 67 % 17 % 0 % 0 % 67 % 73 % 64 % 77 %
297 0 0 0 0 0 0 0 1 0 0 0 0 0 0 0 0 0 0 0 0 0 0 0 0 0 0 0 1 297
0 % 0 % 0 % 0 % 0 % 0 % 0 % 0 % 0 % 0 % 0 % 0 % 0 % 0 %
3A 0 0 0 1 0 0 0 0 0 0 0 0 0 0 0 0 0 0 0 0 0 0 0 0 0 0 0 1 3A
0 % 0 % 0 % 0 % 0 % 0 % 0 % 0 % 0 % 0 % 0 % 0 % 0 % 0 %
GRATIS 19 17 18 11 413 347 409 335 1 1 0 0 0 0 2 2 0 0 0 0 2 1 1 1 117 79 982 794 414
89 % 61 % 84 % 82 % 100 % 0 % 0 % 100 % 0 % 0 % 50 % 100 % 68 % 81 %
BETWEEN 156 125 123 92 1,394 1,152 1,214 987 7 5 7 7 13 11 9 6 0 0 0 0 9 8 12 10 484 353 3,428 2,756 415
80 % 75 % 83 % 81 % 71 % 100 % 85 % 67 % 0 % 0 % 89 % 83 % 73 % 80 %
WALNUT_GRO 44 37 32 24 871 651 742 542 2 2 1 1 4 3 8 4 0 0 0 0 4 3 3 3 254 167 1,965 1,437 416
84 % 75 % 75 % 73 % 100 % 100 % 75 % 50 % 0 % 0 % 75 % 100 % 66 % 73 %
LOGANVILLE 111 78 82 48 1,531 1,152 1,320 979 7 4 12 6 14 7 13 4 0 0 0 0 16 8 13 5 601 359 3,720 2,650 417
70 % 59 % 75 % 74 % 57 % 50 % 50 % 31 % 0 % 0 % 50 % 38 % 60 % 71 %
SOCIAL_CIR 521 394 381 243 1,136 914 1,008 784 7 4 4 3 12 9 6 3 0 0 0 0 13 8 8 5 354 229 3,450 2,596 418
76 % 64 % 80 % 78 % 57 % 75 % 75 % 50 % 0 % 0 % 62 % 63 % 65 % 75 %
SOUTH_MONR 272 214 170 111 1,048 783 804 579 8 4 6 1 18 8 15 6 0 0 0 0 7 3 3 3 492 278 2,843 1,990 419
79 % 65 % 75 % 72 % 50 % 17 % 44 % 40 % 0 % 0 % 43 % 100 % 57 % 70 %
NORTH_MONR 962 705 562 325 683 482 518 370 7 3 7 5 10 7 7 2 0 0 1 1 12 6 4 0 562 323 3,335 2,229 420
73 % 58 % 71 % 71 % 43 % 71 % 70 % 29 % 0 % 100 % 50 % 0 % 57 % 67 %
LOGANVILLE 213 156 138 88 1,158 881 1,015 738 10 5 16 7 23 13 14 8 0 0 0 0 13 8 16 6 509 339 3,125 2,249 421
73 % 64 % 76 % 73 % 50 % 44 % 57 % 57 % 0 % 0 % 62 % 38 % 67 % 72 %
WEST_WALTO 83 66 73 54 1,402 1,204 1,277 1,059 4 2 4 1 13 6 15 10 0 0 0 0 7 3 5 2 397 271 3,280 2,678 422
80 % 74 % 86 % 83 % 50 % 25 % 46 % 67 % 0 % 0 % 43 % 40 % 68 % 82 %
BROKEN_ARR 91 70 54 39 1,377 1,064 1,200 921 6 3 8 5 14 8 12 8 0 0 0 0 8 6 5 3 462 297 3,237 2,424 423
77 % 72 % 77 % 77 % 50 % 63 % 57 % 67 % 0 % 0 % 75 % 60 % 64 % 75 %
BAY_CREEK 50 34 43 28 998 809 962 734 6 3 3 1 9 4 10 3 1 1 0 0 9 8 4 3 332 228 2,427 1,856 424
68 % 65 % 81 % 76 % 50 % 33 % 44 % 30 % 100 % 0 % 89 % 75 % 69 % 76 %
E_MONROE 569 379 321 193 767 525 616 415 2 1 2 2 13 6 6 1 0 0 0 0 4 2 4 2 493 253 2,797 1,779 425
67 % 60 % 68 % 67 % 50 % 100 % 46 % 17 % 0 % 0 % 50 % 50 % 51 % 64 %
ATHA_ROAD 79 68 60 46 641 538 603 488 4 3 4 3 5 3 0 0 0 0 0 0 3 3 4 4 190 138 1,593 1,294 426
86 % 77 % 84 % 81 % 75 % 75 % 60 % 0 % 0 % 0 % 100 % 100 % 73 % 81 %
OASIS 184 159 133 101 816 689 726 579 13 3 8 5 11 8 14 8 1 0 0 0 7 5 9 5 388 283 2,310 1,845 427
86 % 76 % 84 % 80 % 23 % 63 % 73 % 57 % 0 % 0 % 71 % 56 % 73 % 80 %
MOUNTAIN 40 35 27 16 392 292 338 258 5 4 3 0 1 1 8 7 0 0 0 0 4 3 0 0 141 86 959 702 454
88 % 59 % 74 % 76 % 80 % 0 % 100 % 88 % 0 % 0 % 75 % 0 % 61 % 73 %
5 0 0 0 0 0 1 0 0 0 0 0 0 0 0 0 0 0 0 0 0 0 0 0 0 0 0 0 1 5
0 % 0 % 0 % 0 % 0 % 0 % 0 % 0 % 0 % 0 % 0 % 0 % 0 % 0 %
JERSEY 18 13 14 6 601 491 534 434 2 2 2 0 2 3 1 0 0 0 0 0 4 2 5 5 143 99 1,326 1,055 502
72 % 43 % 82 % 81 % 100 % 0 % 150 % 0 % 0 % 0 % 50 % 100 % 69 % 80 %
BLASINGAME 29 25 25 20 360 301 343 277 0 0 0 0 0 0 0 0 0 0 0 0 0 0 0 0 119 82 876 705 503
86 % 80 % 84 % 81 % 0 % 0 % 0 % 0 % 0 % 0 % 0 % 0 % 69 % 80 %
GOOD_HOPE 55 43 52 33 552 462 509 421 2 0 1 0 6 6 5 3 0 0 0 0 3 0 2 1 131 89 1,318 1,058 559
78 % 63 % 84 % 83 % 0 % 0 % 100 % 60 % 0 % 0 % 0 % 50 % 68 % 80 %
714A1 0 0 0 0 0 1 0 0 0 0 0 0 0 0 0 0 0 0 0 0 0 0 0 0 0 0 0 1 714A1
0 % 0 % 0 % 0 % 0 % 0 % 0 % 0 % 0 % 0 % 0 % 0 % 0 % 0 %
TOTALS 3,713 2,802 2,500 1,625 19,091 15,185 16,783 13,042 121 56 109 52 186 115 164 83 2 1 1 1 138 88 121 72 7,101 4,602 50,030 37,724 714A1
75 % 65 % 80 % 78 % 46 % 48 % 62 % 51 % 50 % 100 % 64 % 60 % 65 % 75 %