AG 0 0 0 0 0 1 0 0 0 0 0 0 0 0 0 0 0 0 0 0 0 0 0 0 0 0 0 1 AG
0 % 0 % 0 % 0 % 0 % 0 % 0 % 0 % 0 % 0 % 0 % 0 % 0 % 0 %
WARNO 0 0 0 0 0 1 0 1 0 0 0 0 0 0 0 0 0 0 0 0 0 0 0 0 0 0 0 2 WARNO
0 % 0 % 0 % 0 % 0 % 0 % 0 % 0 % 0 % 0 % 0 % 0 % 0 % 0 %
1 0 0 0 1 0 0 0 0 0 0 0 0 0 0 0 0 0 0 0 0 0 0 0 0 0 0 0 1 1
0 % 0 % 0 % 0 % 0 % 0 % 0 % 0 % 0 % 0 % 0 % 0 % 0 % 0 %
DISTRICT_1 1,794 1,279 1,096 635 377 213 272 160 6 2 4 1 8 3 5 3 1 0 0 0 13 7 3 2 136 40 3,715 2,345 100
71 % 58 % 56 % 59 % 33 % 25 % 38 % 60 % 0 % 0 % 54 % 67 % 29 % 63 %
DISTRICT_2 285 191 184 102 879 661 691 527 6 2 5 2 6 5 4 2 0 0 0 0 4 1 3 2 73 30 2,140 1,525 200A
67 % 55 % 75 % 76 % 33 % 40 % 83 % 50 % 0 % 0 % 25 % 67 % 41 % 71 %
DISTRICT_2 358 232 173 92 220 120 176 103 2 1 5 3 2 2 3 2 0 0 0 0 4 1 0 0 32 9 975 565 200B
65 % 53 % 55 % 59 % 50 % 60 % 100 % 67 % 0 % 0 % 25 % 0 % 28 % 58 %
1231-150B 196 153 113 68 1,491 1,105 1,136 861 10 5 7 4 11 6 4 2 1 1 0 0 6 4 3 2 65 31 3,043 2,242 300
78 % 60 % 74 % 76 % 50 % 57 % 55 % 50 % 100 % 0 % 67 % 67 % 48 % 74 %
1231-150C 48 33 26 12 396 269 322 215 3 1 0 0 5 4 5 4 0 0 0 0 1 1 1 1 28 11 835 551 304
69 % 46 % 68 % 67 % 33 % 0 % 80 % 80 % 0 % 0 % 100 % 100 % 39 % 66 %
1231-151 71 57 53 37 1,286 1,004 1,120 885 11 4 13 5 4 3 7 6 0 0 0 0 4 3 9 5 69 33 2,647 2,042 400
80 % 70 % 78 % 79 % 36 % 38 % 75 % 86 % 0 % 0 % 75 % 56 % 48 % 77 %
BEACH-BICK 4 2 6 3 143 113 138 109 0 0 0 0 0 0 0 0 0 0 0 0 0 0 1 0 4 2 296 229 404
50 % 50 % 79 % 79 % 0 % 0 % 0 % 0 % 0 % 0 % 0 % 0 % 50 % 77 %
HAYWOOD 3 3 3 2 239 182 210 158 0 0 0 0 0 0 2 0 0 0 0 0 0 0 0 0 7 3 464 348 405
100 % 67 % 76 % 75 % 0 % 0 % 0 % 0 % 0 % 0 % 0 % 0 % 43 % 75 %
JAMESTOWN 19 11 14 9 672 518 552 418 3 3 2 1 1 0 4 3 0 0 0 0 0 0 0 0 33 10 1,300 973 406
58 % 64 % 77 % 76 % 100 % 50 % 0 % 75 % 0 % 0 % 0 % 0 % 30 % 75 %
MANOR 4 2 3 2 212 167 183 140 0 0 0 0 2 1 1 0 0 0 0 0 0 0 1 0 11 4 417 316 407
50 % 67 % 79 % 77 % 0 % 0 % 50 % 0 % 0 % 0 % 0 % 0 % 36 % 76 %
MILLWOOD 1 1 0 0 174 138 171 140 1 1 1 0 4 2 3 2 0 0 0 0 0 0 1 0 8 5 364 289 408
100 % 0 % 79 % 82 % 100 % 0 % 50 % 67 % 0 % 0 % 0 % 0 % 63 % 79 %
WARESBORO 8 5 9 7 388 295 324 243 0 0 0 0 3 1 2 0 1 0 0 0 1 1 1 1 23 8 760 561 409
63 % 78 % 76 % 75 % 0 % 0 % 33 % 0 % 0 % 0 % 100 % 100 % 35 % 74 %
4923 0 0 0 0 0 1 0 0 0 0 0 0 0 0 0 0 0 0 0 0 0 0 0 0 0 0 0 1 4923
0 % 0 % 0 % 0 % 0 % 0 % 0 % 0 % 0 % 0 % 0 % 0 % 0 % 0 %
8 0 0 0 0 0 1 0 0 0 0 0 0 0 0 0 0 0 0 0 0 0 0 0 0 0 0 0 1 8
0 % 0 % 0 % 0 % 0 % 0 % 0 % 0 % 0 % 0 % 0 % 0 % 0 % 0 %
TOTALS 2,791 1,969 1,680 970 6,477 4,789 5,295 3,960 42 19 37 16 46 27 40 24 3 1 0 0 33 18 23 13 489 186 16,956 11,992 8
71 % 58 % 74 % 75 % 45 % 43 % 59 % 60 % 33 % 0 % 55 % 57 % 38 % 71 %