MILL 0 0 0 0 0 1 0 0 0 0 0 0 0 0 0 0 0 0 0 0 0 0 0 0 0 0 0 1 MILL
0 % 0 % 0 % 0 % 0 % 0 % 0 % 0 % 0 % 0 % 0 % 0 % 0 % 0 %
WARRENTON 760 612 471 303 276 228 246 212 4 4 2 2 1 1 0 0 1 0 2 0 2 2 5 1 18 8 1,788 1,373 1
81 % 64 % 83 % 86 % 100 % 100 % 100 % 0 % 0 % 0 % 100 % 20 % 44 % 77 %
132 0 0 0 0 0 0 0 1 0 0 0 0 0 0 0 0 0 0 0 0 0 0 0 0 0 0 0 1 132
0 % 0 % 0 % 0 % 0 % 0 % 0 % 0 % 0 % 0 % 0 % 0 % 0 % 0 %
CAMAK 65 53 50 37 115 95 100 85 0 0 0 0 2 2 1 0 0 0 0 0 2 2 0 0 3 2 338 276 2
82 % 74 % 83 % 85 % 0 % 0 % 100 % 0 % 0 % 0 % 100 % 0 % 67 % 82 %
NORWOOD 137 118 111 80 61 52 64 53 0 0 0 0 0 0 0 0 0 0 0 0 1 0 1 1 4 3 379 307 3
86 % 72 % 85 % 83 % 0 % 0 % 0 % 0 % 0 % 0 % 0 % 100 % 75 % 81 %
3-13C 0 0 0 1 0 0 0 0 0 0 0 0 0 0 0 0 0 0 0 0 0 0 0 0 0 0 0 1 3-13C
0 % 0 % 0 % 0 % 0 % 0 % 0 % 0 % 0 % 0 % 0 % 0 % 0 % 0 %
3A 0 1 0 0 0 0 0 0 0 0 0 0 0 0 0 0 0 0 0 0 0 0 0 0 0 0 0 1 3A
0 % 0 % 0 % 0 % 0 % 0 % 0 % 0 % 0 % 0 % 0 % 0 % 0 % 0 %
3B 0 1 0 0 0 0 0 0 0 0 0 0 0 0 0 0 0 0 0 0 0 0 0 0 0 0 0 1 3B
0 % 0 % 0 % 0 % 0 % 0 % 0 % 0 % 0 % 0 % 0 % 0 % 0 % 0 %
BEALL_SPRI 142 112 102 73 102 84 97 86 1 0 0 0 1 1 0 0 0 0 0 0 0 0 1 1 4 3 450 360 4
79 % 72 % 82 % 89 % 0 % 0 % 100 % 0 % 0 % 0 % 0 % 100 % 75 % 80 %
RICKETSON 22 17 17 12 87 70 95 72 0 0 0 0 0 0 0 0 0 0 0 0 0 0 0 0 0 0 221 171 5
77 % 71 % 80 % 76 % 0 % 0 % 0 % 0 % 0 % 0 % 0 % 0 % 0 % 77 %
PAN_HANDLE 5 3 5 4 37 23 32 27 0 0 0 0 0 0 0 0 0 0 0 0 0 0 0 0 1 0 80 57 6
60 % 80 % 62 % 84 % 0 % 0 % 0 % 0 % 0 % 0 % 0 % 0 % 0 % 71 %
TOTALS 1,131 917 756 510 678 553 634 536 5 4 2 2 4 4 1 0 1 0 2 0 5 4 7 3 30 16 3,256 2,549 6
81 % 67 % 82 % 85 % 80 % 100 % 100 % 0 % 0 % 0 % 80 % 43 % 53 % 78 %