0083 0 1 0 0 0 0 0 0 0 0 0 0 0 0 0 0 0 0 0 0 0 0 0 0 0 0 0 1 0083
0 % 0 % 0 % 0 % 0 % 0 % 0 % 0 % 0 % 0 % 0 % 0 % 0 % 0 %
08 0 1 0 0 0 0 0 0 0 0 0 0 0 0 0 0 0 0 0 0 0 0 0 0 0 0 0 1 08
0 % 0 % 0 % 0 % 0 % 0 % 0 % 0 % 0 % 0 % 0 % 0 % 0 % 0 %
RIDDLEVILL 116 90 92 59 182 151 163 129 0 0 0 0 0 0 0 0 0 0 0 0 0 0 1 0 9 6 563 435 1253
78 % 64 % 83 % 79 % 0 % 0 % 0 % 0 % 0 % 0 % 0 % 0 % 67 % 77 %
WARTHEN 179 148 119 80 192 158 190 157 0 0 1 1 0 0 0 0 0 0 0 0 0 0 0 0 12 8 693 552 1350
83 % 67 % 82 % 83 % 0 % 100 % 0 % 0 % 0 % 0 % 0 % 0 % 67 % 80 %
TENNILLE 807 608 499 324 481 374 439 348 2 0 1 1 1 1 0 0 0 0 0 0 3 3 3 0 43 31 2,279 1,690 1488
75 % 65 % 78 % 79 % 0 % 100 % 100 % 0 % 0 % 0 % 100 % 0 % 72 % 74 %
OCONEE 133 109 111 89 150 128 129 103 0 0 0 0 0 0 0 0 0 0 0 0 1 1 0 0 5 4 529 434 88
82 % 80 % 85 % 80 % 0 % 0 % 0 % 0 % 0 % 0 % 100 % 0 % 80 % 82 %
HARRISON 175 139 129 83 259 189 281 217 0 0 2 0 5 3 1 1 0 0 0 0 1 1 0 0 17 11 870 644 91
79 % 64 % 73 % 77 % 0 % 0 % 60 % 100 % 0 % 0 % 100 % 0 % 65 % 74 %
DAVISBORO 220 178 136 91 185 136 180 142 0 0 0 0 0 0 1 0 0 0 0 0 2 2 1 1 13 7 738 557 94
81 % 67 % 74 % 79 % 0 % 0 % 0 % 0 % 0 % 0 % 100 % 100 % 54 % 75 %
SANDERSVIL 1,823 1,409 1,196 781 1,337 1,053 1,128 882 5 1 5 2 8 8 4 3 0 0 0 0 5 4 5 4 85 46 5,601 4,193 97
77 % 65 % 79 % 78 % 20 % 40 % 100 % 75 % 0 % 0 % 80 % 80 % 54 % 75 %
DEEPSTEP 58 46 47 35 186 144 166 130 0 0 0 0 0 0 1 1 0 0 0 0 1 1 0 0 6 4 465 361 99
79 % 74 % 77 % 78 % 0 % 0 % 0 % 100 % 0 % 0 % 100 % 0 % 67 % 78 %
TOTALS 3,511 2,729 2,329 1,542 2,972 2,333 2,676 2,108 7 1 9 4 14 12 7 5 0 0 0 0 13 12 10 5 190 117 11,738 8,868 99
78 % 66 % 78 % 79 % 14 % 44 % 86 % 71 % 0 % 0 % 92 % 50 % 62 % 76 %