ODUM 22 18 13 10 472 372 421 335 1 0 0 0 3 2 1 0 0 0 0 0 6 4 2 1 49 23 990 765 1A
82 % 77 % 79 % 80 % 0 % 0 % 67 % 0 % 0 % 0 % 67 % 50 % 47 % 77 %
MADRAY_SPR 7 4 5 3 461 369 377 295 1 1 0 0 0 0 3 1 0 0 0 0 0 1 1 1 36 23 891 698 1B
57 % 60 % 80 % 78 % 100 % 0 % 0 % 33 % 0 % 0 % 0 % 100 % 64 % 78 %
OGLETHORPE 22 17 27 17 676 518 620 467 4 4 3 3 4 0 0 0 0 0 0 0 1 0 0 0 102 48 1,459 1,074 1C
77 % 63 % 77 % 75 % 100 % 100 % 0 % 0 % 0 % 0 % 0 % 0 % 47 % 74 %
1713 0 0 0 0 0 1 0 1 0 0 0 0 0 0 0 0 0 0 0 0 0 0 0 0 0 0 0 2 1713
0 % 0 % 0 % 0 % 0 % 0 % 0 % 0 % 0 % 0 % 0 % 0 % 0 % 0 %
1771 0 0 0 0 0 1 0 0 0 0 0 0 0 0 0 0 0 0 0 0 0 0 0 0 0 0 0 1 1771
0 % 0 % 0 % 0 % 0 % 0 % 0 % 0 % 0 % 0 % 0 % 0 % 0 % 0 %
1923 0 0 0 0 0 1 0 0 0 0 0 0 0 0 0 0 0 0 0 0 0 0 0 0 0 0 0 1 1923
0 % 0 % 0 % 0 % 0 % 0 % 0 % 0 % 0 % 0 % 0 % 0 % 0 % 0 %
2 0 0 0 0 0 1 0 0 0 0 0 0 0 0 0 0 0 0 0 0 0 0 0 0 0 0 0 1 2
0 % 0 % 0 % 0 % 0 % 0 % 0 % 0 % 0 % 0 % 0 % 0 % 0 % 0 %
SCREVEN 113 78 96 52 469 342 436 315 0 0 0 0 1 1 1 0 1 0 0 0 4 2 1 1 72 35 1,194 826 2A
69 % 54 % 73 % 72 % 0 % 0 % 100 % 0 % 0 % 0 % 50 % 100 % 49 % 69 %
RITCH 3 3 5 3 135 107 137 110 0 0 0 0 0 0 0 0 0 0 0 0 0 0 0 0 17 10 297 233 2B
100 % 60 % 79 % 80 % 0 % 0 % 0 % 0 % 0 % 0 % 0 % 0 % 59 % 78 %
EMPIRE 15 9 11 4 412 305 346 254 1 1 0 0 2 1 2 1 0 0 1 1 2 1 3 2 51 27 846 606 2C
60 % 36 % 74 % 73 % 100 % 0 % 50 % 50 % 0 % 100 % 50 % 67 % 53 % 72 %
RED_HILL 55 41 55 41 420 281 356 245 1 1 0 0 2 0 4 0 0 0 1 0 1 1 3 1 57 21 955 632 2D
75 % 75 % 67 % 69 % 100 % 0 % 0 % 0 % 0 % 0 % 100 % 33 % 37 % 66 %
ALTAMAHA 199 145 133 72 853 578 701 482 3 1 4 2 8 6 15 9 0 0 0 0 7 2 5 1 136 59 2,064 1,357 3A
73 % 54 % 68 % 69 % 33 % 50 % 75 % 60 % 0 % 0 % 29 % 20 % 43 % 66 %
GARDI 14 11 12 9 276 193 224 176 1 1 0 0 0 0 1 0 0 0 0 0 0 0 1 1 26 16 555 407 3B
79 % 75 % 70 % 79 % 100 % 0 % 0 % 0 % 0 % 0 % 0 % 100 % 62 % 73 %
MT_PLEASAN 1 1 2 2 134 99 107 85 1 0 0 0 0 0 2 1 0 0 0 0 0 0 0 0 18 11 265 199 3C
100 % 100 % 74 % 79 % 0 % 0 % 0 % 50 % 0 % 0 % 0 % 0 % 61 % 75 %
VFW 387 281 236 138 99 48 60 38 2 0 5 3 10 4 2 1 0 0 0 0 7 4 2 2 48 19 858 538 4A
73 % 58 % 48 % 63 % 0 % 60 % 40 % 50 % 0 % 0 % 57 % 100 % 40 % 63 %
PINE_STREE 276 188 165 86 157 93 127 89 4 0 3 2 5 4 5 3 0 0 0 0 5 3 2 1 62 32 811 501 4B
68 % 52 % 59 % 70 % 0 % 67 % 80 % 60 % 0 % 0 % 60 % 50 % 52 % 62 %
UNITY 254 176 125 81 716 542 564 426 1 0 1 0 15 5 11 4 0 0 0 0 2 2 4 2 114 65 1,807 1,303 5A
69 % 65 % 76 % 76 % 0 % 0 % 33 % 36 % 0 % 0 % 100 % 50 % 57 % 72 %
REC_CENTER 81 48 62 45 542 393 436 345 2 2 5 1 12 7 9 5 0 0 0 0 2 1 3 0 72 41 1,226 888 5B
59 % 73 % 73 % 79 % 100 % 20 % 58 % 56 % 0 % 0 % 50 % 0 % 57 % 72 %
EAST_JESUP 11 10 7 5 196 156 161 127 0 0 1 1 1 0 0 0 0 0 0 0 1 1 2 1 22 16 402 317 5C
91 % 71 % 80 % 79 % 0 % 100 % 0 % 0 % 0 % 0 % 100 % 50 % 73 % 79 %
TOTALS 1,460 1,030 954 568 6,018 4,400 5,073 3,790 22 11 22 12 63 30 56 25 1 0 2 1 38 22 29 14 882 446 14,620 10,349 5C
71 % 60 % 73 % 75 % 50 % 55 % 48 % 45 % 0 % 50 % 58 % 48 % 51 % 71 %