ANTIOCH 54 36 48 27 441 261 369 232 3 2 0 0 156 54 159 67 0 0 0 0 7 4 2 1 182 82 1,421 766 AN
67 % 56 % 59 % 63 % 67 % 0 % 35 % 42 % 0 % 0 % 57 % 50 % 45 % 54 %
BOYN 0 0 0 0 0 0 0 1 0 0 0 0 0 0 0 0 0 0 0 0 0 0 0 0 0 0 0 1 BOYN
0 % 0 % 0 % 0 % 0 % 0 % 0 % 0 % 0 % 0 % 0 % 0 % 0 % 0 %
CARBONDALE 9 4 7 4 609 390 510 339 2 0 2 0 22 9 33 20 0 0 0 0 6 3 0 0 118 61 1,318 830 CA
44 % 57 % 64 % 66 % 0 % 0 % 41 % 61 % 0 % 0 % 50 % 0 % 52 % 63 %
COHUTTA 9 8 15 12 483 341 444 312 3 2 1 1 5 2 12 5 0 0 0 0 2 1 2 1 93 52 1,069 737 CO
89 % 80 % 71 % 70 % 67 % 100 % 40 % 42 % 0 % 0 % 50 % 50 % 56 % 69 %
DAN 0 0 0 0 0 0 0 1 0 0 0 0 0 0 0 0 0 0 0 0 0 0 0 0 0 0 0 1 DAN
0 % 0 % 0 % 0 % 0 % 0 % 0 % 0 % 0 % 0 % 0 % 0 % 0 % 0 %
DUG_GAP 27 19 20 12 1,047 798 954 740 7 4 12 6 100 58 113 64 0 0 0 0 6 4 8 3 179 96 2,473 1,804 DG
70 % 60 % 76 % 78 % 57 % 50 % 58 % 57 % 0 % 0 % 67 % 38 % 54 % 73 %
EP072 0 0 0 0 0 1 0 0 0 0 0 0 0 0 0 0 0 0 0 0 0 0 0 0 0 0 0 1 EP072
0 % 0 % 0 % 0 % 0 % 0 % 0 % 0 % 0 % 0 % 0 % 0 % 0 % 0 %
EASTSIDE 43 36 34 23 448 308 365 232 0 0 1 0 67 31 71 30 0 0 0 0 6 4 6 2 146 57 1,187 723 ES
84 % 68 % 69 % 64 % 0 % 0 % 46 % 42 % 0 % 0 % 67 % 33 % 39 % 61 %
FINCHER 50 44 46 31 612 455 544 385 3 1 1 1 65 31 66 29 0 0 0 0 5 2 3 3 125 60 1,520 1,042 FI
88 % 67 % 74 % 71 % 33 % 100 % 48 % 44 % 0 % 0 % 40 % 100 % 48 % 69 %
GROVE_LEVE 24 16 22 12 652 458 496 356 6 2 3 1 134 65 144 59 0 0 0 0 7 2 4 1 173 80 1,665 1,052 GL
67 % 55 % 70 % 72 % 33 % 33 % 49 % 41 % 0 % 0 % 29 % 25 % 46 % 63 %
LOWER_TENT 2 1 5 2 394 309 358 267 1 0 1 0 3 2 7 3 0 0 1 1 2 1 2 1 65 38 841 625 LT
50 % 40 % 78 % 75 % 0 % 0 % 67 % 43 % 0 % 100 % 50 % 50 % 58 % 74 %
MILL_CREEK 7 5 5 2 557 413 533 358 5 2 1 1 15 6 14 5 0 0 0 0 0 0 2 2 115 65 1,254 859 MC
71 % 40 % 74 % 67 % 40 % 100 % 40 % 36 % 0 % 0 % 0 % 100 % 57 % 69 %
NINTH 21 16 16 14 835 595 714 500 3 0 2 0 41 19 42 14 0 0 0 0 2 2 1 0 170 88 1,847 1,248 NI
76 % 88 % 71 % 70 % 0 % 0 % 46 % 33 % 0 % 0 % 100 % 0 % 52 % 68 %
PLEASANT_G 45 37 45 26 1,581 1,171 1,216 910 7 3 12 9 155 71 157 70 0 0 1 0 9 7 7 5 346 175 3,581 2,484 PG
82 % 58 % 74 % 75 % 43 % 75 % 46 % 45 % 0 % 0 % 78 % 71 % 51 % 69 %
RING 0 0 0 0 0 1 0 0 0 0 0 0 0 0 0 0 0 0 0 0 0 0 0 0 0 0 0 1 RING
0 % 0 % 0 % 0 % 0 % 0 % 0 % 0 % 0 % 0 % 0 % 0 % 0 % 0 %
TUNNEL_HIL 39 32 36 25 1,271 903 1,157 808 7 5 6 2 34 15 36 15 2 0 0 0 4 1 6 2 221 112 2,819 1,920 TH
82 % 69 % 71 % 70 % 71 % 33 % 44 % 42 % 0 % 0 % 25 % 33 % 51 % 68 %
TILTON 0 0 4 2 249 165 223 154 0 0 0 0 15 6 21 8 0 0 0 0 0 0 3 1 63 31 578 367 TI
0 % 50 % 66 % 69 % 0 % 0 % 40 % 38 % 0 % 0 % 0 % 33 % 49 % 63 %
TRICHUM 3 3 5 4 484 379 439 341 1 0 2 1 4 2 3 1 0 0 0 0 4 2 0 0 82 62 1,027 795 TR
100 % 80 % 78 % 78 % 0 % 50 % 50 % 33 % 0 % 0 % 50 % 0 % 76 % 77 %
UPPER_TENT 0 0 0 0 341 79 332 51 1 0 1 0 5 1 2 0 0 0 0 0 0 0 0 0 61 7 743 138 UT
0 % 0 % 23 % 15 % 0 % 0 % 20 % 0 % 0 % 0 % 0 % 0 % 11 % 19 %
VARNELL 65 54 52 37 1,789 1,321 1,581 1,194 15 7 21 10 84 47 72 34 0 0 0 0 9 5 9 7 321 171 4,018 2,887 VA
83 % 71 % 74 % 76 % 47 % 48 % 56 % 47 % 0 % 0 % 56 % 78 % 53 % 72 %
WEST 0 0 0 0 0 1 0 0 0 0 0 0 0 0 0 0 0 0 0 0 0 0 0 0 0 0 0 1 WEST
0 % 0 % 0 % 0 % 0 % 0 % 0 % 0 % 0 % 0 % 0 % 0 % 0 % 0 %
WESTSIDE 36 26 36 27 949 734 797 639 2 0 2 1 36 19 25 12 1 1 1 1 3 2 4 2 153 95 2,045 1,559 WS
72 % 75 % 77 % 80 % 0 % 50 % 53 % 48 % 100 % 100 % 67 % 50 % 62 % 76 %
03 0 0 0 0 0 1 0 0 0 0 0 0 0 0 0 0 0 0 0 0 0 0 0 0 0 0 0 1 03
0 % 0 % 0 % 0 % 0 % 0 % 0 % 0 % 0 % 0 % 0 % 0 % 0 % 0 %
1A 113 75 82 38 590 350 451 272 5 1 6 3 121 65 125 58 0 0 0 0 7 5 10 2 222 99 1,732 968 1A
66 % 46 % 59 % 60 % 20 % 50 % 54 % 46 % 0 % 0 % 71 % 20 % 45 % 56 %
10 0 0 0 0 0 0 0 1 0 0 0 0 0 0 0 0 0 0 0 0 0 0 0 0 0 0 0 1 10
0 % 0 % 0 % 0 % 0 % 0 % 0 % 0 % 0 % 0 % 0 % 0 % 0 % 0 %
1013 0 0 0 0 0 0 0 1 0 0 0 0 0 0 0 0 0 0 0 0 0 0 0 0 0 0 0 1 1013
0 % 0 % 0 % 0 % 0 % 0 % 0 % 0 % 0 % 0 % 0 % 0 % 0 % 0 %
1039 0 0 0 0 0 1 0 0 0 0 0 0 0 0 0 0 0 0 0 0 0 0 0 0 0 0 0 1 1039
0 % 0 % 0 % 0 % 0 % 0 % 0 % 0 % 0 % 0 % 0 % 0 % 0 % 0 %
1054 0 0 0 0 0 1 0 0 0 0 0 0 0 0 0 0 0 0 0 0 0 0 0 0 0 0 0 1 1054
0 % 0 % 0 % 0 % 0 % 0 % 0 % 0 % 0 % 0 % 0 % 0 % 0 % 0 %
1663 0 0 0 0 0 0 0 1 0 0 0 0 0 0 0 0 0 0 0 0 0 0 0 0 0 0 0 1 1663
0 % 0 % 0 % 0 % 0 % 0 % 0 % 0 % 0 % 0 % 0 % 0 % 0 % 0 %
1895 0 0 0 0 0 1 0 0 0 0 0 0 0 1 0 0 0 0 0 0 0 0 0 0 0 0 0 2 1895
0 % 0 % 0 % 0 % 0 % 0 % 0 % 0 % 0 % 0 % 0 % 0 % 0 % 0 %
2A 67 50 71 35 1,038 771 920 694 37 16 36 16 43 24 36 22 2 0 0 0 11 4 17 12 241 131 2,519 1,775 2A
75 % 49 % 74 % 75 % 43 % 44 % 56 % 61 % 0 % 0 % 36 % 71 % 54 % 70 %
3A 29 16 31 19 718 593 638 498 6 3 3 1 63 38 58 28 0 0 0 0 13 6 8 9 113 65 1,680 1,276 3A
55 % 61 % 83 % 78 % 50 % 33 % 60 % 48 % 0 % 0 % 46 % 113 % 58 % 76 %
4A 25 13 23 10 919 457 736 340 16 4 18 3 73 10 91 14 0 0 0 0 9 2 8 3 154 41 2,072 897 4A
52 % 43 % 50 % 46 % 25 % 17 % 14 % 15 % 0 % 0 % 22 % 38 % 27 % 43 %
5A 132 109 98 58 260 146 191 112 2 2 7 3 224 135 201 87 0 0 1 0 7 0 4 2 167 67 1,294 721 5A
83 % 59 % 56 % 59 % 100 % 43 % 60 % 43 % 0 % 0 % 0 % 50 % 40 % 56 %
6-9_C 0 0 0 0 0 0 0 0 0 0 0 0 0 0 0 0 0 0 0 0 0 0 0 0 0 1 0 1 6-9_C
0 % 0 % 0 % 0 % 0 % 0 % 0 % 0 % 0 % 0 % 0 % 0 % 0 % 0 %
6A 111 84 77 43 192 113 150 96 0 0 1 0 137 57 162 77 0 0 0 0 8 3 9 2 136 58 983 533 6A
76 % 56 % 59 % 64 % 0 % 0 % 42 % 48 % 0 % 0 % 38 % 22 % 43 % 54 %
849-A 0 0 0 0 0 1 0 0 0 0 0 0 0 0 0 0 0 0 0 0 0 0 0 0 0 0 0 1 849-A
0 % 0 % 0 % 0 % 0 % 0 % 0 % 0 % 0 % 0 % 0 % 0 % 0 % 0 %
872 0 0 0 0 0 1 0 0 0 0 0 0 0 0 0 0 0 0 0 0 0 0 0 0 0 0 0 1 872
0 % 0 % 0 % 0 % 0 % 0 % 0 % 0 % 0 % 0 % 0 % 0 % 0 % 0 %
980 0 0 0 0 0 0 0 1 0 0 0 0 0 0 0 0 0 0 0 0 0 0 0 0 0 0 0 1 980
0 % 0 % 0 % 0 % 0 % 0 % 0 % 0 % 0 % 0 % 0 % 0 % 0 % 0 %
TOTALS 911 684 778 463 16,459 11,519 14,118 9,836 132 54 139 59 1,602 768 1,650 722 5 1 4 2 127 60 115 61 3,646 1,794 39,686 26,023 980
75 % 60 % 70 % 70 % 41 % 42 % 48 % 44 % 20 % 50 % 47 % 53 % 49 % 66 %