DA 0 0 0 0 0 1 0 0 0 0 0 0 0 0 0 0 0 0 0 0 0 0 0 0 0 0 0 1 DA
0 % 0 % 0 % 0 % 0 % 0 % 0 % 0 % 0 % 0 % 0 % 0 % 0 % 0 %
NE 0 0 0 0 0 0 0 1 0 0 0 0 0 0 0 0 0 0 0 0 0 0 0 0 0 0 0 1 NE
0 % 0 % 0 % 0 % 0 % 0 % 0 % 0 % 0 % 0 % 0 % 0 % 0 % 0 %
BLUE_CREEK 3 1 6 2 881 671 820 618 2 0 1 1 6 3 8 6 0 0 0 0 3 2 4 2 24 12 1,758 1,318 011
33 % 33 % 76 % 75 % 0 % 100 % 50 % 75 % 0 % 0 % 67 % 50 % 50 % 75 %
015 0 0 0 0 0 1 0 0 0 0 0 0 0 0 0 0 0 0 0 0 0 0 0 0 0 0 0 1 015
0 % 0 % 0 % 0 % 0 % 0 % 0 % 0 % 0 % 0 % 0 % 0 % 0 % 0 %
016 0 0 0 0 0 1 0 1 0 0 0 0 0 0 0 0 0 0 0 0 0 0 0 0 0 0 0 2 016
0 % 0 % 0 % 0 % 0 % 0 % 0 % 0 % 0 % 0 % 0 % 0 % 0 % 0 %
BLUE_RIDGE 0 0 0 0 330 262 288 225 1 1 0 0 4 2 1 1 0 0 0 0 2 1 1 1 7 5 634 498 021
0 % 0 % 79 % 78 % 100 % 0 % 50 % 100 % 0 % 0 % 50 % 100 % 71 % 79 %
HELEN 1 0 2 0 217 152 203 139 2 1 4 0 1 1 0 0 0 0 0 0 1 1 2 1 10 9 443 304 031
0 % 0 % 70 % 68 % 50 % 0 % 100 % 0 % 0 % 0 % 100 % 50 % 90 % 69 %
MOSSY_CREE 5 2 9 3 1,061 763 945 695 1 1 1 0 1 1 8 4 0 0 0 0 2 1 1 0 21 13 2,055 1,483 041
40 % 33 % 72 % 74 % 100 % 0 % 100 % 50 % 0 % 0 % 50 % 0 % 62 % 72 %
05 0 0 0 0 0 0 0 1 0 0 0 0 0 0 0 0 0 0 0 0 0 0 0 0 0 0 0 1 05
0 % 0 % 0 % 0 % 0 % 0 % 0 % 0 % 0 % 0 % 0 % 0 % 0 % 0 %
MT_YONAH 62 41 48 25 1,608 1,134 1,291 922 10 6 9 5 14 3 13 5 0 0 0 0 2 1 5 5 60 30 3,122 2,177 051
66 % 52 % 71 % 71 % 60 % 56 % 21 % 38 % 0 % 0 % 50 % 100 % 50 % 70 %
NACOOCHEE 24 19 10 5 591 486 526 429 2 1 0 0 1 1 1 1 0 0 0 0 1 1 3 3 19 14 1,178 960 061
79 % 50 % 82 % 82 % 50 % 0 % 100 % 100 % 0 % 0 % 100 % 100 % 74 % 81 %
ROBERTSTOW 0 0 0 0 144 108 148 108 0 0 1 0 0 0 0 0 0 0 0 0 0 0 1 0 8 6 302 222 071
0 % 0 % 75 % 73 % 0 % 0 % 0 % 0 % 0 % 0 % 0 % 0 % 75 % 74 %
08K 0 0 0 0 0 0 0 1 0 0 0 0 0 0 0 0 0 0 0 0 0 0 0 0 0 0 0 1 08K
0 % 0 % 0 % 0 % 0 % 0 % 0 % 0 % 0 % 0 % 0 % 0 % 0 % 0 %
SHOAL_CREE 2 0 5 2 853 597 733 511 4 4 0 0 13 7 9 7 0 0 0 0 3 2 0 0 29 16 1,651 1,146 081
0 % 40 % 70 % 70 % 100 % 0 % 54 % 78 % 0 % 0 % 67 % 0 % 55 % 69 %
TESNATEE 1 1 1 1 422 326 391 287 0 0 3 2 1 1 1 1 0 0 0 0 0 0 0 0 10 6 830 625 091
100 % 100 % 77 % 73 % 0 % 67 % 100 % 100 % 0 % 0 % 0 % 0 % 60 % 75 %
TOWN_CREEK 3 1 2 2 543 406 519 390 0 0 2 2 1 1 1 1 0 0 0 0 2 2 1 1 15 3 1,089 809 101
33 % 100 % 75 % 75 % 0 % 100 % 100 % 100 % 0 % 0 % 100 % 100 % 20 % 74 %
102 0 0 0 0 0 1 0 0 0 0 0 0 0 0 0 0 0 0 0 0 0 0 0 0 0 0 0 1 102
0 % 0 % 0 % 0 % 0 % 0 % 0 % 0 % 0 % 0 % 0 % 0 % 0 % 0 %
WHITE_CREE 2 2 4 1 665 459 578 422 0 0 0 0 2 3 3 1 0 0 0 0 2 1 1 1 16 9 1,273 899 111
100 % 25 % 69 % 73 % 0 % 0 % 150 % 33 % 0 % 0 % 50 % 100 % 56 % 71 %
TOTALS 103 67 87 41 7,315 5,368 6,442 4,750 22 14 21 10 44 23 45 27 0 0 0 0 18 12 19 14 219 123 14,335 10,449 111
65 % 47 % 73 % 74 % 64 % 48 % 52 % 60 % 0 % 0 % 67 % 74 % 56 % 73 %