ROCHELLE_N 269 220 183 132 51 43 39 29 0 0 0 0 0 0 5 2 0 0 0 0 1 0 0 0 2 1 550 427 1A
82 % 72 % 84 % 74 % 0 % 0 % 0 % 40 % 0 % 0 % 0 % 0 % 50 % 78 %
ABBEVILLE 119 87 82 45 113 78 118 70 0 0 0 0 1 0 1 0 0 0 0 0 0 0 0 0 2 2 436 282 2A
73 % 55 % 69 % 59 % 0 % 0 % 0 % 0 % 0 % 0 % 0 % 0 % 100 % 65 %
PINEVIEW_ 140 115 90 55 159 127 149 128 0 0 0 0 1 0 0 0 1 1 0 0 0 0 2 1 4 5 546 432 2B
82 % 61 % 80 % 86 % 0 % 0 % 0 % 0 % 100 % 0 % 0 % 50 % 125 % 79 %
PITTS_3 48 42 39 26 329 250 280 226 1 0 0 0 4 1 0 1 0 0 0 0 2 1 0 0 7 2 710 549 3A
88 % 67 % 76 % 81 % 0 % 0 % 25 % 0 % 0 % 0 % 50 % 0 % 29 % 77 %
ROCHELLE_S 46 35 35 25 430 339 412 328 0 0 0 0 2 1 4 2 0 0 0 0 0 0 0 0 7 4 936 734 4A
76 % 71 % 79 % 80 % 0 % 0 % 50 % 50 % 0 % 0 % 0 % 0 % 57 % 78 %
ABBEVILLE 111 87 80 51 407 313 359 280 0 0 0 0 0 0 1 1 0 0 1 1 2 2 1 1 7 6 969 742 5A
78 % 64 % 77 % 78 % 0 % 0 % 0 % 100 % 0 % 100 % 100 % 100 % 86 % 77 %
TOTALS 733 586 509 334 1,489 1,150 1,357 1,061 1 0 0 0 8 2 11 6 1 1 1 1 5 3 3 2 29 20 4,147 3,166 5A
80 % 66 % 77 % 78 % 0 % 0 % 25 % 55 % 100 % 100 % 60 % 67 % 69 % 76 %