SENIOR_CIT 537 414 316 201 258 209 244 193 2 2 0 0 1 0 3 0 0 0 1 0 3 3 2 1 17 9 1,384 1,032 1
77 % 64 % 81 % 79 % 100 % 0 % 0 % 0 % 0 % 0 % 100 % 50 % 53 % 75 %
YOUNG_FARM 74 61 73 50 464 403 419 355 1 1 3 3 0 0 1 1 0 0 0 0 1 1 1 0 11 8 1,048 883 2A
82 % 68 % 87 % 85 % 100 % 100 % 0 % 100 % 0 % 0 % 100 % 0 % 73 % 84 %
METASVILLE 78 57 60 38 191 155 180 145 0 0 0 0 0 0 0 0 0 0 0 0 0 0 1 0 10 4 520 399 2B
73 % 63 % 81 % 81 % 0 % 0 % 0 % 0 % 0 % 0 % 0 % 0 % 40 % 77 %
EDWARD_B_P 421 327 250 165 150 116 134 102 1 0 1 1 2 1 0 0 0 0 0 0 0 0 2 1 15 11 976 724 3A
78 % 66 % 77 % 76 % 0 % 100 % 50 % 0 % 0 % 0 % 0 % 50 % 73 % 74 %
RAYLE_CITY 105 79 80 52 185 138 177 146 0 0 0 0 0 0 1 0 0 0 2 1 0 0 0 0 7 2 557 418 3B
75 % 65 % 75 % 82 % 0 % 0 % 0 % 0 % 0 % 50 % 0 % 0 % 29 % 75 %
COURTHOUSE 120 98 90 61 386 318 330 265 1 1 1 1 0 0 1 0 0 0 0 0 1 1 2 1 8 4 940 750 4A
82 % 68 % 82 % 80 % 100 % 100 % 0 % 0 % 0 % 0 % 100 % 50 % 50 % 80 %
TIGNALL_SC 163 132 119 86 228 177 230 179 0 0 0 0 0 0 0 0 0 0 0 0 0 0 1 0 7 3 748 577 4B
81 % 72 % 78 % 78 % 0 % 0 % 0 % 0 % 0 % 0 % 0 % 0 % 43 % 77 %
TOTALS 1,498 1,168 988 653 1,862 1,516 1,714 1,385 5 4 5 5 3 1 6 1 0 0 3 1 5 5 9 3 75 41 6,173 4,783 4B
78 % 66 % 81 % 81 % 80 % 100 % 33 % 17 % 0 % 33 % 100 % 33 % 55 % 77 %