CTY6 0 0 0 0 0 1 0 0 0 0 0 0 0 0 0 0 0 0 0 0 0 0 0 0 0 0 0 1 CTY6
0 % 0 % 0 % 0 % 0 % 0 % 0 % 0 % 0 % 0 % 0 % 0 % 0 % 0 %
BLOODWORTH 4 3 3 3 151 123 145 110 1 1 1 0 0 0 0 0 0 0 0 0 0 0 1 0 6 4 312 244 02
75 % 100 % 81 % 76 % 100 % 0 % 0 % 0 % 0 % 0 % 0 % 0 % 67 % 78 %
GRIFFIN 19 15 17 15 59 57 62 54 0 0 0 0 0 0 0 0 0 0 0 0 0 0 1 0 0 0 158 141 03
79 % 88 % 97 % 87 % 0 % 0 % 0 % 0 % 0 % 0 % 0 % 0 % 0 % 89 %
HIGH_HILL 11 10 10 8 58 51 55 42 1 0 0 0 0 0 0 0 0 0 0 0 0 0 0 0 5 6 140 117 04
91 % 80 % 88 % 76 % 0 % 0 % 0 % 0 % 0 % 0 % 0 % 0 % 120 % 84 %
IRWINTON 229 203 165 113 188 164 158 133 1 1 0 0 0 0 0 0 0 0 0 0 1 1 1 0 8 7 751 622 05
89 % 68 % 87 % 84 % 100 % 0 % 0 % 0 % 0 % 0 % 100 % 0 % 88 % 83 %
IVEY 7 7 10 10 365 285 320 257 0 0 0 0 0 0 1 1 0 0 1 0 0 0 0 0 15 11 719 571 06
100 % 100 % 78 % 80 % 0 % 0 % 0 % 100 % 0 % 0 % 0 % 0 % 73 % 79 %
LORD 164 142 113 96 178 141 168 132 1 1 0 0 0 0 0 0 0 0 0 0 0 0 0 0 9 8 633 520 07
87 % 85 % 79 % 79 % 100 % 0 % 0 % 0 % 0 % 0 % 0 % 0 % 89 % 82 %
MIDWAY 405 368 283 212 94 77 68 59 2 1 2 0 1 0 0 0 0 0 0 0 0 0 1 0 15 9 871 726 08
91 % 75 % 82 % 87 % 50 % 0 % 0 % 0 % 0 % 0 % 0 % 0 % 60 % 83 %
RAMAH 449 382 310 224 381 304 329 273 0 0 1 0 2 0 1 0 0 0 0 0 2 1 4 3 21 16 1,500 1,203 10
85 % 72 % 80 % 83 % 0 % 0 % 0 % 0 % 0 % 0 % 50 % 75 % 76 % 80 %
TURKEY_CRE 59 53 54 46 132 108 119 112 2 2 0 0 0 0 0 0 0 0 0 0 1 1 0 0 7 5 374 327 11
90 % 85 % 82 % 94 % 100 % 0 % 0 % 0 % 0 % 0 % 100 % 0 % 71 % 87 %
321W 0 1 0 0 0 0 0 0 0 0 0 0 0 0 0 0 0 0 0 0 0 0 0 0 0 0 0 1 321W
0 % 0 % 0 % 0 % 0 % 0 % 0 % 0 % 0 % 0 % 0 % 0 % 0 % 0 %
TOTALS 1,347 1,184 965 727 1,606 1,311 1,424 1,172 8 6 4 0 3 0 2 1 0 0 1 0 4 3 8 3 86 66 5,458 4,473 321W
88 % 75 % 82 % 82 % 75 % 0 % 0 % 50 % 0 % 0 % 75 % 38 % 77 % 82 %