CORDE 0 0 0 0 0 1 0 0 0 0 0 0 0 0 0 0 0 0 0 0 0 0 0 0 0 0 0 1 CORDE
0 % 0 % 0 % 0 % 0 % 0 % 0 % 0 % 0 % 0 % 0 % 0 % 0 % 0 %
CS 0 0 0 0 0 0 0 1 0 0 0 0 0 0 0 0 0 0 0 0 0 0 0 0 0 0 0 1 CS
0 % 0 % 0 % 0 % 0 % 0 % 0 % 0 % 0 % 0 % 0 % 0 % 0 % 0 %
LS 0 0 0 0 0 0 0 1 0 0 0 0 0 0 0 0 0 0 0 0 0 0 0 0 0 0 0 1 LS
0 % 0 % 0 % 0 % 0 % 0 % 0 % 0 % 0 % 0 % 0 % 0 % 0 % 0 %
05 0 0 0 0 0 1 0 0 0 0 0 0 0 0 0 0 0 0 0 0 0 0 0 0 0 0 0 1 05
0 % 0 % 0 % 0 % 0 % 0 % 0 % 0 % 0 % 0 % 0 % 0 % 0 % 0 %
09 0 0 0 0 0 1 0 0 0 0 0 0 0 0 0 0 0 0 0 0 0 0 0 0 0 0 0 1 09
0 % 0 % 0 % 0 % 0 % 0 % 0 % 0 % 0 % 0 % 0 % 0 % 0 % 0 %
SYLVESTER 1,016 688 652 358 433 324 356 271 1 0 1 0 2 1 1 1 0 0 0 0 6 4 0 0 52 28 2,520 1,675 1
68 % 55 % 75 % 76 % 0 % 0 % 50 % 100 % 0 % 0 % 67 % 0 % 54 % 66 %
SCOOTERVIL 13 11 7 3 219 167 216 150 2 2 0 0 2 0 2 1 0 0 0 0 2 1 0 0 9 5 472 340 10
85 % 43 % 76 % 69 % 100 % 0 % 0 % 50 % 0 % 0 % 50 % 0 % 56 % 72 %
MINTON 21 16 13 6 184 147 172 139 0 0 0 0 0 0 0 0 0 0 0 0 2 1 1 0 13 9 406 318 11
76 % 46 % 80 % 81 % 0 % 0 % 0 % 0 % 0 % 0 % 50 % 0 % 69 % 78 %
BRIDGEBORO 66 52 56 42 448 324 401 309 2 2 1 1 3 0 0 0 0 0 0 0 4 3 4 1 40 20 1,025 754 12
79 % 75 % 72 % 77 % 100 % 100 % 0 % 0 % 0 % 0 % 75 % 25 % 50 % 74 %
COUNTY_LIN 28 19 32 19 295 191 265 185 0 0 0 0 1 0 0 0 0 0 0 0 3 0 2 1 18 9 644 424 14
68 % 59 % 65 % 70 % 0 % 0 % 0 % 0 % 0 % 0 % 0 % 50 % 50 % 66 %
ISABELLA 80 52 46 26 527 425 481 407 1 1 2 2 2 1 3 0 0 0 0 0 5 5 5 3 23 12 1,175 934 15
65 % 57 % 81 % 85 % 100 % 100 % 50 % 0 % 0 % 0 % 100 % 60 % 52 % 79 %
PINEY_WOOD 52 40 39 20 79 50 71 48 0 0 0 0 0 0 0 0 0 0 0 0 0 0 0 0 10 6 251 164 16
77 % 51 % 63 % 68 % 0 % 0 % 0 % 0 % 0 % 0 % 0 % 0 % 60 % 65 %
SYLVESTER 115 80 66 38 549 414 409 313 1 0 4 1 2 2 1 1 0 0 0 0 2 1 4 1 21 13 1,174 864 2
70 % 58 % 75 % 77 % 0 % 25 % 100 % 100 % 0 % 0 % 50 % 25 % 62 % 74 %
22 0 1 0 0 0 0 0 0 0 0 0 0 0 0 0 0 0 0 0 0 0 0 0 0 0 0 0 1 22
0 % 0 % 0 % 0 % 0 % 0 % 0 % 0 % 0 % 0 % 0 % 0 % 0 % 0 %
28 0 0 0 1 0 0 0 0 0 0 0 0 0 0 0 0 0 0 0 0 0 0 0 0 0 0 0 1 28
0 % 0 % 0 % 0 % 0 % 0 % 0 % 0 % 0 % 0 % 0 % 0 % 0 % 0 %
POULAN 71 58 67 38 302 233 280 210 1 1 0 0 0 0 2 1 0 0 0 0 3 3 1 0 14 11 741 555 3
82 % 57 % 77 % 75 % 100 % 0 % 0 % 50 % 0 % 0 % 100 % 0 % 79 % 75 %
SUMNER 64 44 45 28 278 195 246 184 1 0 1 0 1 1 1 0 0 0 0 0 1 0 1 1 15 8 654 461 4
69 % 62 % 70 % 75 % 0 % 0 % 100 % 0 % 0 % 0 % 0 % 100 % 53 % 70 %
SHINGLER 20 17 18 12 215 181 196 166 0 0 0 0 1 1 1 0 0 0 0 0 0 0 0 0 13 9 464 386 5
85 % 67 % 84 % 85 % 0 % 0 % 100 % 0 % 0 % 0 % 0 % 0 % 69 % 83 %
RED_ROCK 95 78 74 56 374 262 346 247 1 1 1 1 6 4 4 0 0 0 0 0 1 0 3 3 27 12 932 664 6
82 % 76 % 70 % 71 % 100 % 100 % 67 % 0 % 0 % 0 % 0 % 100 % 44 % 71 %
DOLES 17 11 15 11 163 139 161 130 2 2 0 0 1 1 0 0 0 0 0 0 1 0 0 0 11 7 371 301 7
65 % 73 % 85 % 81 % 100 % 0 % 100 % 0 % 0 % 0 % 0 % 0 % 64 % 81 %
OAKFIELD 37 31 35 24 61 43 57 44 2 1 0 0 0 0 0 0 0 0 0 0 2 0 0 0 5 1 199 144 8
84 % 69 % 70 % 77 % 50 % 0 % 0 % 0 % 0 % 0 % 0 % 0 % 20 % 72 %
WARWICK 116 84 77 47 220 165 201 146 1 1 0 0 0 0 2 1 0 0 0 0 1 1 1 1 7 2 626 448 9
72 % 61 % 75 % 73 % 100 % 0 % 0 % 50 % 0 % 0 % 100 % 100 % 29 % 72 %